3.10500e-07	7.77129e-02	4.50000e-02
7.45200e-07	7.33276e-02	4.50000e-02
1.17990e-06	7.10766e-02	4.50000e-02
1.61460e-06	6.95565e-02	4.50000e-02
2.04930e-06	6.84088e-02	4.50000e-02
3.31000e-05	3.07082e-01	3.50000e-01
7.94400e-05	2.79360e-01	3.50000e-01
1.25780e-04	2.65123e-01	3.50000e-01
1.72120e-04	2.55517e-01	3.50000e-01
2.18460e-04	2.48273e-01	3.50000e-01
4.48500e-07	1.07588e-01	6.50000e-02
1.07640e-06	1.01297e-01	6.50000e-02
1.70430e-06	9.80683e-02	6.50000e-02
2.33220e-06	9.58883e-02	6.50000e-02
2.96010e-06	9.42427e-02	6.50000e-02
6.50000e-05	2.85641e-01	3.50000e-01
1.56000e-04	2.58520e-01	3.50000e-01
2.47000e-04	2.44560e-01	3.50000e-01
3.38000e-04	2.35127e-01	3.50000e-01
4.29000e-04	2.28002e-01	3.50000e-01
5.10000e-07	1.06652e-01	6.50000e-02
1.22400e-06	1.00390e-01	6.50000e-02
1.93800e-06	9.71730e-02	6.50000e-02
2.65200e-06	9.50002e-02	6.50000e-02
3.36600e-06	9.33596e-02	6.50000e-02
1.10000e-04	2.69255e-01	3.50000e-01
2.64000e-04	2.42552e-01	3.50000e-01
4.18000e-04	2.28777e-01	3.50000e-01
5.72000e-04	2.19451e-01	3.50000e-01
7.26000e-04	2.12397e-01	3.50000e-01
5.85000e-07	1.35384e-01	8.50000e-02
1.40400e-06	1.27212e-01	8.50000e-02
2.22300e-06	1.23019e-01	8.50000e-02
3.04200e-06	1.20189e-01	8.50000e-02
3.86100e-06	1.18053e-01	8.50000e-02
2.50000e-04	2.44196e-01	3.50000e-01
6.00000e-04	2.18035e-01	3.50000e-01
9.50000e-04	2.04469e-01	3.50000e-01
1.30000e-03	1.95249e-01	3.50000e-01
1.65000e-03	1.88253e-01	3.50000e-01
6.70000e-07	1.34100e-01	8.50000e-02
1.60800e-06	1.25968e-01	8.50000e-02
2.54600e-06	1.21792e-01	8.50000e-02
3.48400e-06	1.18972e-01	8.50000e-02
4.42200e-06	1.16843e-01	8.50000e-02
1.25500e-03	1.96284e-01	3.50000e-01
3.01200e-03	1.70582e-01	3.50000e-01
4.76900e-03	1.57006e-01	3.50000e-01
6.52600e-03	1.47657e-01	3.50000e-01
8.28300e-03	1.40488e-01	3.50000e-01
7.80000e-07	1.32669e-01	8.50000e-02
1.87200e-06	1.24580e-01	8.50000e-02
2.96400e-06	1.20422e-01	8.50000e-02
4.05600e-06	1.17613e-01	8.50000e-02
5.14800e-06	1.15492e-01	8.50000e-02
4.41500e-06	4.13234e-01	4.00000e-01
1.05960e-05	3.79316e-01	4.00000e-01
1.67770e-05	3.62048e-01	4.00000e-01
2.29580e-05	3.50460e-01	4.00000e-01
2.91390e-05	3.41753e-01	4.00000e-01
7.55000e-07	1.67683e-01	1.10000e-01
1.81200e-06	1.57196e-01	1.10000e-01
2.86900e-06	1.51817e-01	1.10000e-01
3.92600e-06	1.48188e-01	1.10000e-01
4.98300e-06	1.45450e-01	1.10000e-01
5.50000e-06	4.04589e-01	4.00000e-01
1.32000e-05	3.71015e-01	4.00000e-01
2.09000e-05	3.53913e-01	4.00000e-01
2.86000e-05	3.42431e-01	4.00000e-01
3.63000e-05	3.33802e-01	4.00000e-01
8.65000e-07	1.66031e-01	1.10000e-01
2.07600e-06	1.55596e-01	1.10000e-01
3.28700e-06	1.50239e-01	1.10000e-01
4.49800e-06	1.46624e-01	1.10000e-01
5.70900e-06	1.43896e-01	1.10000e-01
6.65000e-06	3.97192e-01	4.00000e-01
1.59600e-05	3.63908e-01	4.00000e-01
2.52700e-05	3.46945e-01	4.00000e-01
3.45800e-05	3.35552e-01	4.00000e-01
4.38900e-05	3.26988e-01	4.00000e-01
1.01000e-06	1.64159e-01	1.10000e-01
2.42400e-06	1.53781e-01	1.10000e-01
3.83800e-06	1.48449e-01	1.10000e-01
5.25200e-06	1.44849e-01	1.10000e-01
6.66600e-06	1.42132e-01	1.10000e-01
8.50000e-06	3.87726e-01	4.00000e-01
2.04000e-05	3.54806e-01	4.00000e-01
3.23000e-05	3.38018e-01	4.00000e-01
4.42000e-05	3.26736e-01	4.00000e-01
5.61000e-05	3.18252e-01	4.00000e-01
1.21500e-06	1.61941e-01	1.10000e-01
2.91600e-06	1.51628e-01	1.10000e-01
4.61700e-06	1.46324e-01	1.10000e-01
6.31800e-06	1.42741e-01	1.10000e-01
8.01900e-06	1.40036e-01	1.10000e-01
1.10000e-05	3.77897e-01	4.00000e-01
2.64000e-05	3.45347e-01	4.00000e-01
4.18000e-05	3.28734e-01	4.00000e-01
5.72000e-05	3.17565e-01	4.00000e-01
7.26000e-05	3.09162e-01	4.00000e-01
1.03500e-06	2.14624e-01	1.50000e-01
2.48400e-06	2.00516e-01	1.50000e-01
3.93300e-06	1.93287e-01	1.50000e-01
5.38200e-06	1.88413e-01	1.50000e-01
6.83100e-06	1.84739e-01	1.50000e-01
1.84000e-05	3.58620e-01	4.00000e-01
4.41600e-05	3.26769e-01	4.00000e-01
6.99200e-05	3.10483e-01	4.00000e-01
9.56800e-05	2.99522e-01	4.00000e-01
1.21440e-04	2.91272e-01	4.00000e-01
1.18000e-06	2.12479e-01	1.50000e-01
2.83200e-06	1.98442e-01	1.50000e-01
4.48400e-06	1.91244e-01	1.50000e-01
6.13600e-06	1.86389e-01	1.50000e-01
7.78800e-06	1.82729e-01	1.50000e-01
4.41500e-05	3.26777e-01	4.00000e-01
1.05960e-04	2.95983e-01	4.00000e-01
1.67770e-04	2.80194e-01	4.00000e-01
2.29580e-04	2.69553e-01	4.00000e-01
2.91390e-04	2.61533e-01	4.00000e-01
1.38000e-06	2.09934e-01	1.50000e-01
3.31200e-06	1.95977e-01	1.50000e-01
5.24400e-06	1.88815e-01	1.50000e-01
7.17600e-06	1.83983e-01	1.50000e-01
9.10800e-06	1.80338e-01	1.50000e-01
8.80000e-05	3.02434e-01	4.00000e-01
2.11200e-04	2.72374e-01	4.00000e-01
3.34400e-04	2.56926e-01	4.00000e-01
4.57600e-04	2.46496e-01	4.00000e-01
5.80800e-04	2.38622e-01	4.00000e-01
1.65500e-06	2.07000e-01	1.50000e-01
3.97200e-06	1.93133e-01	1.50000e-01
6.28900e-06	1.86010e-01	1.50000e-01
8.60600e-06	1.81202e-01	1.50000e-01
1.09230e-05	1.77576e-01	1.50000e-01
1.47000e-04	2.84710e-01	4.00000e-01
3.52800e-04	2.55139e-01	4.00000e-01
5.58600e-04	2.39906e-01	4.00000e-01
7.64400e-04	2.29600e-01	4.00000e-01
9.70200e-04	2.21807e-01	4.00000e-01
2.07000e-06	2.03415e-01	1.50000e-01
4.96800e-06	1.89652e-01	1.50000e-01
7.86600e-06	1.82576e-01	1.50000e-01
1.07640e-05	1.77798e-01	1.50000e-01
1.36620e-05	1.74192e-01	1.50000e-01
3.15500e-04	2.58871e-01	4.00000e-01
7.57200e-04	2.29910e-01	4.00000e-01
1.19890e-03	2.14913e-01	4.00000e-01
1.64060e-03	2.04729e-01	4.00000e-01
2.08230e-03	1.97003e-01	4.00000e-01
2.51000e-06	2.00351e-01	1.50000e-01
6.02400e-06	1.86673e-01	1.50000e-01
9.53800e-06	1.79635e-01	1.50000e-01
1.30520e-05	1.74881e-01	1.50000e-01
1.65660e-05	1.71292e-01	1.50000e-01
3.66000e-06	4.94057e-01	5.00000e-01
8.78400e-06	4.52144e-01	5.00000e-01
1.39080e-05	4.30892e-01	5.00000e-01
1.90320e-05	4.16666e-01	5.00000e-01
2.41560e-05	4.05997e-01	5.00000e-01
1.57500e-06	2.64257e-01	2.00000e-01
3.78000e-06	2.45855e-01	2.00000e-01
5.98500e-06	2.36432e-01	2.00000e-01
8.19000e-06	2.30085e-01	2.00000e-01
1.03950e-05	2.25302e-01	2.00000e-01
4.30000e-06	4.86195e-01	5.00000e-01
1.03200e-05	4.44635e-01	5.00000e-01
1.63400e-05	4.23555e-01	5.00000e-01
2.23600e-05	4.09441e-01	5.00000e-01
2.83800e-05	3.98855e-01	5.00000e-01
1.84000e-06	2.60941e-01	2.00000e-01
4.41600e-06	2.42649e-01	2.00000e-01
6.99200e-06	2.33277e-01	2.00000e-01
9.56800e-06	2.26961e-01	2.00000e-01
1.21440e-05	2.22202e-01	2.00000e-01
7.90000e-06	4.57120e-01	5.00000e-01
1.89600e-05	4.16836e-01	5.00000e-01
3.00200e-05	3.96378e-01	5.00000e-01
4.10800e-05	3.82666e-01	5.00000e-01
5.21400e-05	3.72373e-01	5.00000e-01
2.20500e-06	2.57109e-01	2.00000e-01
5.29200e-06	2.38941e-01	2.00000e-01
8.37900e-06	2.29625e-01	2.00000e-01
1.14660e-05	2.23346e-01	2.00000e-01
1.45530e-05	2.18612e-01	2.00000e-01
1.06000e-05	4.43393e-01	5.00000e-01
2.54400e-05	4.03696e-01	5.00000e-01
4.02800e-05	3.83520e-01	5.00000e-01
5.51200e-05	3.69989e-01	5.00000e-01
6.99600e-05	3.59829e-01	5.00000e-01
2.76000e-06	2.52393e-01	2.00000e-01
6.62400e-06	2.34372e-01	2.00000e-01
1.04880e-05	2.25124e-01	2.00000e-01
1.43520e-05	2.18887e-01	2.00000e-01
1.82160e-05	2.14184e-01	2.00000e-01
1.38000e-05	4.31249e-01	5.00000e-01
3.31200e-05	3.92060e-01	5.00000e-01
5.24400e-05	3.72127e-01	5.00000e-01
7.17600e-05	3.58753e-01	5.00000e-01
9.10800e-05	3.48707e-01	5.00000e-01
3.34500e-06	2.48387e-01	2.00000e-01
8.02800e-06	2.30487e-01	2.00000e-01
1.27110e-05	2.21295e-01	2.00000e-01
1.73940e-05	2.15093e-01	2.00000e-01
2.20770e-05	2.10415e-01	2.00000e-01
1.99000e-05	4.14661e-01	5.00000e-01
4.77600e-05	3.76148e-01	5.00000e-01
7.56200e-05	3.56536e-01	5.00000e-01
1.03480e-04	3.43371e-01	5.00000e-01
1.31340e-04	3.33478e-01	5.00000e-01
4.24500e-06	2.43462e-01	2.00000e-01
1.01880e-05	2.25704e-01	2.00000e-01
1.61310e-05	2.16578e-01	2.00000e-01
2.20740e-05	2.10418e-01	2.00000e-01
2.80170e-05	2.05769e-01	2.00000e-01
5.00000e-05	3.74174e-01	5.00000e-01
1.20000e-04	3.37214e-01	5.00000e-01
1.90000e-04	3.18345e-01	5.00000e-01
2.60000e-04	3.05661e-01	5.00000e-01
3.30000e-04	2.96118e-01	5.00000e-01
5.50000e-06	2.38154e-01	2.00000e-01
1.32000e-05	2.20545e-01	2.00000e-01
2.09000e-05	2.11487e-01	2.00000e-01
2.86000e-05	2.05369e-01	2.00000e-01
3.63000e-05	2.00749e-01	2.00000e-01
1.25500e-04	3.35358e-01	5.00000e-01
3.01200e-04	2.99764e-01	5.00000e-01
4.76900e-04	2.81537e-01	5.00000e-01
6.52600e-04	2.69254e-01	5.00000e-01
8.28300e-04	2.59992e-01	5.00000e-01
1.99000e-05	2.12448e-01	2.00000e-01
4.77600e-05	1.95464e-01	2.00000e-01
7.56200e-05	1.86678e-01	2.00000e-01
1.03480e-04	1.80724e-01	2.00000e-01
1.31340e-04	1.76218e-01	2.00000e-01
1.84000e-04	3.19651e-01	5.00000e-01
4.41600e-04	2.84568e-01	5.00000e-01
6.99200e-04	2.66568e-01	5.00000e-01
9.56800e-04	2.54418e-01	5.00000e-01
1.21440e-03	2.45247e-01	5.00000e-01
1.25500e-04	1.77077e-01	2.00000e-01
3.01200e-04	1.60640e-01	2.00000e-01
4.76900e-04	1.52060e-01	2.00000e-01
6.52600e-04	1.46207e-01	2.00000e-01
8.28300e-04	1.41754e-01	2.00000e-01
4.00000e-04	2.88478e-01	5.00000e-01
9.60000e-04	2.54290e-01	5.00000e-01
1.52000e-03	2.36655e-01	5.00000e-01
2.08000e-03	2.24705e-01	5.00000e-01
2.64000e-03	2.15652e-01	5.00000e-01
1.97000e-06	3.10607e-01	2.50000e-01
4.72800e-06	2.87986e-01	2.50000e-01
7.48600e-06	2.76423e-01	2.50000e-01
1.02440e-05	2.68641e-01	2.50000e-01
1.30020e-05	2.62784e-01	2.50000e-01
1.60000e-03	2.34697e-01	5.00000e-01
3.84000e-03	2.01442e-01	5.00000e-01
6.08000e-03	1.83965e-01	5.00000e-01
8.32000e-03	1.71949e-01	5.00000e-01
1.05600e-02	1.62737e-01	5.00000e-01
2.30000e-06	3.06544e-01	2.50000e-01
5.52000e-06	2.84067e-01	2.50000e-01
8.74000e-06	2.72570e-01	2.50000e-01
1.19600e-05	2.64831e-01	2.50000e-01
1.51800e-05	2.59004e-01	2.50000e-01
4.76000e-06	5.76631e-01	6.50000e-01
1.14240e-05	5.24513e-01	6.50000e-01
1.80880e-05	4.98201e-01	6.50000e-01
2.47520e-05	4.80632e-01	6.50000e-01
3.14160e-05	4.67481e-01	6.50000e-01
2.76000e-06	3.01796e-01	2.50000e-01
6.62400e-06	2.79482e-01	2.50000e-01
1.04880e-05	2.68061e-01	2.50000e-01
1.43520e-05	2.60371e-01	2.50000e-01
1.82160e-05	2.54579e-01	2.50000e-01
5.60000e-06	5.66751e-01	6.50000e-01
1.34400e-05	5.15128e-01	6.50000e-01
2.12800e-05	4.89059e-01	6.50000e-01
2.91200e-05	4.71648e-01	6.50000e-01
3.69600e-05	4.58615e-01	6.50000e-01
3.45000e-06	2.96035e-01	2.50000e-01
8.28000e-06	2.73912e-01	2.50000e-01
1.31100e-05	2.62581e-01	2.50000e-01
1.79400e-05	2.54949e-01	2.50000e-01
2.27700e-05	2.49198e-01	2.50000e-01
7.90000e-06	5.46145e-01	6.50000e-01
1.89600e-05	4.95544e-01	6.50000e-01
3.00200e-05	4.69975e-01	6.50000e-01
4.10800e-05	4.52890e-01	6.50000e-01
5.21400e-05	4.40095e-01	6.50000e-01
4.18000e-06	2.91121e-01	2.50000e-01
1.00320e-05	2.69157e-01	2.50000e-01
1.58840e-05	2.57901e-01	2.50000e-01
2.17360e-05	2.50316e-01	2.50000e-01
2.75880e-05	2.44600e-01	2.50000e-01
8.20000e-06	5.43938e-01	6.50000e-01
1.96800e-05	4.93445e-01	6.50000e-01
3.11600e-05	4.67930e-01	6.50000e-01
4.26400e-05	4.50879e-01	6.50000e-01
5.41200e-05	4.38110e-01	6.50000e-01
5.30000e-06	2.85094e-01	2.50000e-01
1.27200e-05	2.63320e-01	2.50000e-01
2.01400e-05	2.52153e-01	2.50000e-01
2.75600e-05	2.44624e-01	2.50000e-01
3.49800e-05	2.38948e-01	2.50000e-01
1.99000e-05	4.92820e-01	6.50000e-01
4.77600e-05	4.44786e-01	6.50000e-01
7.56200e-05	4.20459e-01	6.50000e-01
1.03480e-04	4.04182e-01	6.50000e-01
1.31340e-04	3.91981e-01	6.50000e-01
6.90000e-06	2.78460e-01	2.50000e-01
1.65600e-05	2.56889e-01	2.50000e-01
2.62200e-05	2.45816e-01	2.50000e-01
3.58800e-05	2.38345e-01	2.50000e-01
4.55400e-05	2.32710e-01	2.50000e-01
2.99000e-05	4.70195e-01	6.50000e-01
7.17600e-05	4.23203e-01	6.50000e-01
1.13620e-04	3.99381e-01	6.50000e-01
1.55480e-04	3.83434e-01	6.50000e-01
1.97340e-04	3.71476e-01	6.50000e-01
1.15000e-05	2.65794e-01	2.50000e-01
2.76000e-05	2.44589e-01	2.50000e-01
4.37000e-05	2.33682e-01	2.50000e-01
5.98000e-05	2.26314e-01	2.50000e-01
7.59000e-05	2.20752e-01	2.50000e-01
5.00000e-05	4.42333e-01	6.50000e-01
1.20000e-04	3.96585e-01	6.50000e-01
1.90000e-04	3.73368e-01	6.50000e-01
2.60000e-04	3.57816e-01	6.50000e-01
3.30000e-04	3.46148e-01	6.50000e-01
1.99000e-05	2.52443e-01	2.50000e-01
4.77600e-05	2.31589e-01	2.50000e-01
7.56200e-05	2.20838e-01	2.50000e-01
1.03480e-04	2.13567e-01	2.50000e-01
1.31340e-04	2.08073e-01	2.50000e-01
1.25500e-04	3.94298e-01	6.50000e-01
3.01200e-04	3.50602e-01	6.50000e-01
4.76900e-04	3.28371e-01	6.50000e-01
6.52600e-04	3.13446e-01	6.50000e-01
8.28300e-04	3.02227e-01	6.50000e-01
5.50000e-05	2.28274e-01	2.50000e-01
1.32000e-04	2.07957e-01	2.50000e-01
2.09000e-04	1.97441e-01	2.50000e-01
2.86000e-04	1.90310e-01	2.50000e-01
3.63000e-04	1.84911e-01	2.50000e-01
2.39000e-04	3.61969e-01	6.50000e-01
5.73600e-04	3.19563e-01	6.50000e-01
9.08200e-04	2.97920e-01	6.50000e-01
1.24280e-03	2.83356e-01	6.50000e-01
1.57740e-03	2.72385e-01	6.50000e-01
1.25500e-04	2.09119e-01	2.50000e-01
3.01200e-04	1.89136e-01	2.50000e-01
4.76900e-04	1.78749e-01	2.50000e-01
6.52600e-04	1.71682e-01	2.50000e-01
8.28300e-04	1.66317e-01	2.50000e-01
4.00000e-04	3.36824e-01	6.50000e-01
9.60000e-04	2.95333e-01	6.50000e-01
1.52000e-03	2.74086e-01	6.50000e-01
2.08000e-03	2.59751e-01	6.50000e-01
2.64000e-03	2.48927e-01	6.50000e-01
1.97000e-04	1.98789e-01	2.50000e-01
4.72800e-04	1.78944e-01	2.50000e-01
7.48600e-04	1.68594e-01	2.50000e-01
1.02440e-03	1.61536e-01	2.50000e-01
1.30020e-03	1.56167e-01	2.50000e-01
1.60000e-03	2.71733e-01	6.50000e-01
3.84000e-03	2.32001e-01	6.50000e-01
6.08000e-03	2.11282e-01	6.50000e-01
8.32000e-03	1.97089e-01	6.50000e-01
1.05600e-02	1.86232e-01	6.50000e-01
7.90000e-04	1.67382e-01	2.50000e-01
1.89600e-03	1.47652e-01	2.50000e-01
3.00200e-03	1.37213e-01	2.50000e-01
4.10800e-03	1.30027e-01	2.50000e-01
5.21400e-03	1.24521e-01	2.50000e-01
6.20000e-06	6.68341e-01	8.50000e-01
1.48800e-05	6.03850e-01	8.50000e-01
2.35600e-05	5.71456e-01	8.50000e-01
3.22400e-05	5.49891e-01	8.50000e-01
4.09200e-05	5.33784e-01	8.50000e-01
2.56000e-06	3.93813e-01	3.50000e-01
6.14400e-06	3.63063e-01	3.50000e-01
9.72800e-06	3.47399e-01	3.50000e-01
1.33120e-05	3.36882e-01	3.50000e-01
1.68960e-05	3.28978e-01	3.50000e-01
6.90000e-06	6.60259e-01	8.50000e-01
1.65600e-05	5.96223e-01	8.50000e-01
2.62200e-05	5.64053e-01	8.50000e-01
3.58800e-05	5.42634e-01	8.50000e-01
4.55400e-05	5.26635e-01	8.50000e-01
2.56000e-06	3.93813e-01	3.50000e-01
6.14400e-06	3.63063e-01	3.50000e-01
9.72800e-06	3.47399e-01	3.50000e-01
1.33120e-05	3.36882e-01	3.50000e-01
1.68960e-05	3.28978e-01	3.50000e-01
1.00000e-05	6.32664e-01	8.50000e-01
2.40000e-05	5.70172e-01	8.50000e-01
3.80000e-05	5.38760e-01	8.50000e-01
5.20000e-05	5.17835e-01	8.50000e-01
6.60000e-05	5.02200e-01	8.50000e-01
3.05000e-06	3.87560e-01	3.50000e-01
7.32000e-06	3.57056e-01	3.50000e-01
1.15900e-05	3.41509e-01	3.50000e-01
1.58600e-05	3.31069e-01	3.50000e-01
2.01300e-05	3.23221e-01	3.50000e-01
1.00000e-05	6.32664e-01	8.50000e-01
2.40000e-05	5.70172e-01	8.50000e-01
3.80000e-05	5.38760e-01	8.50000e-01
5.20000e-05	5.17835e-01	8.50000e-01
6.60000e-05	5.02200e-01	8.50000e-01
3.31000e-06	3.84658e-01	3.50000e-01
7.94400e-06	3.54266e-01	3.50000e-01
1.25780e-05	3.38773e-01	3.50000e-01
1.72120e-05	3.28367e-01	3.50000e-01
2.18460e-05	3.20545e-01	3.50000e-01
1.99000e-05	5.83246e-01	8.50000e-01
4.77600e-05	5.23469e-01	8.50000e-01
7.56200e-05	4.93379e-01	8.50000e-01
1.03480e-04	4.73319e-01	8.50000e-01
1.31340e-04	4.58322e-01	8.50000e-01
4.14000e-06	3.76775e-01	3.50000e-01
9.93600e-06	3.46685e-01	3.50000e-01
1.57320e-05	3.31337e-01	3.50000e-01
2.15280e-05	3.21024e-01	3.50000e-01
2.73240e-05	3.13269e-01	3.50000e-01
2.50000e-05	5.67344e-01	8.50000e-01
6.00000e-05	5.08423e-01	8.50000e-01
9.50000e-05	4.78749e-01	8.50000e-01
1.30000e-04	4.58962e-01	8.50000e-01
1.65000e-04	4.44167e-01	8.50000e-01
5.00000e-06	3.70189e-01	3.50000e-01
1.20000e-05	3.40346e-01	3.50000e-01
1.90000e-05	3.25116e-01	3.50000e-01
2.60000e-05	3.14879e-01	3.50000e-01
3.30000e-05	3.07179e-01	3.50000e-01
5.00000e-05	5.20429e-01	8.50000e-01
1.20000e-04	4.63977e-01	8.50000e-01
1.90000e-04	4.35510e-01	8.50000e-01
2.60000e-04	4.16516e-01	8.50000e-01
3.30000e-04	4.02305e-01	8.50000e-01
6.35000e-06	3.61928e-01	3.50000e-01
1.52400e-05	3.32389e-01	3.50000e-01
2.41300e-05	3.17304e-01	3.50000e-01
3.30200e-05	3.07160e-01	3.50000e-01
4.19100e-05	2.99527e-01	3.50000e-01
1.25500e-04	4.61166e-01	8.50000e-01
3.01200e-04	4.07725e-01	8.50000e-01
4.76900e-04	3.80724e-01	8.50000e-01
6.52600e-04	3.62673e-01	8.50000e-01
8.28300e-04	3.49145e-01	8.50000e-01
8.25000e-06	3.52980e-01	3.50000e-01
1.98000e-05	3.23762e-01	3.50000e-01
3.13500e-05	3.08830e-01	3.50000e-01
4.29000e-05	2.98783e-01	3.50000e-01
5.44500e-05	2.91220e-01	3.50000e-01
4.00000e-04	3.90976e-01	8.50000e-01
9.60000e-04	3.40851e-01	8.50000e-01
1.52000e-03	3.15378e-01	8.50000e-01
2.08000e-03	2.98272e-01	8.50000e-01
2.64000e-03	2.85400e-01	8.50000e-01
1.60000e-05	3.30778e-01	3.50000e-01
3.84000e-05	3.02320e-01	3.50000e-01
6.08000e-05	2.87741e-01	3.50000e-01
8.32000e-05	2.77918e-01	3.50000e-01
1.05600e-04	2.70517e-01	3.50000e-01
1.60000e-03	3.12566e-01	8.50000e-01
3.84000e-03	2.65350e-01	8.50000e-01
6.08000e-03	2.40939e-01	8.50000e-01
8.32000e-03	2.24289e-01	8.50000e-01
1.05600e-02	2.11586e-01	8.50000e-01
8.80000e-06	7.94032e-01	1.20000e+00
2.11200e-05	7.10689e-01	1.20000e+00
3.34400e-05	6.69132e-01	1.20000e+00
4.57600e-05	6.41586e-01	1.20000e+00
5.80800e-05	6.21076e-01	1.20000e+00
4.00000e-05	9.99126e-01	2.70000e+00
9.60000e-05	8.68607e-01	2.70000e+00
1.52000e-04	8.04792e-01	2.70000e+00
2.08000e-04	7.62979e-01	2.70000e+00
2.64000e-04	7.32108e-01	2.70000e+00
1.00000e-05	7.81508e-01	1.20000e+00
2.40000e-05	6.98982e-01	1.20000e+00
3.80000e-05	6.57827e-01	1.20000e+00
5.20000e-05	6.30544e-01	1.20000e+00
6.60000e-05	6.10228e-01	1.20000e+00
4.00000e-05	9.99126e-01	2.70000e+00
9.60000e-05	8.68607e-01	2.70000e+00
1.52000e-04	8.04792e-01	2.70000e+00
2.08000e-04	7.62979e-01	2.70000e+00
2.64000e-04	7.32108e-01	2.70000e+00
1.00000e-05	7.81508e-01	1.20000e+00
2.40000e-05	6.98982e-01	1.20000e+00
3.80000e-05	6.57827e-01	1.20000e+00
5.20000e-05	6.30544e-01	1.20000e+00
6.60000e-05	6.10228e-01	1.20000e+00
6.50000e-05	9.25249e-01	2.70000e+00
1.56000e-04	8.01277e-01	2.70000e+00
2.47000e-04	7.40649e-01	2.70000e+00
3.38000e-04	7.00915e-01	2.70000e+00
4.29000e-04	6.71569e-01	2.70000e+00
1.60000e-05	7.36512e-01	1.20000e+00
3.84000e-05	6.56906e-01	1.20000e+00
6.08000e-05	6.17180e-01	1.20000e+00
8.32000e-05	5.90833e-01	1.20000e+00
1.05600e-04	5.71209e-01	1.20000e+00
1.00000e-04	8.62812e-01	2.70000e+00
2.40000e-04	7.44357e-01	2.70000e+00
3.80000e-04	6.86407e-01	2.70000e+00
5.20000e-04	6.48410e-01	2.70000e+00
6.60000e-04	6.20332e-01	2.70000e+00
1.60000e-05	7.36512e-01	1.20000e+00
3.84000e-05	6.56906e-01	1.20000e+00
6.08000e-05	6.17180e-01	1.20000e+00
8.32000e-05	5.90833e-01	1.20000e+00
1.05600e-04	5.71209e-01	1.20000e+00
1.60000e-04	7.97859e-01	2.70000e+00
3.84000e-04	6.85119e-01	2.70000e+00
6.08000e-04	6.29920e-01	2.70000e+00
8.32000e-04	5.93695e-01	2.70000e+00
1.05600e-03	5.66906e-01	2.70000e+00
3.15500e-05	6.74314e-01	1.20000e+00
7.57200e-05	5.98682e-01	1.20000e+00
1.19890e-04	5.60900e-01	1.20000e+00
1.64060e-04	5.35830e-01	1.20000e+00
2.08230e-04	5.17151e-01	1.20000e+00
2.50000e-04	7.39096e-01	2.70000e+00
6.00000e-04	6.31475e-01	2.70000e+00
9.50000e-04	5.78715e-01	2.70000e+00
1.30000e-03	5.44051e-01	2.70000e+00
1.65000e-03	5.18391e-01	2.70000e+00
4.00000e-05	6.53321e-01	1.20000e+00
9.60000e-05	5.79013e-01	1.20000e+00
1.52000e-04	5.41880e-01	1.20000e+00
2.08000e-04	5.17237e-01	1.20000e+00
2.64000e-04	4.98873e-01	1.20000e+00
4.00000e-04	6.80109e-01	2.70000e+00
9.60000e-04	5.77540e-01	2.70000e+00
1.52000e-03	5.27158e-01	2.70000e+00
2.08000e-03	4.94003e-01	2.70000e+00
2.64000e-03	4.69419e-01	2.70000e+00
6.50000e-05	6.11518e-01	1.20000e+00
1.56000e-04	5.39818e-01	1.20000e+00
2.47000e-04	5.03969e-01	1.20000e+00
3.38000e-04	4.80166e-01	1.20000e+00
4.29000e-04	4.62420e-01	1.20000e+00
6.50000e-04	6.22109e-01	2.70000e+00
1.56000e-03	5.24376e-01	2.70000e+00
2.47000e-03	4.76231e-01	2.70000e+00
3.38000e-03	4.44460e-01	2.70000e+00
4.29000e-03	4.20836e-01	2.70000e+00
7.90000e-05	5.95142e-01	1.20000e+00
1.89600e-04	5.24456e-01	1.20000e+00
3.00200e-04	4.89104e-01	1.20000e+00
4.10800e-04	4.65625e-01	1.20000e+00
5.21400e-04	4.48115e-01	1.20000e+00
1.00000e-03	5.72973e-01	2.70000e+00
2.40000e-03	4.79186e-01	2.70000e+00
3.80000e-03	4.32801e-01	2.70000e+00
5.20000e-03	4.02067e-01	2.70000e+00
6.60000e-03	3.79119e-01	2.70000e+00
1.99000e-04	5.20679e-01	1.20000e+00
4.77600e-04	4.54527e-01	1.20000e+00
7.56200e-04	4.21362e-01	1.20000e+00
1.03480e-03	3.99285e-01	1.20000e+00
1.31340e-03	3.82789e-01	1.20000e+00
2.50000e-03	4.74993e-01	2.70000e+00
6.00000e-03	3.88255e-01	2.70000e+00
9.50000e-03	3.44583e-01	2.70000e+00
1.30000e-02	3.15152e-01	2.70000e+00
1.65000e-02	2.92836e-01	2.70000e+00
6.50000e-04	4.32173e-01	1.20000e+00
1.56000e-03	3.71028e-01	1.20000e+00
2.47000e-03	3.40161e-01	1.20000e+00
3.38000e-03	3.19493e-01	1.20000e+00
4.29000e-03	3.03959e-01	1.20000e+00
2.50000e-03	3.39360e-01	1.20000e+00
6.00000e-03	2.82291e-01	1.20000e+00
9.50000e-03	2.52781e-01	1.20000e+00
1.30000e-02	2.32597e-01	1.20000e+00
1.65000e-02	2.17150e-01	1.20000e+00
2.03000e-05	1.26339e+00	3.50000e+00
4.87200e-05	1.09652e+00	3.50000e+00
7.71400e-05	1.01552e+00	3.50000e+00
1.05560e-04	9.62677e-01	3.50000e+00
1.33980e-04	9.23779e-01	3.50000e+00
9.25000e-06	8.99754e-01	1.50000e+00
2.22000e-05	8.00947e-01	1.50000e+00
3.51500e-05	7.51942e-01	1.50000e+00
4.81000e-05	7.19562e-01	1.50000e+00
6.10500e-05	6.95509e-01	1.50000e+00
2.16000e-05	1.25099e+00	3.50000e+00
5.18400e-05	1.08532e+00	3.50000e+00
8.20800e-05	1.00491e+00	3.50000e+00
1.12320e-04	9.52445e-01	3.50000e+00
1.42560e-04	9.13827e-01	3.50000e+00
1.10000e-05	8.79610e-01	1.50000e+00
2.64000e-05	7.82246e-01	1.50000e+00
4.18000e-05	7.33950e-01	1.50000e+00
5.72000e-05	7.02033e-01	1.50000e+00
7.26000e-05	6.78323e-01	1.50000e+00
2.30000e-05	1.23853e+00	3.50000e+00
5.52000e-05	1.07408e+00	3.50000e+00
8.74000e-05	9.94253e-01	3.50000e+00
1.19600e-04	9.42168e-01	3.50000e+00
1.51800e-04	9.03832e-01	3.50000e+00
1.60000e-05	8.37052e-01	1.50000e+00
3.84000e-05	7.42727e-01	1.50000e+00
6.08000e-05	6.95919e-01	1.50000e+00
8.32000e-05	6.64977e-01	1.50000e+00
1.05600e-04	6.41986e-01	1.50000e+00
2.56000e-05	1.21750e+00	3.50000e+00
6.14400e-05	1.05509e+00	3.50000e+00
9.72800e-05	9.76254e-01	3.50000e+00
1.33120e-04	9.24815e-01	3.50000e+00
1.68960e-04	8.86953e-01	3.50000e+00
1.60000e-05	8.37052e-01	1.50000e+00
3.84000e-05	7.42727e-01	1.50000e+00
6.08000e-05	6.95919e-01	1.50000e+00
8.32000e-05	6.64977e-01	1.50000e+00
1.05600e-04	6.41986e-01	1.50000e+00
2.65500e-05	1.21040e+00	3.50000e+00
6.37200e-05	1.04868e+00	3.50000e+00
1.00890e-04	9.70182e-01	3.50000e+00
1.38060e-04	9.18961e-01	3.50000e+00
1.75230e-04	8.81258e-01	3.50000e+00
2.50000e-05	7.88097e-01	1.50000e+00
6.00000e-05	6.97243e-01	1.50000e+00
9.50000e-05	6.52131e-01	1.50000e+00
1.30000e-04	6.22303e-01	1.50000e+00
1.65000e-04	6.00136e-01	1.50000e+00
2.86500e-05	1.19567e+00	3.50000e+00
6.87600e-05	1.03539e+00	3.50000e+00
1.08870e-04	9.57578e-01	3.50000e+00
1.48980e-04	9.06809e-01	3.50000e+00
1.89090e-04	8.69439e-01	3.50000e+00
4.00000e-05	7.38496e-01	1.50000e+00
9.60000e-05	6.51123e-01	1.50000e+00
1.52000e-04	6.07718e-01	1.50000e+00
2.08000e-04	5.79011e-01	1.50000e+00
2.64000e-04	5.57673e-01	1.50000e+00
4.00000e-05	1.13263e+00	3.50000e+00
9.60000e-05	9.78468e-01	3.50000e+00
1.52000e-04	9.03623e-01	3.50000e+00
2.08000e-04	8.54785e-01	3.50000e+00
2.64000e-04	8.18834e-01	3.50000e+00
6.50000e-05	6.89262e-01	1.50000e+00
1.56000e-04	6.05312e-01	1.50000e+00
2.47000e-04	5.63589e-01	1.50000e+00
3.38000e-04	5.35984e-01	1.50000e+00
4.29000e-04	5.15456e-01	1.50000e+00
4.00000e-05	1.13263e+00	3.50000e+00
9.60000e-05	9.78468e-01	3.50000e+00
1.52000e-04	9.03623e-01	3.50000e+00
2.08000e-04	8.54785e-01	3.50000e+00
2.64000e-04	8.18834e-01	3.50000e+00
1.00000e-04	6.47201e-01	1.50000e+00
2.40000e-04	5.66154e-01	1.50000e+00
3.80000e-04	5.25851e-01	1.50000e+00
5.20000e-04	4.99168e-01	1.50000e+00
6.60000e-04	4.79314e-01	1.50000e+00
6.50000e-05	1.04520e+00	3.50000e+00
1.56000e-04	8.99511e-01	3.50000e+00
2.47000e-04	8.28772e-01	3.50000e+00
3.38000e-04	7.82603e-01	3.50000e+00
4.29000e-04	7.48606e-01	3.50000e+00
1.60000e-04	6.02973e-01	1.50000e+00
3.84000e-04	5.24949e-01	1.50000e+00
6.08000e-04	4.86108e-01	1.50000e+00
8.32000e-04	4.60366e-01	1.50000e+00
1.05600e-03	4.41194e-01	1.50000e+00
1.00000e-04	9.71656e-01	3.50000e+00
2.40000e-04	8.33087e-01	3.50000e+00
3.80000e-04	7.65785e-01	3.50000e+00
5.20000e-04	7.21840e-01	3.50000e+00
6.60000e-04	6.89465e-01	3.50000e+00
2.50000e-04	5.62513e-01	1.50000e+00
6.00000e-04	4.87208e-01	1.50000e+00
9.50000e-04	4.49660e-01	1.50000e+00
1.30000e-03	4.24742e-01	1.50000e+00
1.65000e-03	4.06162e-01	1.50000e+00
1.60000e-04	8.95514e-01	3.50000e+00
3.84000e-04	7.64293e-01	3.50000e+00
6.08000e-04	7.00511e-01	3.50000e+00
8.32000e-04	6.58831e-01	3.50000e+00
1.05600e-03	6.28102e-01	3.50000e+00
4.00000e-04	5.21442e-01	1.50000e+00
9.60000e-04	4.48819e-01	1.50000e+00
1.52000e-03	4.12523e-01	1.50000e+00
2.08000e-03	3.88392e-01	1.50000e+00
2.64000e-03	3.70367e-01	1.50000e+00
2.50000e-04	8.26963e-01	3.50000e+00
6.00000e-04	7.02303e-01	3.50000e+00
9.50000e-04	6.41637e-01	3.50000e+00
1.30000e-03	6.01952e-01	3.50000e+00
1.65000e-03	5.72665e-01	3.50000e+00
5.00000e-04	5.02469e-01	1.50000e+00
1.20000e-03	4.31048e-01	1.50000e+00
1.90000e-03	3.95306e-01	1.50000e+00
2.60000e-03	3.71514e-01	1.50000e+00
3.30000e-03	3.53720e-01	1.50000e+00
4.00000e-04	7.58491e-01	3.50000e+00
9.60000e-04	6.40290e-01	3.50000e+00
1.52000e-03	5.82663e-01	3.50000e+00
2.08000e-03	5.44905e-01	3.50000e+00
2.64000e-03	5.16998e-01	3.50000e+00
1.60000e-03	4.08543e-01	1.50000e+00
3.84000e-03	3.42525e-01	1.50000e+00
6.08000e-03	3.09022e-01	1.50000e+00
8.32000e-03	2.86413e-01	1.50000e+00
1.05600e-02	2.69281e-01	1.50000e+00
6.50000e-04	6.91512e-01	3.50000e+00
1.56000e-03	5.79489e-01	3.50000e+00
2.47000e-03	5.24724e-01	3.50000e+00
3.38000e-03	4.88745e-01	3.50000e+00
4.29000e-03	4.62079e-01	3.50000e+00
6.50000e-04	4.80575e-01	1.50000e+00
1.56000e-03	4.10506e-01	1.50000e+00
2.47000e-03	3.75374e-01	1.50000e+00
3.38000e-03	3.51945e-01	1.50000e+00
4.29000e-03	3.34390e-01	1.50000e+00
1.00000e-03	6.35055e-01	3.50000e+00
2.40000e-03	5.28076e-01	3.50000e+00
3.80000e-03	4.75575e-01	3.50000e+00
5.20000e-03	4.40947e-01	3.50000e+00
6.60000e-03	4.15179e-01	3.50000e+00
1.23500e-05	1.01724e+00	2.00000e+00
2.96400e-05	8.97841e-01	2.00000e+00
4.69300e-05	8.39039e-01	2.00000e+00
6.42200e-05	8.00345e-01	2.00000e+00
8.15100e-05	7.71687e-01	2.00000e+00
4.00000e-03	4.69850e-01	3.50000e+00
9.60000e-03	3.75445e-01	3.50000e+00
1.52000e-02	3.27512e-01	3.50000e+00
2.08000e-02	2.94922e-01	3.50000e+00
2.64000e-02	2.70015e-01	3.50000e+00
1.46500e-05	9.93159e-01	2.00000e+00
3.51600e-05	8.75688e-01	2.00000e+00
5.56700e-05	8.17829e-01	2.00000e+00
7.61800e-05	7.79751e-01	2.00000e+00
9.66900e-05	7.51549e-01	2.00000e+00
2.61000e-05	1.36926e+00	4.50000e+00
6.26400e-05	1.17911e+00	4.50000e+00
9.91800e-05	1.08742e+00	4.50000e+00
1.35720e-04	1.02783e+00	4.50000e+00
1.72260e-04	9.84090e-01	4.50000e+00
1.63500e-05	9.77884e-01	2.00000e+00
3.92400e-05	8.61635e-01	2.00000e+00
6.21300e-05	8.04373e-01	2.00000e+00
8.50200e-05	7.66686e-01	2.00000e+00
1.07910e-04	7.38772e-01	2.00000e+00
2.96000e-05	1.34061e+00	4.50000e+00
7.10400e-05	1.15347e+00	4.50000e+00
1.12480e-04	1.06323e+00	4.50000e+00
1.53920e-04	1.00458e+00	4.50000e+00
1.95360e-04	9.61530e-01	4.50000e+00
2.50000e-05	9.20286e-01	2.00000e+00
6.00000e-05	8.08633e-01	2.00000e+00
9.50000e-05	7.53613e-01	2.00000e+00
1.30000e-04	7.17396e-01	2.00000e+00
1.65000e-04	6.90569e-01	2.00000e+00
3.09000e-05	1.33093e+00	4.50000e+00
7.41600e-05	1.14480e+00	4.50000e+00
1.17420e-04	1.05505e+00	4.50000e+00
1.60680e-04	9.96721e-01	4.50000e+00
2.03940e-04	9.53906e-01	4.50000e+00
2.50000e-05	9.20286e-01	2.00000e+00
6.00000e-05	8.08633e-01	2.00000e+00
9.50000e-05	7.53613e-01	2.00000e+00
1.30000e-04	7.17396e-01	2.00000e+00
1.65000e-04	6.90569e-01	2.00000e+00
3.41500e-05	1.30861e+00	4.50000e+00
8.19600e-05	1.12482e+00	4.50000e+00
1.29770e-04	1.03620e+00	4.50000e+00
1.77580e-04	9.78604e-01	4.50000e+00
2.25390e-04	9.36327e-01	4.50000e+00
4.00000e-05	8.59195e-01	2.00000e+00
9.60000e-05	7.52387e-01	2.00000e+00
1.52000e-04	6.99736e-01	2.00000e+00
2.08000e-04	6.65072e-01	2.00000e+00
2.64000e-04	6.39391e-01	2.00000e+00
3.66000e-05	1.29331e+00	4.50000e+00
8.78400e-05	1.11113e+00	4.50000e+00
1.39080e-04	1.02328e+00	4.50000e+00
1.90320e-04	9.66186e-01	4.50000e+00
2.41560e-04	9.24277e-01	4.50000e+00
6.50000e-05	7.98878e-01	2.00000e+00
1.56000e-04	6.96827e-01	2.00000e+00
2.47000e-04	6.46504e-01	2.00000e+00
3.38000e-04	6.13363e-01	2.00000e+00
4.29000e-04	5.88801e-01	2.00000e+00
4.09000e-05	1.26906e+00	4.50000e+00
9.81600e-05	1.08942e+00	4.50000e+00
1.55420e-04	1.00280e+00	4.50000e+00
2.12680e-04	9.46503e-01	4.50000e+00
2.69940e-04	9.05177e-01	4.50000e+00
1.00000e-04	7.47618e-01	2.00000e+00
2.40000e-04	6.49590e-01	2.00000e+00
3.80000e-04	6.01230e-01	2.00000e+00
5.20000e-04	5.69365e-01	2.00000e+00
6.60000e-04	5.45734e-01	2.00000e+00
4.09000e-05	1.26906e+00	4.50000e+00
9.81600e-05	1.08942e+00	4.50000e+00
1.55420e-04	1.00280e+00	4.50000e+00
2.12680e-04	9.46503e-01	4.50000e+00
2.69940e-04	9.05177e-01	4.50000e+00
1.60000e-04	6.93998e-01	2.00000e+00
3.84000e-04	6.00152e-01	2.00000e+00
6.08000e-04	5.53812e-01	2.00000e+00
8.32000e-04	5.23249e-01	2.00000e+00
1.05600e-03	5.00565e-01	2.00000e+00
6.50000e-05	1.17153e+00	4.50000e+00
1.56000e-04	1.00212e+00	4.50000e+00
2.47000e-04	9.20426e-01	4.50000e+00
3.38000e-04	8.67321e-01	4.50000e+00
4.29000e-04	8.28327e-01	4.50000e+00
2.50000e-04	6.45211e-01	2.00000e+00
6.00000e-04	5.55121e-01	2.00000e+00
9.50000e-04	5.10573e-01	2.00000e+00
1.30000e-03	4.81155e-01	2.00000e+00
1.65000e-03	4.59299e-01	2.00000e+00
6.50000e-05	1.17153e+00	4.50000e+00
1.56000e-04	1.00212e+00	4.50000e+00
2.47000e-04	9.20426e-01	4.50000e+00
3.38000e-04	8.67321e-01	4.50000e+00
4.29000e-04	8.28327e-01	4.50000e+00
5.00000e-04	5.73300e-01	2.00000e+00
1.20000e-03	4.88589e-01	2.00000e+00
1.90000e-03	4.46560e-01	2.00000e+00
2.60000e-03	4.18725e-01	2.00000e+00
3.30000e-03	3.97985e-01	2.00000e+00
1.00000e-04	1.08582e+00	4.50000e+00
2.40000e-04	9.25400e-01	4.50000e+00
3.80000e-04	8.48019e-01	4.50000e+00
5.20000e-04	7.97695e-01	4.50000e+00
6.60000e-04	7.60728e-01	4.50000e+00
1.60000e-03	4.62096e-01	2.00000e+00
3.84000e-03	3.84971e-01	2.00000e+00
6.08000e-03	3.46193e-01	2.00000e+00
8.32000e-03	3.20169e-01	2.00000e+00
1.05600e-02	3.00525e-01	2.00000e+00
1.60000e-04	9.97494e-01	4.50000e+00
3.84000e-04	8.46307e-01	4.50000e+00
6.08000e-04	7.73330e-01	4.50000e+00
8.32000e-04	7.25834e-01	4.50000e+00
1.05600e-03	6.90920e-01	4.50000e+00
6.50000e-04	5.47233e-01	2.00000e+00
1.56000e-03	4.64403e-01	2.00000e+00
2.47000e-03	4.23233e-01	2.00000e+00
3.38000e-03	3.95920e-01	2.00000e+00
4.29000e-03	3.75532e-01	2.00000e+00
2.50000e-04	9.18343e-01	4.50000e+00
6.00000e-04	7.75376e-01	4.50000e+00
9.50000e-04	7.06288e-01	4.50000e+00
1.30000e-03	6.61278e-01	4.50000e+00
1.65000e-03	6.28161e-01	4.50000e+00
1.54500e-05	1.15545e+00	2.70000e+00
3.70800e-05	1.01101e+00	2.70000e+00
5.87100e-05	9.40422e-01	2.70000e+00
8.03400e-05	8.94183e-01	2.70000e+00
1.01970e-04	8.60051e-01	2.70000e+00
4.00000e-04	8.39655e-01	4.50000e+00
9.60000e-04	7.04758e-01	4.50000e+00
1.52000e-03	6.39457e-01	4.50000e+00
2.08000e-03	5.96849e-01	4.50000e+00
2.64000e-03	5.65452e-01	4.50000e+00
1.83000e-05	1.12645e+00	2.70000e+00
4.39200e-05	9.84602e-01	2.70000e+00
6.95400e-05	9.15275e-01	2.70000e+00
9.51600e-05	8.69858e-01	2.70000e+00
1.20780e-04	8.36332e-01	2.70000e+00
6.50000e-04	7.63063e-01	4.50000e+00
1.56000e-03	6.35870e-01	4.50000e+00
2.47000e-03	5.74136e-01	4.50000e+00
3.38000e-03	5.33751e-01	4.50000e+00
4.29000e-03	5.03912e-01	4.50000e+00
2.04500e-05	1.10771e+00	2.70000e+00
4.90800e-05	9.67532e-01	2.70000e+00
7.77100e-05	8.99017e-01	2.70000e+00
1.06340e-04	8.54132e-01	2.70000e+00
1.34970e-04	8.20998e-01	2.70000e+00
1.00000e-03	6.98812e-01	4.50000e+00
2.40000e-03	5.77905e-01	4.50000e+00
3.80000e-03	5.19004e-01	4.50000e+00
5.20000e-03	4.80323e-01	4.50000e+00
6.60000e-03	4.51630e-01	4.50000e+00
2.04500e-05	1.10771e+00	2.70000e+00
4.90800e-05	9.67532e-01	2.70000e+00
7.77100e-05	8.99017e-01	2.70000e+00
1.06340e-04	8.54132e-01	2.70000e+00
1.34970e-04	8.20998e-01	2.70000e+00
1.60000e-03	6.32384e-01	4.50000e+00
3.84000e-03	5.17694e-01	4.50000e+00
6.08000e-03	4.61444e-01	4.50000e+00
8.32000e-03	4.24255e-01	4.50000e+00
1.05600e-02	3.96489e-01	4.50000e+00
2.50000e-05	1.07438e+00	2.70000e+00
6.00000e-05	9.37168e-01	2.70000e+00
9.50000e-05	8.70098e-01	2.70000e+00
1.30000e-04	8.26157e-01	2.70000e+00
1.65000e-04	7.93718e-01	2.70000e+00
2.50000e-05	1.07438e+00	2.70000e+00
6.00000e-05	9.37168e-01	2.70000e+00
9.50000e-05	8.70098e-01	2.70000e+00
1.30000e-04	8.26157e-01	2.70000e+00
1.65000e-04	7.93718e-01	2.70000e+00
3.77000e-05	1.51987e+00	6.50000e+00
9.04800e-05	1.29369e+00	6.50000e+00
1.43260e-04	1.18569e+00	6.50000e+00
1.96040e-04	1.11590e+00	6.50000e+00
2.48820e-04	1.06488e+00	6.50000e+00
6.96000e-05	1.74885e+00	1.20000e+01
1.67040e-04	1.45942e+00	1.20000e+01
2.64480e-04	1.32343e+00	1.20000e+01
3.61920e-04	1.23634e+00	1.20000e+01
4.59360e-04	1.17309e+00	1.20000e+01
4.01500e-05	1.50266e+00	6.50000e+00
9.63600e-05	1.27847e+00	6.50000e+00
1.52570e-04	1.17143e+00	6.50000e+00
2.08780e-04	1.10226e+00	6.50000e+00
2.64990e-04	1.05168e+00	6.50000e+00
8.05000e-05	1.69781e+00	1.20000e+01
1.93200e-04	1.41524e+00	1.20000e+01
3.05900e-04	1.28247e+00	1.20000e+01
4.18600e-04	1.19745e+00	1.20000e+01
5.31300e-04	1.13568e+00	1.20000e+01
4.27500e-05	1.48565e+00	6.50000e+00
1.02600e-04	1.26345e+00	6.50000e+00
1.62450e-04	1.15735e+00	6.50000e+00
2.22300e-04	1.08878e+00	6.50000e+00
2.82150e-04	1.03865e+00	6.50000e+00
8.05000e-05	1.69781e+00	1.20000e+01
1.93200e-04	1.41524e+00	1.20000e+01
3.05900e-04	1.28247e+00	1.20000e+01
4.18600e-04	1.19745e+00	1.20000e+01
5.31300e-04	1.13568e+00	1.20000e+01
4.76000e-05	1.45687e+00	6.50000e+00
1.14240e-04	1.23801e+00	6.50000e+00
1.80880e-04	1.13351e+00	6.50000e+00
2.47520e-04	1.06598e+00	6.50000e+00
3.14160e-04	1.01660e+00	6.50000e+00
9.10000e-05	1.65574e+00	1.20000e+01
2.18400e-04	1.37883e+00	1.20000e+01
3.45800e-04	1.24872e+00	1.20000e+01
4.73200e-04	1.16538e+00	1.20000e+01
6.00600e-04	1.10483e+00	1.20000e+01
4.93000e-05	1.44757e+00	6.50000e+00
1.18320e-04	1.22979e+00	6.50000e+00
1.87340e-04	1.12581e+00	6.50000e+00
2.56360e-04	1.05861e+00	6.50000e+00
3.25380e-04	1.00947e+00	6.50000e+00
1.00000e-04	1.62395e+00	1.20000e+01
2.40000e-04	1.35132e+00	1.20000e+01
3.80000e-04	1.22321e+00	1.20000e+01
5.20000e-04	1.14115e+00	1.20000e+01
6.60000e-04	1.08152e+00	1.20000e+01
4.93000e-05	1.44757e+00	6.50000e+00
1.18320e-04	1.22979e+00	6.50000e+00
1.87340e-04	1.12581e+00	6.50000e+00
2.56360e-04	1.05861e+00	6.50000e+00
3.25380e-04	1.00947e+00	6.50000e+00
1.00000e-04	1.62395e+00	1.20000e+01
2.40000e-04	1.35132e+00	1.20000e+01
3.80000e-04	1.22321e+00	1.20000e+01
5.20000e-04	1.14115e+00	1.20000e+01
6.60000e-04	1.08152e+00	1.20000e+01
6.50000e-05	1.37587e+00	6.50000e+00
1.56000e-04	1.16643e+00	6.50000e+00
2.47000e-04	1.06642e+00	6.50000e+00
3.38000e-04	1.00178e+00	6.50000e+00
4.29000e-04	9.54516e-01	6.50000e+00
1.60000e-04	1.47270e+00	1.20000e+01
3.84000e-04	1.22040e+00	1.20000e+01
6.08000e-04	1.10179e+00	1.20000e+01
8.32000e-04	1.02576e+00	1.20000e+01
1.05600e-03	9.70488e-01	1.20000e+01
6.50000e-05	1.37587e+00	6.50000e+00
1.56000e-04	1.16643e+00	6.50000e+00
2.47000e-04	1.06642e+00	6.50000e+00
3.38000e-04	1.00178e+00	6.50000e+00
4.29000e-04	9.54516e-01	6.50000e+00
1.60000e-04	1.47270e+00	1.20000e+01
3.84000e-04	1.22040e+00	1.20000e+01
6.08000e-04	1.10179e+00	1.20000e+01
8.32000e-04	1.02576e+00	1.20000e+01
1.05600e-03	9.70488e-01	1.20000e+01
1.00000e-04	1.26958e+00	6.50000e+00
2.40000e-04	1.07249e+00	6.50000e+00
3.80000e-04	9.78365e-01	6.50000e+00
5.20000e-04	9.17504e-01	6.50000e+00
6.60000e-04	8.72981e-01	6.50000e+00
2.50000e-04	1.33954e+00	1.20000e+01
6.00000e-04	1.10508e+00	1.20000e+01
9.50000e-04	9.94752e-01	1.20000e+01
1.30000e-03	9.23980e-01	1.20000e+01
1.65000e-03	8.72488e-01	1.20000e+01
1.00000e-04	1.26958e+00	6.50000e+00
2.40000e-04	1.07249e+00	6.50000e+00
3.80000e-04	9.78365e-01	6.50000e+00
5.20000e-04	9.17504e-01	6.50000e+00
6.60000e-04	8.72981e-01	6.50000e+00
4.00000e-04	1.20950e+00	1.20000e+01
9.60000e-04	9.92332e-01	1.20000e+01
1.52000e-03	8.89995e-01	1.20000e+01
2.08000e-03	8.24268e-01	1.20000e+01
2.64000e-03	7.76385e-01	1.20000e+01
1.60000e-04	1.16075e+00	6.50000e+00
3.84000e-04	9.76290e-01	6.50000e+00
6.08000e-04	8.88142e-01	6.50000e+00
8.32000e-04	8.31104e-01	6.50000e+00
1.05600e-03	7.89351e-01	6.50000e+00
6.50000e-04	1.08527e+00	1.20000e+01
1.56000e-03	8.84429e-01	1.20000e+01
2.47000e-03	7.89580e-01	1.20000e+01
3.38000e-03	7.28525e-01	1.20000e+01
4.29000e-03	6.83938e-01	1.20000e+01
2.50000e-04	1.06388e+00	6.50000e+00
6.00000e-04	8.90605e-01	6.50000e+00
9.50000e-04	8.07710e-01	6.50000e+00
1.30000e-03	7.54022e-01	6.50000e+00
1.65000e-03	7.14688e-01	6.50000e+00
1.00000e-03	9.82935e-01	1.20000e+01
2.40000e-03	7.95320e-01	1.20000e+01
3.80000e-03	7.06433e-01	1.20000e+01
5.20000e-03	6.49018e-01	1.20000e+01
6.60000e-03	6.06939e-01	1.20000e+01
4.00000e-04	9.68230e-01	6.50000e+00
9.60000e-04	8.05881e-01	6.50000e+00
1.52000e-03	7.28088e-01	6.50000e+00
2.08000e-03	6.77633e-01	6.50000e+00
2.64000e-03	6.40614e-01	6.50000e+00
1.60000e-03	8.79026e-01	1.20000e+01
3.84000e-03	7.04476e-01	1.20000e+01
6.08000e-03	6.21281e-01	1.20000e+01
8.32000e-03	5.67212e-01	1.20000e+01
1.05600e-02	5.27351e-01	1.20000e+01
6.50000e-04	8.75788e-01	6.50000e+00
1.56000e-03	7.23831e-01	6.50000e+00
2.47000e-03	6.50838e-01	6.50000e+00
3.38000e-03	6.03379e-01	6.50000e+00
4.29000e-03	5.68467e-01	6.50000e+00
2.50000e-03	7.87177e-01	1.20000e+01
6.00000e-03	6.23609e-01	1.20000e+01
9.50000e-03	5.44918e-01	1.20000e+01
1.30000e-02	4.93325e-01	1.20000e+01
1.65000e-02	4.54978e-01	1.20000e+01
1.00000e-03	7.98775e-01	6.50000e+00
2.40000e-03	6.55281e-01	6.50000e+00
3.80000e-03	5.86108e-01	6.50000e+00
5.20000e-03	5.40965e-01	6.50000e+00
6.60000e-03	5.07630e-01	6.50000e+00
1.60000e-03	7.19696e-01	6.50000e+00
3.84000e-03	5.84576e-01	6.50000e+00
6.08000e-03	5.19017e-01	6.50000e+00
8.32000e-03	4.75952e-01	6.50000e+00
1.05600e-02	4.43953e-01	6.50000e+00
8.70000e-05	1.82178e+00	1.50000e+01
2.08800e-04	1.50903e+00	1.50000e+01
3.30600e-04	1.36292e+00	1.50000e+01
4.52400e-04	1.26966e+00	1.50000e+01
5.74200e-04	1.20207e+00	1.50000e+01
2.50000e-03	6.48978e-01	6.50000e+00
6.00000e-03	5.20863e-01	6.50000e+00
9.50000e-03	4.58082e-01	6.50000e+00
1.30000e-02	4.16459e-01	6.50000e+00
1.65000e-02	3.85267e-01	6.50000e+00
1.00000e-04	1.76880e+00	1.50000e+01
2.40000e-04	1.46352e+00	1.50000e+01
3.80000e-04	1.32089e+00	1.50000e+01
5.20000e-04	1.22985e+00	1.50000e+01
6.60000e-04	1.16385e+00	1.50000e+01
1.00000e-04	1.76880e+00	1.50000e+01
2.40000e-04	1.46352e+00	1.50000e+01
3.80000e-04	1.32089e+00	1.50000e+01
5.20000e-04	1.22985e+00	1.50000e+01
6.60000e-04	1.16385e+00	1.50000e+01
1.14000e-04	1.72011e+00	1.50000e+01
2.73600e-04	1.42169e+00	1.50000e+01
4.33200e-04	1.28226e+00	1.50000e+01
5.92800e-04	1.19324e+00	1.50000e+01
7.52400e-04	1.12871e+00	1.50000e+01
4.93000e-05	1.62436e+00	8.50000e+00
1.18320e-04	1.37083e+00	8.50000e+00
1.87340e-04	1.25063e+00	8.50000e+00
2.56360e-04	1.17326e+00	8.50000e+00
3.25380e-04	1.11686e+00	8.50000e+00
1.23000e-04	1.69237e+00	1.50000e+01
2.95200e-04	1.39786e+00	1.50000e+01
4.67400e-04	1.26025e+00	1.50000e+01
6.39600e-04	1.17239e+00	1.50000e+01
8.11800e-04	1.10868e+00	1.50000e+01
5.25000e-05	1.60501e+00	8.50000e+00
1.26000e-04	1.35388e+00	8.50000e+00
1.99500e-04	1.23482e+00	8.50000e+00
2.73000e-04	1.15818e+00	8.50000e+00
3.46500e-04	1.10232e+00	8.50000e+00
1.60000e-04	1.59915e+00	1.50000e+01
3.84000e-04	1.31777e+00	1.50000e+01
6.08000e-04	1.18626e+00	1.50000e+01
8.32000e-04	1.10226e+00	1.50000e+01
1.05600e-03	1.04134e+00	1.50000e+01
5.60000e-05	1.58534e+00	8.50000e+00
1.34400e-04	1.33665e+00	8.50000e+00
2.12800e-04	1.21875e+00	8.50000e+00
2.91200e-04	1.14286e+00	8.50000e+00
3.69600e-04	1.08754e+00	8.50000e+00
1.60000e-04	1.59915e+00	1.50000e+01
3.84000e-04	1.31777e+00	1.50000e+01
6.08000e-04	1.18626e+00	1.50000e+01
8.32000e-04	1.10226e+00	1.50000e+01
1.05600e-03	1.04134e+00	1.50000e+01
6.20000e-05	1.55470e+00	8.50000e+00
1.48800e-04	1.30983e+00	8.50000e+00
2.35600e-04	1.19373e+00	8.50000e+00
3.22400e-04	1.11900e+00	8.50000e+00
4.09200e-04	1.06452e+00	8.50000e+00
2.50000e-04	1.45038e+00	1.50000e+01
6.00000e-04	1.18991e+00	1.50000e+01
9.50000e-04	1.06807e+00	1.50000e+01
1.30000e-03	9.90183e-01	1.50000e+01
1.65000e-03	9.33659e-01	1.50000e+01
6.45000e-05	1.54293e+00	8.50000e+00
1.54800e-04	1.29952e+00	8.50000e+00
2.45100e-04	1.18411e+00	8.50000e+00
3.35400e-04	1.10983e+00	8.50000e+00
4.25700e-04	1.05567e+00	8.50000e+00
4.00000e-04	1.30566e+00	1.50000e+01
9.60000e-04	1.06540e+00	1.50000e+01
1.52000e-03	9.52863e-01	1.50000e+01
2.08000e-03	8.80843e-01	1.50000e+01
2.64000e-03	8.28509e-01	1.50000e+01
6.95000e-05	1.52089e+00	8.50000e+00
1.66800e-04	1.28022e+00	8.50000e+00
2.64100e-04	1.16611e+00	8.50000e+00
3.61400e-04	1.09266e+00	8.50000e+00
4.58700e-04	1.03911e+00	8.50000e+00
6.50000e-04	1.16799e+00	1.50000e+01
1.56000e-03	9.46756e-01	1.50000e+01
2.47000e-03	8.42919e-01	1.50000e+01
3.38000e-03	7.76323e-01	1.50000e+01
4.29000e-03	7.27820e-01	1.50000e+01
6.95000e-05	1.52089e+00	8.50000e+00
1.66800e-04	1.28022e+00	8.50000e+00
2.64100e-04	1.16611e+00	8.50000e+00
3.61400e-04	1.09266e+00	8.50000e+00
4.58700e-04	1.03911e+00	8.50000e+00
1.00000e-03	1.05505e+00	1.50000e+01
2.40000e-03	8.49190e-01	1.50000e+01
3.80000e-03	7.52276e-01	1.50000e+01
5.20000e-03	6.89912e-01	1.50000e+01
6.60000e-03	6.44333e-01	1.50000e+01
1.00000e-04	1.41697e+00	8.50000e+00
2.40000e-04	1.18922e+00	8.50000e+00
3.80000e-04	1.08123e+00	8.50000e+00
5.20000e-04	1.01169e+00	8.50000e+00
6.60000e-04	9.60965e-01	8.50000e+00
1.60000e-03	9.40829e-01	1.50000e+01
3.84000e-03	7.50147e-01	1.50000e+01
6.08000e-03	6.59855e-01	1.50000e+01
8.32000e-03	6.01405e-01	1.50000e+01
1.05600e-02	5.58438e-01	1.50000e+01
1.00000e-04	1.41697e+00	8.50000e+00
2.40000e-04	1.18922e+00	8.50000e+00
3.80000e-04	1.08123e+00	8.50000e+00
5.20000e-04	1.01169e+00	8.50000e+00
6.60000e-04	9.60965e-01	8.50000e+00
2.50000e-03	8.40294e-01	1.50000e+01
6.00000e-03	6.62377e-01	1.50000e+01
9.50000e-03	5.77360e-01	1.50000e+01
1.30000e-02	5.21850e-01	1.50000e+01
1.65000e-02	4.80716e-01	1.50000e+01
1.60000e-04	1.29095e+00	8.50000e+00
3.84000e-04	1.07885e+00	8.50000e+00
6.08000e-04	9.78222e-01	8.50000e+00
8.32000e-04	9.13379e-01	8.50000e+00
1.05600e-03	8.66054e-01	8.50000e+00
4.00000e-03	7.41879e-01	1.50000e+01
9.60000e-03	5.75477e-01	1.50000e+01
1.52000e-02	4.94787e-01	1.50000e+01
2.08000e-02	4.41414e-01	1.50000e+01
2.64000e-02	4.01408e-01	1.50000e+01
2.50000e-04	1.17932e+00	8.50000e+00
6.00000e-04	9.81027e-01	8.50000e+00
9.50000e-04	8.86848e-01	8.50000e+00
1.30000e-03	8.26110e-01	8.50000e+00
1.65000e-03	7.81745e-01	8.50000e+00
4.00000e-04	1.06963e+00	8.50000e+00
9.60000e-04	8.84776e-01	8.50000e+00
1.52000e-03	7.96845e-01	8.50000e+00
2.08000e-03	7.40060e-01	8.50000e+00
2.64000e-03	6.98526e-01	8.50000e+00
1.04500e-04	1.87563e+00	1.80000e+01
2.50800e-04	1.54401e+00	1.80000e+01
3.97100e-04	1.38982e+00	1.80000e+01
5.43400e-04	1.29165e+00	1.80000e+01
6.89700e-04	1.22063e+00	1.80000e+01
6.50000e-04	9.64159e-01	8.50000e+00
1.56000e-03	7.92047e-01	8.50000e+00
2.47000e-03	7.09986e-01	8.50000e+00
3.38000e-03	6.56865e-01	8.50000e+00
4.29000e-03	6.17913e-01	8.50000e+00
1.18500e-04	1.82472e+00	1.80000e+01
2.84400e-04	1.50055e+00	1.80000e+01
4.50300e-04	1.34980e+00	1.80000e+01
6.16200e-04	1.25382e+00	1.80000e+01
7.82100e-04	1.18438e+00	1.80000e+01
1.00000e-03	8.76725e-01	8.50000e+00
2.40000e-03	7.14968e-01	8.50000e+00
3.80000e-03	6.37582e-01	8.50000e+00
5.20000e-03	5.87305e-01	8.50000e+00
6.60000e-03	5.50302e-01	8.50000e+00
1.34000e-04	1.77605e+00	1.80000e+01
3.21600e-04	1.45899e+00	1.80000e+01
5.09200e-04	1.31154e+00	1.80000e+01
6.96800e-04	1.21765e+00	1.80000e+01
8.84400e-04	1.14970e+00	1.80000e+01
1.60000e-03	7.87386e-01	8.50000e+00
3.84000e-03	6.35872e-01	8.50000e+00
6.08000e-03	5.62929e-01	8.50000e+00
8.32000e-03	5.15238e-01	8.50000e+00
1.05600e-02	4.79921e-01	8.50000e+00
1.34000e-04	1.77605e+00	1.80000e+01
3.21600e-04	1.45899e+00	1.80000e+01
5.09200e-04	1.31154e+00	1.80000e+01
6.96800e-04	1.21765e+00	1.80000e+01
8.84400e-04	1.14970e+00	1.80000e+01
2.50000e-03	7.07900e-01	8.50000e+00
6.00000e-03	5.64978e-01	8.50000e+00
9.50000e-03	4.95502e-01	8.50000e+00
1.30000e-02	4.49665e-01	8.50000e+00
1.65000e-02	4.15436e-01	8.50000e+00
1.64000e-04	1.69838e+00	1.80000e+01
3.93600e-04	1.39267e+00	1.80000e+01
6.23200e-04	1.25047e+00	1.80000e+01
8.52800e-04	1.15989e+00	1.80000e+01
1.08240e-03	1.09433e+00	1.80000e+01
1.64000e-04	1.69838e+00	1.80000e+01
3.93600e-04	1.39267e+00	1.80000e+01
6.23200e-04	1.25047e+00	1.80000e+01
8.52800e-04	1.15989e+00	1.80000e+01
1.08240e-03	1.09433e+00	1.80000e+01
6.50000e-05	1.64727e+00	1.00000e+01
1.56000e-04	1.38171e+00	1.00000e+01
2.47000e-04	1.25633e+00	1.00000e+01
3.38000e-04	1.17583e+00	1.00000e+01
4.29000e-04	1.11724e+00	1.00000e+01
2.50000e-04	1.54513e+00	1.80000e+01
6.00000e-04	1.26177e+00	1.80000e+01
9.50000e-04	1.12986e+00	1.80000e+01
1.30000e-03	1.04579e+00	1.80000e+01
1.65000e-03	9.84899e-01	1.80000e+01
1.00000e-04	1.51201e+00	1.00000e+01
2.40000e-04	1.26391e+00	1.00000e+01
3.80000e-04	1.14677e+00	1.00000e+01
5.20000e-04	1.07153e+00	1.00000e+01
6.60000e-04	1.01675e+00	1.00000e+01
2.50000e-04	1.54513e+00	1.80000e+01
6.00000e-04	1.26177e+00	1.80000e+01
9.50000e-04	1.12986e+00	1.80000e+01
1.30000e-03	1.04579e+00	1.80000e+01
1.65000e-03	9.84899e-01	1.80000e+01
1.60000e-04	1.37456e+00	1.00000e+01
3.84000e-04	1.14420e+00	1.00000e+01
6.08000e-04	1.03538e+00	1.00000e+01
8.32000e-04	9.65435e-01	1.00000e+01
1.05600e-03	9.14478e-01	1.00000e+01
4.00000e-04	1.38748e+00	1.80000e+01
9.60000e-04	1.12698e+00	1.80000e+01
1.52000e-03	1.00557e+00	1.80000e+01
2.08000e-03	9.28103e-01	1.80000e+01
2.64000e-03	8.71930e-01	1.80000e+01
2.50000e-04	1.25316e+00	1.00000e+01
6.00000e-04	1.03841e+00	1.00000e+01
9.50000e-04	9.36858e-01	1.00000e+01
1.30000e-03	8.71532e-01	1.00000e+01
1.65000e-03	8.23903e-01	1.00000e+01
6.50000e-04	1.23801e+00	1.80000e+01
1.56000e-03	9.98998e-01	1.80000e+01
2.47000e-03	8.87386e-01	1.80000e+01
3.38000e-03	8.16020e-01	1.80000e+01
4.29000e-03	7.64156e-01	1.80000e+01
4.00000e-04	1.13422e+00	1.00000e+01
9.60000e-04	9.34627e-01	1.00000e+01
1.52000e-03	8.40106e-01	1.00000e+01
2.08000e-03	7.79223e-01	1.00000e+01
2.64000e-03	7.34775e-01	1.00000e+01
1.00000e-03	1.11580e+00	1.80000e+01
2.40000e-03	8.94116e-01	1.80000e+01
3.80000e-03	7.90294e-01	1.80000e+01
5.20000e-03	7.23693e-01	1.80000e+01
6.60000e-03	6.75129e-01	1.80000e+01
6.50000e-04	1.02020e+00	1.00000e+01
1.56000e-03	8.34956e-01	1.00000e+01
2.47000e-03	7.47031e-01	1.00000e+01
3.38000e-03	6.90265e-01	1.00000e+01
4.29000e-03	6.48720e-01	1.00000e+01
1.60000e-03	9.92617e-01	1.80000e+01
3.84000e-03	7.88018e-01	1.80000e+01
6.08000e-03	6.91657e-01	1.80000e+01
8.32000e-03	6.29481e-01	1.80000e+01
1.05600e-02	5.83885e-01	1.80000e+01
1.00000e-03	9.25961e-01	1.00000e+01
2.40000e-03	7.52361e-01	1.00000e+01
3.80000e-03	6.69690e-01	1.00000e+01
5.20000e-03	6.16126e-01	1.00000e+01
6.60000e-03	5.76781e-01	1.00000e+01
2.50000e-03	8.84570e-01	1.80000e+01
6.00000e-03	6.94343e-01	1.80000e+01
9.50000e-03	6.03953e-01	1.80000e+01
1.30000e-02	5.45135e-01	1.80000e+01
1.65000e-02	5.01660e-01	1.80000e+01
2.50000e-03	7.44800e-01	1.00000e+01
6.00000e-03	5.92377e-01	1.00000e+01
9.50000e-03	5.18643e-01	1.00000e+01
1.30000e-02	4.70140e-01	1.00000e+01
1.65000e-02	4.34000e-01	1.00000e+01
4.00000e-03	7.79179e-01	1.80000e+01
9.60000e-03	6.01955e-01	1.80000e+01
1.52000e-02	5.16521e-01	1.80000e+01
2.08000e-02	4.60213e-01	1.80000e+01
2.64000e-02	4.18117e-01	1.80000e+01
1.45000e-04	1.87427e+00	2.20000e+01
3.48000e-04	1.53048e+00	2.20000e+01
5.51000e-04	1.37142e+00	2.20000e+01
7.54000e-04	1.27044e+00	2.20000e+01
9.57000e-04	1.19752e+00	2.20000e+01
1.00000e-03	1.34951e+00	3.50000e+01
2.40000e-03	1.06283e+00	3.50000e+01
3.80000e-03	9.31137e-01	3.50000e+01
5.20000e-03	8.47634e-01	3.50000e+01
6.60000e-03	7.87265e-01	3.50000e+01
1.60000e-04	1.83273e+00	2.20000e+01
3.84000e-04	1.49524e+00	2.20000e+01
6.08000e-04	1.33909e+00	2.20000e+01
8.32000e-04	1.23994e+00	2.20000e+01
1.05600e-03	1.16834e+00	2.20000e+01
1.60000e-03	1.18934e+00	3.50000e+01
3.84000e-03	9.28270e-01	3.50000e+01
6.08000e-03	8.07760e-01	3.50000e+01
8.32000e-03	7.30946e-01	3.50000e+01
1.05600e-02	6.75123e-01	3.50000e+01
1.72500e-04	1.80150e+00	2.20000e+01
4.14000e-04	1.46875e+00	2.20000e+01
6.55500e-04	1.31478e+00	2.20000e+01
8.97000e-04	1.21701e+00	2.20000e+01
1.13850e-03	1.14639e+00	2.20000e+01
2.50000e-03	1.05065e+00	3.50000e+01
6.00000e-03	8.11095e-01	3.50000e+01
9.50000e-03	6.99637e-01	3.50000e+01
1.30000e-02	6.28037e-01	3.50000e+01
1.65000e-02	5.75616e-01	3.50000e+01
1.94000e-04	1.75361e+00	2.20000e+01
4.65600e-04	1.42813e+00	2.20000e+01
7.37200e-04	1.27750e+00	2.20000e+01
1.00880e-03	1.18183e+00	2.20000e+01
1.28040e-03	1.11272e+00	2.20000e+01
4.00000e-03	9.17146e-01	3.50000e+01
9.60000e-03	6.97193e-01	3.50000e+01
1.52000e-02	5.93486e-01	3.50000e+01
2.08000e-02	5.26054e-01	3.50000e+01
2.64000e-02	4.76142e-01	3.50000e+01
2.50000e-04	1.65375e+00	2.20000e+01
6.00000e-04	1.34341e+00	2.20000e+01
9.50000e-04	1.19972e+00	2.20000e+01
1.30000e-03	1.10842e+00	2.20000e+01
1.65000e-03	1.04245e+00	2.20000e+01
2.50000e-04	1.65375e+00	2.20000e+01
6.00000e-04	1.34341e+00	2.20000e+01
9.50000e-04	1.19972e+00	2.20000e+01
1.30000e-03	1.10842e+00	2.20000e+01
1.65000e-03	1.04245e+00	2.20000e+01
2.96000e-04	1.58984e+00	2.20000e+01
7.10400e-04	1.28916e+00	2.20000e+01
1.12480e-03	1.14990e+00	2.20000e+01
1.53920e-03	1.06139e+00	2.20000e+01
1.95360e-03	9.97411e-01	2.20000e+01
4.00000e-04	1.48082e+00	2.20000e+01
9.60000e-04	1.19658e+00	2.20000e+01
1.52000e-03	1.06484e+00	2.20000e+01
2.08000e-03	9.81038e-01	2.20000e+01
2.64000e-03	9.20421e-01	2.20000e+01
6.50000e-04	1.31749e+00	2.20000e+01
1.56000e-03	1.05771e+00	2.20000e+01
2.47000e-03	9.37087e-01	2.20000e+01
3.38000e-03	8.60215e-01	2.20000e+01
4.29000e-03	8.04486e-01	2.20000e+01
2.95000e-04	1.99122e+00	4.50000e+01
7.08000e-04	1.58304e+00	4.50000e+01
1.12100e-03	1.39762e+00	4.50000e+01
1.53400e-03	1.28113e+00	4.50000e+01
1.94700e-03	1.19763e+00	4.50000e+01
1.00000e-03	1.18442e+00	2.20000e+01
2.40000e-03	9.44347e-01	2.20000e+01
3.80000e-03	8.32557e-01	2.20000e+01
5.20000e-03	7.61093e-01	2.20000e+01
6.60000e-03	7.09115e-01	2.20000e+01
3.17000e-04	1.95471e+00	4.50000e+01
7.60800e-04	1.55280e+00	4.50000e+01
1.20460e-03	1.37022e+00	4.50000e+01
1.64840e-03	1.25549e+00	4.50000e+01
2.09220e-03	1.17325e+00	4.50000e+01
1.60000e-03	1.05080e+00	2.20000e+01
3.84000e-03	8.30111e-01	2.20000e+01
6.08000e-03	7.26792e-01	2.20000e+01
8.32000e-03	6.60367e-01	2.20000e+01
1.05600e-02	6.11786e-01	2.20000e+01
3.50000e-04	1.90535e+00	4.50000e+01
8.40000e-04	1.51192e+00	4.50000e+01
1.33000e-03	1.33316e+00	4.50000e+01
1.82000e-03	1.22083e+00	4.50000e+01
2.31000e-03	1.14028e+00	4.50000e+01
2.50000e-03	9.34050e-01	2.20000e+01
6.00000e-03	7.29666e-01	2.20000e+01
9.50000e-03	6.33154e-01	2.20000e+01
1.30000e-02	5.70592e-01	2.20000e+01
1.65000e-02	5.24479e-01	2.20000e+01
4.00000e-04	1.84045e+00	4.50000e+01
9.60000e-04	1.45815e+00	4.50000e+01
1.52000e-03	1.28443e+00	4.50000e+01
2.08000e-03	1.17522e+00	4.50000e+01
2.64000e-03	1.09690e+00	4.50000e+01
4.00000e-03	8.20616e-01	2.20000e+01
9.60000e-03	6.31026e-01	2.20000e+01
1.52000e-02	5.40229e-01	2.20000e+01
2.08000e-02	4.80625e-01	2.20000e+01
2.64000e-02	4.36196e-01	2.20000e+01
4.00000e-04	1.84045e+00	4.50000e+01
9.60000e-04	1.45815e+00	4.50000e+01
1.52000e-03	1.28443e+00	4.50000e+01
2.08000e-03	1.17522e+00	4.50000e+01
2.64000e-03	1.09690e+00	4.50000e+01
4.60000e-04	1.77448e+00	4.50000e+01
1.10400e-03	1.40350e+00	4.50000e+01
1.74800e-03	1.23487e+00	4.50000e+01
2.39200e-03	1.12883e+00	4.50000e+01
3.03600e-03	1.05275e+00	4.50000e+01
5.50000e-04	1.69299e+00	4.50000e+01
1.32000e-03	1.33596e+00	4.50000e+01
2.09000e-03	1.17361e+00	4.50000e+01
2.86000e-03	1.07146e+00	4.50000e+01
3.63000e-03	9.98122e-01	4.50000e+01
1.57000e-04	1.97505e+00	2.70000e+01
3.76800e-04	1.60273e+00	2.70000e+01
5.96600e-04	1.43138e+00	2.70000e+01
8.16400e-04	1.32293e+00	2.70000e+01
1.03620e-03	1.24480e+00	2.70000e+01
6.50000e-04	1.61959e+00	4.50000e+01
1.56000e-03	1.27510e+00	4.50000e+01
2.47000e-03	1.11837e+00	4.50000e+01
3.38000e-03	1.01970e+00	4.50000e+01
4.29000e-03	9.48802e-01	4.50000e+01
1.67500e-04	1.94527e+00	2.70000e+01
4.02000e-04	1.57765e+00	2.70000e+01
6.36500e-04	1.40845e+00	2.70000e+01
8.71000e-04	1.30136e+00	2.70000e+01
1.10550e-03	1.22419e+00	2.70000e+01
6.50000e-04	1.61959e+00	4.50000e+01
1.56000e-03	1.27510e+00	4.50000e+01
2.47000e-03	1.11837e+00	4.50000e+01
3.38000e-03	1.01970e+00	4.50000e+01
4.29000e-03	9.48802e-01	4.50000e+01
1.77500e-04	1.91893e+00	2.70000e+01
4.26000e-04	1.55545e+00	2.70000e+01
6.74500e-04	1.38816e+00	2.70000e+01
9.23000e-04	1.28226e+00	2.70000e+01
1.17150e-03	1.20595e+00	2.70000e+01
1.00000e-03	1.44202e+00	4.50000e+01
2.40000e-03	1.12774e+00	4.50000e+01
3.80000e-03	9.84445e-01	4.50000e+01
5.20000e-03	8.93991e-01	4.50000e+01
6.60000e-03	8.28814e-01	4.50000e+01
2.05000e-04	1.85476e+00	2.70000e+01
4.92000e-04	1.50139e+00	2.70000e+01
7.79000e-04	1.33873e+00	2.70000e+01
1.06600e-03	1.23574e+00	2.70000e+01
1.35300e-03	1.16152e+00	2.70000e+01
1.60000e-03	1.26607e+00	4.50000e+01
3.84000e-03	9.81334e-01	4.50000e+01
6.08000e-03	8.50919e-01	4.50000e+01
8.32000e-03	7.68186e-01	4.50000e+01
1.05600e-02	7.08272e-01	4.50000e+01
2.05000e-04	1.85476e+00	2.70000e+01
4.92000e-04	1.50139e+00	2.70000e+01
7.79000e-04	1.33873e+00	2.70000e+01
1.06600e-03	1.23574e+00	2.70000e+01
1.35300e-03	1.16152e+00	2.70000e+01
2.50000e-03	1.11446e+00	4.50000e+01
6.00000e-03	8.54519e-01	4.50000e+01
9.50000e-03	7.34560e-01	4.50000e+01
1.30000e-02	6.57885e-01	4.50000e+01
1.65000e-02	6.01956e-01	4.50000e+01
2.50000e-04	1.76926e+00	2.70000e+01
6.00000e-04	1.42936e+00	2.70000e+01
9.50000e-04	1.27285e+00	2.70000e+01
1.30000e-03	1.17372e+00	2.70000e+01
1.65000e-03	1.10227e+00	2.70000e+01
4.00000e-03	9.69266e-01	4.50000e+01
9.60000e-03	7.31937e-01	4.50000e+01
1.52000e-02	6.21001e-01	4.50000e+01
2.08000e-02	5.49250e-01	4.50000e+01
2.64000e-02	4.96349e-01	4.50000e+01
2.50000e-04	1.76926e+00	2.70000e+01
6.00000e-04	1.42936e+00	2.70000e+01
9.50000e-04	1.27285e+00	2.70000e+01
1.30000e-03	1.17372e+00	2.70000e+01
1.65000e-03	1.10227e+00	2.70000e+01
4.00000e-04	1.57957e+00	2.70000e+01
9.60000e-04	1.26944e+00	2.70000e+01
1.52000e-03	1.12650e+00	2.70000e+01
2.08000e-03	1.03589e+00	2.70000e+01
2.64000e-03	9.70496e-01	2.70000e+01
4.00000e-04	1.57957e+00	2.70000e+01
9.60000e-04	1.26944e+00	2.70000e+01
1.52000e-03	1.12650e+00	2.70000e+01
2.08000e-03	1.03589e+00	2.70000e+01
2.64000e-03	9.70496e-01	2.70000e+01
6.50000e-04	1.40108e+00	2.70000e+01
1.56000e-03	1.11879e+00	2.70000e+01
2.47000e-03	9.88461e-01	2.70000e+01
3.38000e-03	9.05692e-01	2.70000e+01
4.29000e-03	8.45841e-01	2.70000e+01
1.00000e-03	1.25622e+00	2.70000e+01
2.40000e-03	9.96290e-01	2.70000e+01
3.80000e-03	8.75972e-01	2.70000e+01
5.20000e-03	7.99331e-01	2.70000e+01
6.60000e-03	7.43735e-01	2.70000e+01
4.00000e-04	1.99579e+00	6.00000e+01
9.60000e-04	1.56803e+00	6.00000e+01
1.52000e-03	1.37519e+00	6.00000e+01
2.08000e-03	1.25454e+00	6.00000e+01
2.64000e-03	1.16831e+00	6.00000e+01
1.60000e-03	1.11131e+00	2.70000e+01
3.84000e-03	8.73345e-01	2.70000e+01
6.08000e-03	7.62628e-01	2.70000e+01
8.32000e-03	6.91713e-01	2.70000e+01
1.05600e-02	6.39993e-01	2.70000e+01
4.30000e-04	1.95715e+00	6.00000e+01
1.03200e-03	1.53634e+00	6.00000e+01
1.63400e-03	1.34661e+00	6.00000e+01
2.23600e-03	1.22790e+00	6.00000e+01
2.83800e-03	1.14304e+00	6.00000e+01
2.50000e-03	9.85186e-01	2.70000e+01
6.00000e-03	7.65700e-01	2.70000e+01
9.50000e-03	6.62726e-01	2.70000e+01
1.30000e-02	5.96237e-01	2.70000e+01
1.65000e-02	5.47374e-01	2.70000e+01
4.70000e-04	1.91049e+00	6.00000e+01
1.12800e-03	1.49807e+00	6.00000e+01
1.78600e-03	1.31210e+00	6.00000e+01
2.44400e-03	1.19571e+00	6.00000e+01
3.10200e-03	1.11250e+00	6.00000e+01
4.00000e-03	8.63151e-01	2.70000e+01
9.60000e-03	6.60460e-01	2.70000e+01
1.52000e-02	5.64049e-01	2.70000e+01
2.08000e-02	5.01023e-01	2.70000e+01
2.64000e-02	4.54187e-01	2.70000e+01
5.50000e-04	1.83029e+00	6.00000e+01
1.32000e-03	1.43228e+00	6.00000e+01
2.09000e-03	1.25276e+00	6.00000e+01
2.86000e-03	1.14036e+00	6.00000e+01
3.63000e-03	1.05996e+00	6.00000e+01
6.50000e-04	1.74814e+00	6.00000e+01
1.56000e-03	1.36487e+00	6.00000e+01
2.47000e-03	1.19193e+00	6.00000e+01
3.38000e-03	1.08359e+00	6.00000e+01
4.29000e-03	1.00603e+00	6.00000e+01
6.50000e-04	1.74814e+00	6.00000e+01
1.56000e-03	1.36487e+00	6.00000e+01
2.47000e-03	1.19193e+00	6.00000e+01
3.38000e-03	1.08359e+00	6.00000e+01
4.29000e-03	1.00603e+00	6.00000e+01
7.50000e-04	1.68019e+00	6.00000e+01
1.80000e-03	1.30910e+00	6.00000e+01
2.85000e-03	1.14158e+00	6.00000e+01
3.90000e-03	1.03656e+00	6.00000e+01
4.95000e-03	9.61325e-01	6.00000e+01
2.30000e-04	1.96224e+00	3.50000e+01
5.52000e-04	1.57524e+00	3.50000e+01
8.74000e-04	1.39830e+00	3.50000e+01
1.19600e-03	1.28671e+00	3.50000e+01
1.51800e-03	1.20653e+00	3.50000e+01
1.00000e-03	1.55008e+00	6.00000e+01
2.40000e-03	1.20224e+00	6.00000e+01
3.80000e-03	1.04499e+00	6.00000e+01
5.20000e-03	9.46240e-01	6.00000e+01
6.60000e-03	8.75359e-01	6.00000e+01
2.50000e-04	1.92230e+00	3.50000e+01
6.00000e-04	1.54189e+00	3.50000e+01
9.50000e-04	1.36794e+00	3.50000e+01
1.30000e-03	1.25823e+00	3.50000e+01
1.65000e-03	1.17938e+00	3.50000e+01
1.60000e-03	1.35487e+00	6.00000e+01
3.84000e-03	1.04159e+00	6.00000e+01
6.08000e-03	8.99372e-01	6.00000e+01
8.32000e-03	8.09645e-01	6.00000e+01
1.05600e-02	7.44932e-01	6.00000e+01
2.65500e-04	1.89392e+00	3.50000e+01
6.37200e-04	1.51817e+00	3.50000e+01
1.00890e-03	1.34635e+00	3.50000e+01
1.38060e-03	1.23797e+00	3.50000e+01
1.75230e-03	1.16008e+00	3.50000e+01
2.50000e-03	1.18762e+00	6.00000e+01
6.00000e-03	9.03285e-01	6.00000e+01
9.50000e-03	7.73297e-01	6.00000e+01
1.30000e-02	6.90692e-01	6.00000e+01
1.65000e-02	6.30698e-01	6.00000e+01
2.87000e-04	1.85769e+00	3.50000e+01
6.88800e-04	1.48791e+00	3.50000e+01
1.09060e-03	1.31880e+00	3.50000e+01
1.49240e-03	1.21212e+00	3.50000e+01
1.89420e-03	1.13543e+00	3.50000e+01
4.00000e-03	1.02839e+00	6.00000e+01
9.60000e-03	7.70465e-01	6.00000e+01
1.52000e-02	6.51102e-01	6.00000e+01
2.08000e-02	5.74375e-01	6.00000e+01
2.64000e-02	5.18062e-01	6.00000e+01
3.08000e-04	1.82533e+00	3.50000e+01
7.39200e-04	1.46088e+00	3.50000e+01
1.17040e-03	1.29419e+00	3.50000e+01
1.60160e-03	1.18902e+00	3.50000e+01
2.03280e-03	1.11341e+00	3.50000e+01
3.28500e-04	1.79621e+00	3.50000e+01
7.88400e-04	1.43655e+00	3.50000e+01
1.24830e-03	1.27203e+00	3.50000e+01
1.70820e-03	1.16823e+00	3.50000e+01
2.16810e-03	1.09358e+00	3.50000e+01
4.00000e-04	1.70958e+00	3.50000e+01
9.60000e-04	1.36416e+00	3.50000e+01
1.52000e-03	1.20609e+00	3.50000e+01
2.08000e-03	1.10632e+00	3.50000e+01
2.64000e-03	1.03454e+00	3.50000e+01
4.00000e-04	1.70958e+00	3.50000e+01
9.60000e-04	1.36416e+00	3.50000e+01
1.52000e-03	1.20609e+00	3.50000e+01
2.08000e-03	1.10632e+00	3.50000e+01
2.64000e-03	1.03454e+00	3.50000e+01
5.00000e-04	1.61557e+00	3.50000e+01
1.20000e-03	1.28556e+00	3.50000e+01
1.90000e-03	1.13447e+00	3.50000e+01
2.60000e-03	1.03904e+00	3.50000e+01
3.30000e-03	9.70330e-01	3.50000e+01
6.50000e-04	1.51040e+00	3.50000e+01
1.56000e-03	1.19759e+00	3.50000e+01
2.47000e-03	1.05424e+00	3.50000e+01
3.38000e-03	9.63601e-01	3.50000e+01
4.29000e-03	8.98270e-01	3.50000e+01
4.61000e-04	2.00130e+00	7.00000e+01
1.10640e-03	1.56251e+00	7.00000e+01
1.75180e-03	1.36550e+00	7.00000e+01
2.39720e-03	1.24253e+00	7.00000e+01
3.04260e-03	1.15478e+00	7.00000e+01
5.00000e-04	1.95673e+00	7.00000e+01
1.20000e-03	1.52615e+00	7.00000e+01
1.90000e-03	1.33281e+00	7.00000e+01
2.60000e-03	1.21211e+00	7.00000e+01
3.30000e-03	1.12595e+00	7.00000e+01
5.50000e-04	1.90549e+00	7.00000e+01
1.32000e-03	1.48434e+00	7.00000e+01
2.09000e-03	1.29521e+00	7.00000e+01
2.86000e-03	1.17711e+00	7.00000e+01
3.63000e-03	1.09278e+00	7.00000e+01
6.20000e-04	1.84267e+00	7.00000e+01
1.48800e-03	1.43308e+00	7.00000e+01
2.35600e-03	1.24910e+00	7.00000e+01
3.22400e-03	1.13417e+00	7.00000e+01
4.09200e-03	1.05207e+00	7.00000e+01
6.50000e-04	1.81837e+00	7.00000e+01
1.56000e-03	1.41326e+00	7.00000e+01
2.47000e-03	1.23126e+00	7.00000e+01
3.38000e-03	1.11755e+00	7.00000e+01
4.29000e-03	1.03630e+00	7.00000e+01
6.50000e-04	1.81837e+00	7.00000e+01
1.56000e-03	1.41326e+00	7.00000e+01
2.47000e-03	1.23126e+00	7.00000e+01
3.38000e-03	1.11755e+00	7.00000e+01
4.29000e-03	1.03630e+00	7.00000e+01
1.00000e-03	1.60874e+00	7.00000e+01
2.40000e-03	1.24209e+00	7.00000e+01
3.80000e-03	1.07710e+00	7.00000e+01
5.20000e-03	9.73774e-01	7.00000e+01
6.60000e-03	8.99760e-01	7.00000e+01
1.00000e-03	1.60874e+00	7.00000e+01
2.40000e-03	1.24209e+00	7.00000e+01
3.80000e-03	1.07710e+00	7.00000e+01
5.20000e-03	9.73774e-01	7.00000e+01
6.60000e-03	8.99760e-01	7.00000e+01
1.25000e-03	1.50813e+00	7.00000e+01
3.00000e-03	1.15984e+00	7.00000e+01
4.75000e-03	1.00287e+00	7.00000e+01
6.50000e-03	9.04390e-01	7.00000e+01
8.25000e-03	8.33709e-01	7.00000e+01
1.60000e-03	1.40272e+00	7.00000e+01
3.84000e-03	1.07353e+00	7.00000e+01
6.08000e-03	9.24819e-01	7.00000e+01
8.32000e-03	8.31266e-01	7.00000e+01
1.05600e-02	7.63940e-01	7.00000e+01
2.50000e-03	1.22673e+00	7.00000e+01
6.00000e-03	9.28904e-01	7.00000e+01
9.50000e-03	7.93434e-01	7.00000e+01
1.30000e-02	7.07613e-01	7.00000e+01
1.65000e-02	6.45429e-01	7.00000e+01
4.00000e-03	1.05971e+00	7.00000e+01
9.60000e-03	7.90488e-01	7.00000e+01
1.52000e-02	6.66563e-01	7.00000e+01
2.08000e-02	5.87168e-01	7.00000e+01
2.64000e-02	5.29039e-01	7.00000e+01
6.50000e-04	1.93454e+00	9.00000e+01
1.56000e-03	1.49230e+00	9.00000e+01
2.47000e-03	1.29504e+00	9.00000e+01
3.38000e-03	1.17233e+00	9.00000e+01
4.29000e-03	1.08493e+00	9.00000e+01
7.50000e-04	1.85568e+00	9.00000e+01
1.80000e-03	1.42852e+00	9.00000e+01
2.85000e-03	1.23792e+00	9.00000e+01
3.90000e-03	1.11929e+00	9.00000e+01
4.95000e-03	1.03473e+00	9.00000e+01
1.00000e-03	1.70520e+00	9.00000e+01
2.40000e-03	1.30676e+00	9.00000e+01
3.80000e-03	1.12878e+00	9.00000e+01
5.20000e-03	1.01783e+00	9.00000e+01
6.60000e-03	9.38615e-01	9.00000e+01
1.00000e-03	1.70520e+00	9.00000e+01
2.40000e-03	1.30676e+00	9.00000e+01
3.80000e-03	1.12878e+00	9.00000e+01
5.20000e-03	1.01783e+00	9.00000e+01
6.60000e-03	9.38615e-01	9.00000e+01
1.60000e-03	1.48085e+00	9.00000e+01
3.84000e-03	1.12495e+00	9.00000e+01
6.08000e-03	9.65409e-01	9.00000e+01
8.32000e-03	8.65524e-01	9.00000e+01
1.05600e-02	7.93897e-01	9.00000e+01
2.50000e-03	1.29015e+00	9.00000e+01
6.00000e-03	9.69779e-01	9.00000e+01
9.50000e-03	8.25247e-01	9.00000e+01
1.30000e-02	7.34150e-01	9.00000e+01
1.65000e-02	6.68391e-01	9.00000e+01
4.00000e-03	1.11008e+00	9.00000e+01
9.60000e-03	8.22114e-01	9.00000e+01
1.52000e-02	6.90715e-01	9.00000e+01
2.08000e-02	6.06986e-01	9.00000e+01
2.64000e-02	5.45928e-01	9.00000e+01
