3.10500e-07	7.22153e-02	4.50000e-02
7.45200e-07	6.77037e-02	4.50000e-02
1.17990e-06	6.53791e-02	4.50000e-02
1.61460e-06	6.38087e-02	4.50000e-02
2.04930e-06	6.26236e-02	4.50000e-02
3.31000e-05	2.94639e-01	3.50000e-01
7.94400e-05	2.64921e-01	3.50000e-01
1.25780e-04	2.49908e-01	3.50000e-01
1.72120e-04	2.39901e-01	3.50000e-01
2.18460e-04	2.32427e-01	3.50000e-01
4.48500e-07	1.00621e-01	6.50000e-02
1.07640e-06	9.41086e-02	6.50000e-02
1.70430e-06	9.07553e-02	6.50000e-02
2.33220e-06	8.84910e-02	6.50000e-02
2.96010e-06	8.67829e-02	6.50000e-02
6.50000e-05	2.71603e-01	3.50000e-01
1.56000e-04	2.43017e-01	3.50000e-01
2.47000e-04	2.28623e-01	3.50000e-01
3.38000e-04	2.19046e-01	3.50000e-01
4.29000e-04	2.11906e-01	3.50000e-01
5.10000e-07	9.96548e-02	6.50000e-02
1.22400e-06	9.31665e-02	6.50000e-02
1.93800e-06	8.98252e-02	6.50000e-02
2.65200e-06	8.75689e-02	6.50000e-02
3.36600e-06	8.58668e-02	6.50000e-02
1.10000e-04	2.54245e-01	3.50000e-01
2.64000e-04	2.26573e-01	3.50000e-01
4.18000e-04	2.12678e-01	3.50000e-01
5.72000e-04	2.03451e-01	3.50000e-01
7.26000e-04	1.96580e-01	3.50000e-01
5.85000e-07	1.27364e-01	8.50000e-02
1.40400e-06	1.18856e-01	8.50000e-02
2.22300e-06	1.14479e-01	8.50000e-02
3.04200e-06	1.11524e-01	8.50000e-02
3.86100e-06	1.09297e-01	8.50000e-02
2.50000e-04	2.28250e-01	3.50000e-01
6.00000e-04	2.02064e-01	3.50000e-01
9.50000e-04	1.88980e-01	3.50000e-01
1.30000e-03	1.80320e-01	3.50000e-01
1.65000e-03	1.73887e-01	3.50000e-01
6.70000e-07	1.26031e-01	8.50000e-02
1.60800e-06	1.17558e-01	8.50000e-02
2.54600e-06	1.13198e-01	8.50000e-02
3.48400e-06	1.10255e-01	8.50000e-02
4.42200e-06	1.08036e-01	8.50000e-02
1.25500e-03	1.81281e-01	3.50000e-01
3.01200e-03	1.58232e-01	3.50000e-01
4.76900e-03	1.46854e-01	3.50000e-01
6.52600e-03	1.39379e-01	3.50000e-01
8.28300e-03	1.33857e-01	3.50000e-01
7.80000e-07	1.24544e-01	8.50000e-02
1.87200e-06	1.16109e-01	8.50000e-02
2.96400e-06	1.11768e-01	8.50000e-02
4.05600e-06	1.08838e-01	8.50000e-02
5.14800e-06	1.06629e-01	8.50000e-02
4.41500e-06	4.09502e-01	4.00000e-01
1.05960e-05	3.72037e-01	4.00000e-01
1.67770e-05	3.53024e-01	4.00000e-01
2.29580e-05	3.40307e-01	4.00000e-01
2.91390e-05	3.30786e-01	4.00000e-01
7.55000e-07	1.58813e-01	1.10000e-01
1.81200e-06	1.47822e-01	1.10000e-01
2.86900e-06	1.42172e-01	1.10000e-01
3.92600e-06	1.38362e-01	1.10000e-01
4.98300e-06	1.35490e-01	1.10000e-01
5.50000e-06	3.99947e-01	4.00000e-01
1.32000e-05	3.62889e-01	4.00000e-01
2.09000e-05	3.44093e-01	4.00000e-01
2.86000e-05	3.31527e-01	4.00000e-01
3.63000e-05	3.22121e-01	4.00000e-01
8.65000e-07	1.57086e-01	1.10000e-01
2.07600e-06	1.46141e-01	1.10000e-01
3.28700e-06	1.40515e-01	1.10000e-01
4.49800e-06	1.36721e-01	1.10000e-01
5.70900e-06	1.33861e-01	1.10000e-01
6.65000e-06	3.91772e-01	4.00000e-01
1.59600e-05	3.55067e-01	4.00000e-01
2.52700e-05	3.36460e-01	4.00000e-01
3.45800e-05	3.24026e-01	4.00000e-01
4.38900e-05	3.14720e-01	4.00000e-01
1.01000e-06	1.55126e-01	1.10000e-01
2.42400e-06	1.44235e-01	1.10000e-01
3.83800e-06	1.38636e-01	1.10000e-01
5.25200e-06	1.34860e-01	1.10000e-01
6.66600e-06	1.32013e-01	1.10000e-01
8.50000e-06	3.81317e-01	4.00000e-01
2.04000e-05	3.45072e-01	4.00000e-01
3.23000e-05	3.26711e-01	4.00000e-01
4.42000e-05	3.14448e-01	4.00000e-01
5.61000e-05	3.05274e-01	4.00000e-01
1.21500e-06	1.52802e-01	1.10000e-01
2.91600e-06	1.41974e-01	1.10000e-01
4.61700e-06	1.36407e-01	1.10000e-01
6.31800e-06	1.32652e-01	1.10000e-01
8.01900e-06	1.29822e-01	1.10000e-01
1.10000e-05	3.70472e-01	4.00000e-01
2.64000e-05	3.34713e-01	4.00000e-01
4.18000e-05	3.16614e-01	4.00000e-01
5.72000e-05	3.04533e-01	4.00000e-01
7.26000e-05	2.95499e-01	4.00000e-01
1.03500e-06	2.05208e-01	1.50000e-01
2.48400e-06	1.90281e-01	1.50000e-01
3.93300e-06	1.82620e-01	1.50000e-01
5.38200e-06	1.77459e-01	1.50000e-01
6.83100e-06	1.73573e-01	1.50000e-01
1.84000e-05	3.49258e-01	4.00000e-01
4.41600e-05	3.14483e-01	4.00000e-01
6.99200e-05	2.96915e-01	4.00000e-01
9.56800e-05	2.85203e-01	4.00000e-01
1.21440e-04	2.76454e-01	4.00000e-01
1.18000e-06	2.02945e-01	1.50000e-01
2.83200e-06	1.88083e-01	1.50000e-01
4.48400e-06	1.80456e-01	1.50000e-01
6.13600e-06	1.75318e-01	1.50000e-01
7.78800e-06	1.71449e-01	1.50000e-01
4.41500e-05	3.14492e-01	4.00000e-01
1.05960e-04	2.81441e-01	4.00000e-01
1.67770e-04	2.64809e-01	4.00000e-01
2.29580e-04	2.53748e-01	4.00000e-01
2.91390e-04	2.45502e-01	4.00000e-01
1.38000e-06	2.00254e-01	1.50000e-01
3.31200e-06	1.85471e-01	1.50000e-01
5.24400e-06	1.77885e-01	1.50000e-01
7.17600e-06	1.72773e-01	1.50000e-01
9.10800e-06	1.68925e-01	1.50000e-01
8.80000e-05	2.88305e-01	4.00000e-01
2.11200e-04	2.56668e-01	4.00000e-01
3.34400e-04	2.40804e-01	4.00000e-01
4.57600e-04	2.30279e-01	4.00000e-01
5.80800e-04	2.22446e-01	4.00000e-01
1.65500e-06	1.97150e-01	1.50000e-01
3.97200e-06	1.82457e-01	1.50000e-01
6.28900e-06	1.74917e-01	1.50000e-01
8.60600e-06	1.69837e-01	1.50000e-01
1.09230e-05	1.66012e-01	1.50000e-01
1.47000e-04	2.69541e-01	4.00000e-01
3.52800e-04	2.38989e-01	4.00000e-01
5.58600e-04	2.23717e-01	4.00000e-01
7.64400e-04	2.13603e-01	4.00000e-01
9.70200e-04	2.06088e-01	4.00000e-01
2.07000e-06	1.93353e-01	1.50000e-01
4.96800e-06	1.78771e-01	1.50000e-01
7.86600e-06	1.71288e-01	1.50000e-01
1.07640e-05	1.66247e-01	1.50000e-01
1.36620e-05	1.62451e-01	1.50000e-01
3.15500e-04	2.42784e-01	4.00000e-01
7.57200e-04	2.13904e-01	4.00000e-01
1.19890e-03	1.99541e-01	4.00000e-01
1.64060e-03	1.90060e-01	4.00000e-01
2.08230e-03	1.83031e-01	4.00000e-01
2.51000e-06	1.90106e-01	1.50000e-01
6.02400e-06	1.75618e-01	1.50000e-01
9.53800e-06	1.68184e-01	1.50000e-01
1.30520e-05	1.63176e-01	1.50000e-01
1.65660e-05	1.59406e-01	1.50000e-01
3.66000e-06	4.97218e-01	5.00000e-01
8.78400e-06	4.50315e-01	5.00000e-01
1.39080e-05	4.26578e-01	5.00000e-01
1.90320e-05	4.10731e-01	5.00000e-01
2.41560e-05	3.98880e-01	5.00000e-01
1.57500e-06	2.55001e-01	2.00000e-01
3.78000e-06	2.35315e-01	2.00000e-01
5.98500e-06	2.25233e-01	2.00000e-01
8.19000e-06	2.18450e-01	2.00000e-01
1.03950e-05	2.13348e-01	2.00000e-01
4.30000e-06	4.88420e-01	5.00000e-01
1.03200e-05	4.41921e-01	5.00000e-01
1.63400e-05	4.18400e-01	5.00000e-01
2.23600e-05	4.02702e-01	5.00000e-01
2.83800e-05	3.90966e-01	5.00000e-01
1.84000e-06	2.51458e-01	2.00000e-01
4.41600e-06	2.31884e-01	2.00000e-01
6.99200e-06	2.21860e-01	2.00000e-01
9.56800e-06	2.15116e-01	2.00000e-01
1.21440e-05	2.10044e-01	2.00000e-01
7.90000e-06	4.55881e-01	5.00000e-01
1.89600e-05	4.10921e-01	5.00000e-01
3.00200e-05	3.88225e-01	5.00000e-01
4.10800e-05	3.73099e-01	5.00000e-01
5.21400e-05	3.61802e-01	5.00000e-01
2.20500e-06	2.47360e-01	2.00000e-01
5.29200e-06	2.27916e-01	2.00000e-01
8.37900e-06	2.17959e-01	2.00000e-01
1.14660e-05	2.11262e-01	2.00000e-01
1.45530e-05	2.06226e-01	2.00000e-01
1.06000e-05	4.40534e-01	5.00000e-01
2.54400e-05	3.96328e-01	5.00000e-01
4.02800e-05	3.74039e-01	5.00000e-01
5.51200e-05	3.59193e-01	5.00000e-01
6.99600e-05	3.48112e-01	5.00000e-01
2.76000e-06	2.42314e-01	2.00000e-01
6.62400e-06	2.23030e-01	2.00000e-01
1.04880e-05	2.13158e-01	2.00000e-01
1.43520e-05	2.06518e-01	2.00000e-01
1.82160e-05	2.01525e-01	2.00000e-01
1.38000e-05	4.26976e-01	5.00000e-01
3.31200e-05	3.83454e-01	5.00000e-01
5.24400e-05	3.61532e-01	5.00000e-01
7.17600e-05	3.46942e-01	5.00000e-01
9.10800e-05	3.36057e-01	5.00000e-01
3.34500e-06	2.38026e-01	2.00000e-01
8.02800e-06	2.18879e-01	2.00000e-01
1.27110e-05	2.09079e-01	2.00000e-01
1.73940e-05	2.02489e-01	2.00000e-01
2.20770e-05	1.97534e-01	2.00000e-01
1.99000e-05	4.08501e-01	5.00000e-01
4.77600e-05	3.65939e-01	5.00000e-01
7.56200e-05	3.44535e-01	5.00000e-01
1.03480e-04	3.30303e-01	5.00000e-01
1.31340e-04	3.19695e-01	5.00000e-01
4.24500e-06	2.32753e-01	2.00000e-01
1.01880e-05	2.13776e-01	2.00000e-01
1.61310e-05	2.04065e-01	2.00000e-01
2.20740e-05	1.97537e-01	2.00000e-01
2.80170e-05	1.92629e-01	2.00000e-01
5.00000e-05	3.63775e-01	5.00000e-01
1.20000e-04	3.23692e-01	5.00000e-01
1.90000e-04	3.03626e-01	5.00000e-01
2.60000e-04	2.90324e-01	5.00000e-01
3.30000e-04	2.80431e-01	5.00000e-01
5.50000e-06	2.27074e-01	2.00000e-01
1.32000e-05	2.08282e-01	2.00000e-01
2.09000e-05	1.98668e-01	2.00000e-01
2.86000e-05	1.92207e-01	2.00000e-01
3.63000e-05	1.87351e-01	2.00000e-01
1.25500e-04	3.21705e-01	5.00000e-01
3.01200e-04	2.84198e-01	5.00000e-01
4.76900e-04	2.65525e-01	5.00000e-01
6.52600e-04	2.53189e-01	5.00000e-01
8.28300e-04	2.44038e-01	5.00000e-01
1.99000e-05	1.99686e-01	2.00000e-01
4.77600e-05	1.81822e-01	2.00000e-01
7.56200e-05	1.72707e-01	2.00000e-01
1.03480e-04	1.66592e-01	2.00000e-01
1.31340e-04	1.62004e-01	2.00000e-01
1.84000e-04	3.05005e-01	5.00000e-01
4.41600e-04	2.68600e-01	5.00000e-01
6.99200e-04	2.50522e-01	5.00000e-01
9.56800e-04	2.38598e-01	5.00000e-01
1.21440e-03	2.29762e-01	5.00000e-01
1.25500e-04	1.62875e-01	2.00000e-01
3.01200e-04	1.46444e-01	2.00000e-01
4.76900e-04	1.38119e-01	2.00000e-01
6.52600e-04	1.32560e-01	2.00000e-01
8.28300e-04	1.28405e-01	2.00000e-01
4.00000e-04	2.72586e-01	5.00000e-01
9.60000e-04	2.38472e-01	5.00000e-01
1.52000e-03	2.21626e-01	5.00000e-01
2.08000e-03	2.10553e-01	5.00000e-01
2.64000e-03	2.02370e-01	5.00000e-01
1.97000e-06	3.02415e-01	2.50000e-01
4.72800e-06	2.77989e-01	2.50000e-01
7.48600e-06	2.65507e-01	2.50000e-01
1.02440e-05	2.57120e-01	2.50000e-01
1.30020e-05	2.50819e-01	2.50000e-01
1.60000e-03	2.19791e-01	5.00000e-01
3.84000e-03	1.89917e-01	5.00000e-01
6.08000e-03	1.75330e-01	5.00000e-01
8.32000e-03	1.65809e-01	5.00000e-01
1.05600e-02	1.58807e-01	5.00000e-01
2.30000e-06	2.98032e-01	2.50000e-01
5.52000e-06	2.73756e-01	2.50000e-01
8.74000e-06	2.61352e-01	2.50000e-01
1.19600e-05	2.53020e-01	2.50000e-01
1.51800e-05	2.46759e-01	2.50000e-01
4.76000e-06	5.88157e-01	6.50000e-01
1.14240e-05	5.28911e-01	6.50000e-01
1.80880e-05	4.99088e-01	6.50000e-01
2.47520e-05	4.79245e-01	6.50000e-01
3.14160e-05	4.64443e-01	6.50000e-01
2.76000e-06	2.92907e-01	2.50000e-01
6.62400e-06	2.68807e-01	2.50000e-01
1.04880e-05	2.56495e-01	2.50000e-01
1.43520e-05	2.48226e-01	2.50000e-01
1.82160e-05	2.42015e-01	2.50000e-01
5.60000e-06	5.76921e-01	6.50000e-01
1.34400e-05	5.18263e-01	6.50000e-01
2.12800e-05	4.88754e-01	6.50000e-01
2.91200e-05	4.69128e-01	6.50000e-01
3.69600e-05	4.54494e-01	6.50000e-01
3.45000e-06	2.86684e-01	2.50000e-01
8.28000e-06	2.62800e-01	2.50000e-01
1.31100e-05	2.50601e-01	2.50000e-01
1.79400e-05	2.42411e-01	2.50000e-01
2.27700e-05	2.36259e-01	2.50000e-01
7.90000e-06	5.53488e-01	6.50000e-01
1.89600e-05	4.96083e-01	6.50000e-01
3.00200e-05	4.67246e-01	6.50000e-01
4.10800e-05	4.48085e-01	6.50000e-01
5.21400e-05	4.33807e-01	6.50000e-01
4.18000e-06	2.81375e-01	2.50000e-01
1.00320e-05	2.57676e-01	2.50000e-01
1.58840e-05	2.45576e-01	2.50000e-01
2.17360e-05	2.37453e-01	2.50000e-01
2.75880e-05	2.31353e-01	2.50000e-01
8.20000e-06	5.50979e-01	6.50000e-01
1.96800e-05	4.93710e-01	6.50000e-01
3.11600e-05	4.64947e-01	6.50000e-01
4.26400e-05	4.45837e-01	6.50000e-01
5.41200e-05	4.31597e-01	6.50000e-01
5.30000e-06	2.74865e-01	2.50000e-01
1.27200e-05	2.51396e-01	2.50000e-01
2.01400e-05	2.39418e-01	2.50000e-01
2.75600e-05	2.31379e-01	2.50000e-01
3.49800e-05	2.25343e-01	2.50000e-01
1.99000e-05	4.93004e-01	6.50000e-01
4.77600e-05	4.39033e-01	6.50000e-01
7.56200e-05	4.12040e-01	6.50000e-01
1.03480e-04	3.94153e-01	6.50000e-01
1.31340e-04	3.80853e-01	6.50000e-01
6.90000e-06	2.67704e-01	2.50000e-01
1.65600e-05	2.44490e-01	2.50000e-01
2.62200e-05	2.32649e-01	2.50000e-01
3.58800e-05	2.24704e-01	2.50000e-01
4.55400e-05	2.18741e-01	2.50000e-01
2.99000e-05	4.67494e-01	6.50000e-01
7.17600e-05	4.15070e-01	6.50000e-01
1.13620e-04	3.88907e-01	6.50000e-01
1.55480e-04	3.71595e-01	6.50000e-01
1.97340e-04	3.58735e-01	6.50000e-01
1.15000e-05	2.54056e-01	2.50000e-01
2.76000e-05	2.31342e-01	2.50000e-01
4.37000e-05	2.19768e-01	2.50000e-01
5.98000e-05	2.12009e-01	2.50000e-01
7.59000e-05	2.06190e-01	2.50000e-01
5.00000e-05	4.36299e-01	6.50000e-01
1.20000e-04	3.85860e-01	6.50000e-01
1.90000e-04	3.60762e-01	6.50000e-01
2.60000e-04	3.44185e-01	6.50000e-01
3.30000e-04	3.31889e-01	6.50000e-01
1.99000e-05	2.39727e-01	2.50000e-01
4.77600e-05	2.17559e-01	2.50000e-01
7.56200e-05	2.06280e-01	2.50000e-01
1.03480e-04	1.98727e-01	2.50000e-01
1.31340e-04	1.93067e-01	2.50000e-01
1.25500e-04	3.83370e-01	6.50000e-01
3.01200e-04	3.36568e-01	6.50000e-01
4.76900e-04	3.13417e-01	6.50000e-01
6.52600e-04	2.98183e-01	6.50000e-01
8.28300e-04	2.86913e-01	6.50000e-01
5.50000e-05	2.14068e-01	2.50000e-01
1.32000e-04	1.92948e-01	2.50000e-01
2.09000e-04	1.82243e-01	2.50000e-01
2.86000e-04	1.75093e-01	2.50000e-01
3.63000e-04	1.69744e-01	2.50000e-01
2.39000e-04	3.48592e-01	6.50000e-01
5.73600e-04	3.04394e-01	6.50000e-01
9.08200e-04	2.82632e-01	6.50000e-01
1.24280e-03	2.68352e-01	6.50000e-01
1.57740e-03	2.57810e-01	6.50000e-01
1.25500e-04	1.94141e-01	2.50000e-01
3.01200e-04	1.73925e-01	2.50000e-01
4.76900e-04	1.63717e-01	2.50000e-01
6.52600e-04	1.56916e-01	2.50000e-01
8.28300e-04	1.51840e-01	2.50000e-01
4.00000e-04	3.22159e-01	6.50000e-01
9.60000e-04	2.80072e-01	6.50000e-01
1.52000e-03	2.59431e-01	6.50000e-01
2.08000e-03	2.45919e-01	6.50000e-01
2.64000e-03	2.35962e-01	6.50000e-01
1.97000e-04	1.83606e-01	2.50000e-01
4.72800e-04	1.63906e-01	2.50000e-01
7.48600e-04	1.53984e-01	2.50000e-01
1.02440e-03	1.47385e-01	2.50000e-01
1.30020e-03	1.42465e-01	2.50000e-01
1.60000e-03	2.57189e-01	6.50000e-01
3.84000e-03	2.20860e-01	6.50000e-01
6.08000e-03	2.03248e-01	6.50000e-01
8.32000e-03	1.91798e-01	6.50000e-01
1.05600e-02	1.83404e-01	6.50000e-01
7.90000e-04	1.52842e-01	2.50000e-01
1.89600e-03	1.34854e-01	2.50000e-01
3.00200e-03	1.25879e-01	2.50000e-01
4.10800e-03	1.19943e-01	2.50000e-01
5.21400e-03	1.15538e-01	2.50000e-01
6.20000e-06	6.91176e-01	8.50000e-01
1.48800e-05	6.16640e-01	8.50000e-01
2.35600e-05	5.79361e-01	8.50000e-01
3.22400e-05	5.54657e-01	8.50000e-01
4.09200e-05	5.36286e-01	8.50000e-01
2.56000e-06	3.89482e-01	3.50000e-01
6.14400e-06	3.55742e-01	3.50000e-01
9.72800e-06	3.38568e-01	3.50000e-01
1.33120e-05	3.27059e-01	3.50000e-01
1.68960e-05	3.18429e-01	3.50000e-01
6.90000e-06	6.81824e-01	8.50000e-01
1.65600e-05	6.07847e-01	8.50000e-01
2.62200e-05	5.70868e-01	8.50000e-01
3.58800e-05	5.46371e-01	8.50000e-01
4.55400e-05	5.28157e-01	8.50000e-01
2.56000e-06	3.89482e-01	3.50000e-01
6.14400e-06	3.55742e-01	3.50000e-01
9.72800e-06	3.38568e-01	3.50000e-01
1.33120e-05	3.27059e-01	3.50000e-01
1.68960e-05	3.18429e-01	3.50000e-01
1.00000e-05	6.49910e-01	8.50000e-01
2.40000e-05	5.77887e-01	8.50000e-01
3.80000e-05	5.41953e-01	8.50000e-01
5.20000e-05	5.18176e-01	8.50000e-01
6.60000e-05	5.00513e-01	8.50000e-01
3.05000e-06	3.82626e-01	3.50000e-01
7.32000e-06	3.49153e-01	3.50000e-01
1.15900e-05	3.32120e-01	3.50000e-01
1.58600e-05	3.20710e-01	3.50000e-01
2.01300e-05	3.12154e-01	3.50000e-01
1.00000e-05	6.49910e-01	8.50000e-01
2.40000e-05	5.77887e-01	8.50000e-01
3.80000e-05	5.41953e-01	8.50000e-01
5.20000e-05	5.18176e-01	8.50000e-01
6.60000e-05	5.00513e-01	8.50000e-01
3.31000e-06	3.79442e-01	3.50000e-01
7.94400e-06	3.46094e-01	3.50000e-01
1.25780e-05	3.29127e-01	3.50000e-01
1.72120e-05	3.17762e-01	3.50000e-01
2.18460e-05	3.09242e-01	3.50000e-01
1.99000e-05	5.92908e-01	8.50000e-01
4.77600e-05	5.24563e-01	8.50000e-01
7.56200e-05	4.90592e-01	8.50000e-01
1.03480e-04	4.68167e-01	8.50000e-01
1.31340e-04	4.51539e-01	8.50000e-01
4.14000e-06	3.70792e-01	3.50000e-01
9.93600e-06	3.37786e-01	3.50000e-01
1.57320e-05	3.21002e-01	3.50000e-01
2.15280e-05	3.09763e-01	3.50000e-01
2.73240e-05	3.01339e-01	3.50000e-01
2.50000e-05	5.74642e-01	8.50000e-01
6.00000e-05	5.07531e-01	8.50000e-01
9.50000e-05	4.74219e-01	8.50000e-01
1.30000e-04	4.52247e-01	8.50000e-01
1.65000e-04	4.35964e-01	8.50000e-01
5.00000e-06	3.63563e-01	3.50000e-01
1.20000e-05	3.30847e-01	3.50000e-01
1.90000e-05	3.14218e-01	3.50000e-01
2.60000e-05	3.03086e-01	3.50000e-01
3.30000e-05	2.94744e-01	3.50000e-01
5.00000e-05	5.21115e-01	8.50000e-01
1.20000e-04	4.57794e-01	8.50000e-01
1.90000e-04	4.26499e-01	8.50000e-01
2.60000e-04	4.05913e-01	8.50000e-01
3.30000e-04	3.90687e-01	8.50000e-01
6.35000e-06	3.54497e-01	3.50000e-01
1.52400e-05	3.22151e-01	3.50000e-01
2.41300e-05	3.05719e-01	3.50000e-01
3.30200e-05	2.94723e-01	3.50000e-01
4.19100e-05	2.86487e-01	3.50000e-01
1.25500e-04	4.54683e-01	8.50000e-01
3.01200e-04	3.96476e-01	8.50000e-01
4.76900e-04	3.67890e-01	8.50000e-01
6.52600e-04	3.49159e-01	8.50000e-01
8.28300e-04	3.35345e-01	8.50000e-01
8.25000e-06	3.44684e-01	3.50000e-01
1.98000e-05	3.12744e-01	3.50000e-01
3.13500e-05	2.96530e-01	3.50000e-01
4.29000e-05	2.85686e-01	3.50000e-01
5.44500e-05	2.77565e-01	3.50000e-01
4.00000e-04	3.78668e-01	8.50000e-01
9.60000e-04	3.26979e-01	8.50000e-01
1.52000e-03	3.01819e-01	8.50000e-01
2.08000e-03	2.85422e-01	8.50000e-01
2.64000e-03	2.73376e-01	8.50000e-01
1.60000e-05	3.20392e-01	3.50000e-01
3.84000e-05	2.89496e-01	3.50000e-01
6.08000e-05	2.73845e-01	3.50000e-01
8.32000e-05	2.63391e-01	3.50000e-01
1.05600e-04	2.55573e-01	3.50000e-01
1.60000e-03	2.99095e-01	8.50000e-01
3.84000e-03	2.55170e-01	8.50000e-01
6.08000e-03	2.34039e-01	8.50000e-01
8.32000e-03	2.20362e-01	8.50000e-01
1.05600e-02	2.10365e-01	8.50000e-01
8.80000e-06	8.35031e-01	1.20000e+00
2.11200e-05	7.36688e-01	1.20000e+00
3.34400e-05	6.87985e-01	1.20000e+00
4.57600e-05	6.55905e-01	1.20000e+00
5.80800e-05	6.32154e-01	1.20000e+00
4.00000e-05	1.06501e+00	2.70000e+00
9.60000e-05	9.08163e-01	2.70000e+00
1.52000e-04	8.33067e-01	2.70000e+00
2.08000e-04	7.84582e-01	2.70000e+00
2.64000e-04	7.49202e-01	2.70000e+00
1.00000e-05	8.20221e-01	1.20000e+00
2.40000e-05	7.22937e-01	1.20000e+00
3.80000e-05	6.74797e-01	1.20000e+00
5.20000e-05	6.43102e-01	1.20000e+00
6.60000e-05	6.19645e-01	1.20000e+00
4.00000e-05	1.06501e+00	2.70000e+00
9.60000e-05	9.08163e-01	2.70000e+00
1.52000e-04	8.33067e-01	2.70000e+00
2.08000e-04	7.84582e-01	2.70000e+00
2.64000e-04	7.49202e-01	2.70000e+00
1.00000e-05	8.20221e-01	1.20000e+00
2.40000e-05	7.22937e-01	1.20000e+00
3.80000e-05	6.74797e-01	1.20000e+00
5.20000e-05	6.43102e-01	1.20000e+00
6.60000e-05	6.19645e-01	1.20000e+00
6.50000e-05	9.75763e-01	2.70000e+00
1.56000e-04	8.28967e-01	2.70000e+00
2.47000e-04	7.58953e-01	2.70000e+00
3.38000e-04	7.13849e-01	2.70000e+00
4.29000e-04	6.80987e-01	2.70000e+00
1.60000e-05	7.67089e-01	1.20000e+00
3.84000e-05	6.73723e-01	1.20000e+00
6.08000e-05	6.27657e-01	1.20000e+00
8.32000e-05	5.97383e-01	1.20000e+00
1.05600e-04	5.75006e-01	1.20000e+00
1.00000e-04	9.01294e-01	2.70000e+00
2.40000e-04	7.63195e-01	2.70000e+00
3.80000e-04	6.97553e-01	2.70000e+00
5.20000e-04	6.55348e-01	2.70000e+00
6.60000e-04	6.24641e-01	2.70000e+00
1.60000e-05	7.67089e-01	1.20000e+00
3.84000e-05	6.73723e-01	1.20000e+00
6.08000e-05	6.27657e-01	1.20000e+00
8.32000e-05	5.97383e-01	1.20000e+00
1.05600e-04	5.75006e-01	1.20000e+00
1.60000e-04	8.24986e-01	2.70000e+00
3.84000e-04	6.96110e-01	2.70000e+00
6.08000e-04	6.35079e-01	2.70000e+00
8.32000e-04	5.95922e-01	2.70000e+00
1.05600e-03	5.67474e-01	2.70000e+00
3.15500e-05	6.94040e-01	1.20000e+00
7.57200e-05	6.06376e-01	1.20000e+00
1.19890e-04	5.63318e-01	1.20000e+00
1.64060e-04	5.35098e-01	1.20000e+00
2.08230e-04	5.14282e-01	1.20000e+00
2.50000e-04	7.57177e-01	2.70000e+00
6.00000e-04	6.36777e-01	2.70000e+00
9.50000e-04	5.79958e-01	2.70000e+00
1.30000e-03	5.43576e-01	2.70000e+00
1.65000e-03	5.17181e-01	2.70000e+00
4.00000e-05	6.69549e-01	1.20000e+00
9.60000e-05	5.83886e-01	1.20000e+00
1.52000e-04	5.41880e-01	1.20000e+00
2.08000e-04	5.14377e-01	1.20000e+00
2.64000e-04	4.94104e-01	1.20000e+00
4.00000e-04	6.90509e-01	2.70000e+00
9.60000e-04	5.78713e-01	2.70000e+00
1.52000e-03	5.26146e-01	2.70000e+00
2.08000e-03	4.92556e-01	2.70000e+00
2.64000e-03	4.68222e-01	2.70000e+00
6.50000e-05	6.21130e-01	1.20000e+00
1.56000e-04	5.39567e-01	1.20000e+00
2.47000e-04	4.99709e-01	1.20000e+00
3.38000e-04	4.73668e-01	1.20000e+00
4.29000e-04	4.54501e-01	1.20000e+00
6.50000e-04	6.26573e-01	2.70000e+00
1.56000e-03	5.23295e-01	2.70000e+00
2.47000e-03	4.74913e-01	2.70000e+00
3.38000e-03	4.44062e-01	2.70000e+00
4.29000e-03	4.21745e-01	2.70000e+00
7.90000e-05	6.02317e-01	1.20000e+00
1.89600e-04	5.22400e-01	1.20000e+00
3.00200e-04	4.83404e-01	1.20000e+00
4.10800e-04	4.57946e-01	1.20000e+00
5.21400e-04	4.39222e-01	1.20000e+00
1.00000e-03	5.73877e-01	2.70000e+00
2.40000e-03	4.77828e-01	2.70000e+00
3.80000e-03	4.32978e-01	2.70000e+00
5.20000e-03	4.04430e-01	2.70000e+00
6.60000e-03	3.83806e-01	2.70000e+00
1.99000e-04	5.18199e-01	1.20000e+00
4.77600e-04	4.46050e-01	1.20000e+00
7.56200e-04	4.11093e-01	1.20000e+00
1.03480e-03	3.88369e-01	1.20000e+00
1.31340e-03	3.71706e-01	1.20000e+00
2.50000e-03	4.73694e-01	2.70000e+00
6.00000e-03	3.91941e-01	2.70000e+00
9.50000e-03	3.54022e-01	2.70000e+00
1.30000e-02	3.29976e-01	2.70000e+00
1.65000e-02	3.12649e-01	2.70000e+00
6.50000e-04	4.22386e-01	1.20000e+00
1.56000e-03	3.60004e-01	1.20000e+00
2.47000e-03	3.30069e-01	1.20000e+00
3.38000e-03	3.10719e-01	1.20000e+00
4.29000e-03	2.96589e-01	1.20000e+00
2.50000e-03	3.29308e-01	1.20000e+00
6.00000e-03	2.77534e-01	1.20000e+00
9.50000e-03	2.52972e-01	1.20000e+00
1.30000e-02	2.37200e-01	1.20000e+00
1.65000e-02	2.25737e-01	1.20000e+00
2.03000e-05	1.37902e+00	3.50000e+00
4.87200e-05	1.17344e+00	3.50000e+00
7.71400e-05	1.07525e+00	3.50000e+00
1.05560e-04	1.01194e+00	3.50000e+00
1.33980e-04	9.65800e-01	3.50000e+00
9.25000e-06	9.58287e-01	1.50000e+00
2.22000e-05	8.40091e-01	1.50000e+00
3.51500e-05	7.81907e-01	1.50000e+00
4.81000e-05	7.43721e-01	1.50000e+00
6.10500e-05	7.15525e-01	1.50000e+00
2.16000e-05	1.36362e+00	3.50000e+00
5.18400e-05	1.15979e+00	3.50000e+00
8.20800e-05	1.06248e+00	3.50000e+00
1.12320e-04	9.99768e-01	3.50000e+00
1.42560e-04	9.54061e-01	3.50000e+00
1.10000e-05	9.34132e-01	1.50000e+00
2.64000e-05	8.17839e-01	1.50000e+00
4.18000e-05	7.60659e-01	1.50000e+00
5.72000e-05	7.23157e-01	1.50000e+00
7.26000e-05	6.95481e-01	1.50000e+00
2.30000e-05	1.34818e+00	3.50000e+00
5.52000e-05	1.14611e+00	3.50000e+00
8.74000e-05	1.04969e+00	3.50000e+00
1.19600e-04	9.87565e-01	3.50000e+00
1.51800e-04	9.42298e-01	3.50000e+00
1.60000e-05	8.83181e-01	1.50000e+00
3.84000e-05	7.71015e-01	1.50000e+00
6.08000e-05	7.16004e-01	1.50000e+00
8.32000e-05	6.79981e-01	1.50000e+00
1.05600e-04	6.53425e-01	1.50000e+00
2.56000e-05	1.32213e+00	3.50000e+00
6.14400e-05	1.12305e+00	3.50000e+00
9.72800e-05	1.02814e+00	3.50000e+00
1.33120e-04	9.67024e-01	3.50000e+00
1.68960e-04	9.22504e-01	3.50000e+00
1.60000e-05	8.83181e-01	1.50000e+00
3.84000e-05	7.71015e-01	1.50000e+00
6.08000e-05	7.16004e-01	1.50000e+00
8.32000e-05	6.79981e-01	1.50000e+00
1.05600e-04	6.53425e-01	1.50000e+00
2.65500e-05	1.31336e+00	3.50000e+00
6.37200e-05	1.11529e+00	3.50000e+00
1.00890e-04	1.02089e+00	3.50000e+00
1.38060e-04	9.60113e-01	3.50000e+00
1.75230e-04	9.15844e-01	3.50000e+00
2.50000e-05	8.24796e-01	1.50000e+00
6.00000e-05	7.17552e-01	1.50000e+00
9.50000e-05	6.65120e-01	1.50000e+00
1.30000e-04	6.30849e-01	1.50000e+00
1.65000e-04	6.05620e-01	1.50000e+00
2.86500e-05	1.29516e+00	3.50000e+00
6.87600e-05	1.09921e+00	3.50000e+00
1.08870e-04	1.00587e+00	3.50000e+00
1.48980e-04	9.45798e-01	3.50000e+00
1.89090e-04	9.02055e-01	3.50000e+00
4.00000e-05	7.66021e-01	1.50000e+00
9.60000e-05	6.63956e-01	1.50000e+00
1.52000e-04	6.14225e-01	1.50000e+00
2.08000e-04	5.81786e-01	1.50000e+00
2.64000e-04	5.57941e-01	1.50000e+00
4.00000e-05	1.21760e+00	3.50000e+00
9.60000e-05	1.03079e+00	3.50000e+00
1.52000e-04	9.42053e-01	3.50000e+00
2.08000e-04	8.85023e-01	3.50000e+00
2.64000e-04	8.43541e-01	3.50000e+00
6.50000e-05	7.08229e-01	1.50000e+00
1.56000e-04	6.11492e-01	1.50000e+00
2.47000e-04	5.64528e-01	1.50000e+00
3.38000e-04	5.33960e-01	1.50000e+00
4.29000e-04	5.11525e-01	1.50000e+00
4.00000e-05	1.21760e+00	3.50000e+00
9.60000e-05	1.03079e+00	3.50000e+00
1.52000e-04	9.42053e-01	3.50000e+00
2.08000e-04	8.85023e-01	3.50000e+00
2.64000e-04	8.43541e-01	3.50000e+00
1.00000e-04	6.59431e-01	1.50000e+00
2.40000e-04	5.67390e-01	1.50000e+00
3.80000e-04	5.22852e-01	1.50000e+00
5.20000e-04	4.93920e-01	1.50000e+00
6.60000e-04	4.72716e-01	1.50000e+00
6.50000e-05	1.11107e+00	3.50000e+00
1.56000e-04	9.37222e-01	3.50000e+00
2.47000e-04	8.54962e-01	3.50000e+00
3.38000e-04	8.02211e-01	3.50000e+00
4.29000e-04	7.63900e-01	3.50000e+00
1.60000e-04	6.08837e-01	1.50000e+00
3.84000e-04	5.21867e-01	1.50000e+00
6.08000e-04	4.79939e-01	1.50000e+00
8.32000e-04	4.52761e-01	1.50000e+00
1.05600e-03	4.32873e-01	1.50000e+00
1.00000e-04	1.02265e+00	3.50000e+00
2.40000e-04	8.59934e-01	3.50000e+00
3.80000e-04	7.83199e-01	3.50000e+00
5.20000e-04	7.34085e-01	3.50000e+00
6.60000e-04	6.98464e-01	3.50000e+00
2.50000e-04	5.63329e-01	1.50000e+00
6.00000e-04	4.81112e-01	1.50000e+00
9.50000e-04	4.41616e-01	1.50000e+00
1.30000e-03	4.16068e-01	1.50000e+00
1.65000e-03	3.97401e-01	1.50000e+00
1.60000e-04	9.32533e-01	3.50000e+00
3.84000e-04	7.81518e-01	3.50000e+00
6.08000e-04	7.10561e-01	3.50000e+00
8.32000e-04	6.65238e-01	3.50000e+00
1.05600e-03	6.32413e-01	3.50000e+00
4.00000e-04	5.18040e-01	1.50000e+00
9.60000e-04	4.40745e-01	1.50000e+00
1.52000e-03	4.03754e-01	1.50000e+00
2.08000e-03	3.79880e-01	1.50000e+00
2.64000e-03	3.62463e-01	1.50000e+00
2.50000e-04	8.52882e-01	3.50000e+00
6.00000e-04	7.12530e-01	3.50000e+00
9.50000e-04	6.46807e-01	3.50000e+00
1.30000e-03	6.04905e-01	3.50000e+00
1.65000e-03	5.74598e-01	3.50000e+00
5.00000e-04	4.97474e-01	1.50000e+00
1.20000e-03	4.22480e-01	1.50000e+00
1.90000e-03	3.86656e-01	1.50000e+00
2.60000e-03	3.63560e-01	1.50000e+00
3.30000e-03	3.46724e-01	1.50000e+00
4.00000e-04	7.74990e-01	3.50000e+00
9.60000e-04	6.45370e-01	3.50000e+00
1.52000e-03	5.84883e-01	3.50000e+00
2.08000e-03	5.46394e-01	3.50000e+00
2.64000e-03	5.18595e-01	3.50000e+00
1.60000e-03	3.99774e-01	1.50000e+00
3.84000e-03	3.36339e-01	1.50000e+00
6.08000e-03	3.06326e-01	1.50000e+00
8.32000e-03	2.87083e-01	1.50000e+00
1.05600e-02	2.73111e-01	1.50000e+00
6.50000e-04	7.00702e-01	3.50000e+00
1.56000e-03	5.81611e-01	3.50000e+00
2.47000e-03	5.26232e-01	3.50000e+00
3.38000e-03	4.91063e-01	3.50000e+00
4.29000e-03	4.65694e-01	3.50000e+00
6.50000e-04	4.74054e-01	1.50000e+00
1.56000e-03	4.01735e-01	1.50000e+00
2.47000e-03	3.67263e-01	1.50000e+00
3.38000e-03	3.45066e-01	1.50000e+00
4.29000e-03	3.28900e-01	1.50000e+00
1.00000e-03	6.39793e-01	3.50000e+00
2.40000e-03	5.29560e-01	3.50000e+00
3.80000e-03	4.78455e-01	3.50000e+00
5.20000e-03	4.46055e-01	3.50000e+00
6.60000e-03	4.22711e-01	3.50000e+00
1.23500e-05	1.09534e+00	2.00000e+00
2.96400e-05	9.50557e-01	2.00000e+00
4.69300e-05	8.79986e-01	2.00000e+00
6.42200e-05	8.33944e-01	2.00000e+00
8.15100e-05	8.00092e-01	2.00000e+00
4.00000e-03	4.73022e-01	3.50000e+00
9.60000e-03	3.88167e-01	3.50000e+00
1.52000e-02	3.49188e-01	3.50000e+00
2.08000e-02	3.24600e-01	3.50000e+00
2.64000e-02	3.06949e-01	3.50000e+00
1.46500e-05	1.06603e+00	2.00000e+00
3.51600e-05	9.23896e-01	2.00000e+00
5.56700e-05	8.54704e-01	2.00000e+00
7.61800e-05	8.09594e-01	2.00000e+00
9.66900e-05	7.76446e-01	2.00000e+00
2.61000e-05	1.49445e+00	4.50000e+00
6.26400e-05	1.26039e+00	4.50000e+00
9.91800e-05	1.14968e+00	4.50000e+00
1.35720e-04	1.07870e+00	4.50000e+00
1.72260e-04	1.02716e+00	4.50000e+00
1.63500e-05	1.04746e+00	2.00000e+00
3.92400e-05	9.07028e-01	2.00000e+00
6.21300e-05	8.38720e-01	2.00000e+00
8.50200e-05	7.94208e-01	2.00000e+00
1.07910e-04	7.61511e-01	2.00000e+00
2.96000e-05	1.45888e+00	4.50000e+00
7.10400e-05	1.22926e+00	4.50000e+00
1.12480e-04	1.12076e+00	4.50000e+00
1.53920e-04	1.05124e+00	4.50000e+00
1.95360e-04	1.00078e+00	4.50000e+00
2.50000e-05	9.77648e-01	2.00000e+00
6.00000e-05	8.43776e-01	2.00000e+00
9.50000e-05	7.78865e-01	2.00000e+00
1.30000e-04	7.36646e-01	2.00000e+00
1.65000e-04	7.05675e-01	2.00000e+00
3.09000e-05	1.44688e+00	4.50000e+00
7.41600e-05	1.21877e+00	4.50000e+00
1.17420e-04	1.11102e+00	4.50000e+00
1.60680e-04	1.04199e+00	4.50000e+00
2.03940e-04	9.91895e-01	4.50000e+00
2.50000e-05	9.77648e-01	2.00000e+00
6.00000e-05	8.43776e-01	2.00000e+00
9.50000e-05	7.78865e-01	2.00000e+00
1.30000e-04	7.36646e-01	2.00000e+00
1.65000e-04	7.05675e-01	2.00000e+00
3.41500e-05	1.41926e+00	4.50000e+00
8.19600e-05	1.19464e+00	4.50000e+00
1.29770e-04	1.08862e+00	4.50000e+00
1.77580e-04	1.02073e+00	4.50000e+00
2.25390e-04	9.71479e-01	4.50000e+00
4.00000e-05	9.04102e-01	2.00000e+00
9.60000e-05	7.77428e-01	2.00000e+00
1.52000e-04	7.16227e-01	2.00000e+00
2.08000e-04	6.76505e-01	2.00000e+00
2.64000e-04	6.47410e-01	2.00000e+00
3.66000e-05	1.40036e+00	4.50000e+00
8.78400e-05	1.17814e+00	4.50000e+00
1.39080e-04	1.07332e+00	4.50000e+00
1.90320e-04	1.00621e+00	4.50000e+00
2.41560e-04	9.57539e-01	4.50000e+00
6.50000e-05	8.32206e-01	2.00000e+00
1.56000e-04	7.12875e-01	2.00000e+00
2.47000e-04	6.55438e-01	2.00000e+00
3.38000e-04	6.18242e-01	2.00000e+00
4.29000e-04	5.91040e-01	2.00000e+00
4.09000e-05	1.37048e+00	4.50000e+00
9.81600e-05	1.15208e+00	4.50000e+00
1.55420e-04	1.04915e+00	4.50000e+00
2.12680e-04	9.83286e-01	4.50000e+00
2.69940e-04	9.35533e-01	4.50000e+00
1.00000e-04	7.71845e-01	2.00000e+00
2.40000e-04	6.58929e-01	2.00000e+00
3.80000e-04	6.04764e-01	2.00000e+00
5.20000e-04	5.69755e-01	2.00000e+00
6.60000e-04	5.44188e-01	2.00000e+00
4.09000e-05	1.37048e+00	4.50000e+00
9.81600e-05	1.15208e+00	4.50000e+00
1.55420e-04	1.04915e+00	4.50000e+00
2.12680e-04	9.83286e-01	4.50000e+00
2.69940e-04	9.35533e-01	4.50000e+00
1.60000e-04	7.09618e-01	2.00000e+00
3.84000e-04	6.03569e-01	2.00000e+00
6.08000e-04	5.52888e-01	2.00000e+00
8.32000e-04	5.20201e-01	2.00000e+00
1.05600e-03	4.96367e-01	2.00000e+00
6.50000e-05	1.25118e+00	4.50000e+00
1.56000e-04	1.04834e+00	4.50000e+00
2.47000e-04	9.53093e-01	4.50000e+00
3.38000e-04	8.92273e-01	4.50000e+00
4.29000e-04	8.48237e-01	4.50000e+00
2.50000e-04	6.53977e-01	2.00000e+00
6.00000e-04	5.54302e-01	2.00000e+00
9.50000e-04	5.06835e-01	2.00000e+00
1.30000e-03	4.76285e-01	2.00000e+00
1.65000e-03	4.54041e-01	2.00000e+00
6.50000e-05	1.25118e+00	4.50000e+00
1.56000e-04	1.04834e+00	4.50000e+00
2.47000e-04	9.53093e-01	4.50000e+00
3.38000e-04	8.92273e-01	4.50000e+00
4.29000e-04	8.48237e-01	4.50000e+00
5.00000e-04	5.74046e-01	2.00000e+00
1.20000e-03	4.83941e-01	2.00000e+00
1.90000e-03	4.41268e-01	2.00000e+00
2.60000e-03	4.13891e-01	2.00000e+00
3.30000e-03	3.94002e-01	2.00000e+00
1.00000e-04	1.14777e+00	4.50000e+00
2.40000e-04	9.58835e-01	4.50000e+00
3.80000e-04	8.70407e-01	4.50000e+00
5.20000e-04	8.14046e-01	4.50000e+00
6.60000e-04	7.73291e-01	4.50000e+00
1.60000e-03	4.56865e-01	2.00000e+00
3.84000e-03	3.81764e-01	2.00000e+00
6.08000e-03	3.46525e-01	2.00000e+00
8.32000e-03	3.24034e-01	2.00000e+00
1.05600e-02	3.07756e-01	2.00000e+00
1.60000e-04	1.04290e+00	4.50000e+00
3.84000e-04	8.68474e-01	4.50000e+00
6.08000e-04	7.87120e-01	4.50000e+00
8.32000e-04	7.35370e-01	4.50000e+00
1.05600e-03	6.97998e-01	4.50000e+00
6.50000e-04	5.45798e-01	2.00000e+00
1.56000e-03	4.59199e-01	2.00000e+00
2.47000e-03	4.18273e-01	2.00000e+00
3.38000e-03	3.92047e-01	2.00000e+00
4.29000e-03	3.73012e-01	2.00000e+00
2.50000e-04	9.50690e-01	4.50000e+00
6.00000e-04	7.89372e-01	4.50000e+00
9.50000e-04	7.14374e-01	4.50000e+00
1.30000e-03	6.66751e-01	4.50000e+00
1.65000e-03	6.32403e-01	4.50000e+00
1.54500e-05	1.25659e+00	2.70000e+00
3.70800e-05	1.07946e+00	2.70000e+00
5.87100e-05	9.94001e-01	2.70000e+00
8.03400e-05	9.38588e-01	2.70000e+00
1.01970e-04	8.98025e-01	2.70000e+00
4.00000e-04	8.60973e-01	4.50000e+00
9.60000e-04	7.12738e-01	4.50000e+00
1.52000e-03	6.44050e-01	4.50000e+00
2.08000e-03	6.00512e-01	4.50000e+00
2.64000e-03	5.69149e-01	4.50000e+00
1.83000e-05	1.22086e+00	2.70000e+00
4.39200e-05	1.04738e+00	2.70000e+00
6.95400e-05	9.63801e-01	2.70000e+00
9.51600e-05	9.09647e-01	2.70000e+00
1.20780e-04	8.70028e-01	2.70000e+00
6.50000e-04	7.75848e-01	4.50000e+00
1.56000e-03	6.40343e-01	4.50000e+00
2.47000e-03	5.77758e-01	4.50000e+00
3.38000e-03	5.38161e-01	4.50000e+00
4.29000e-03	5.09673e-01	4.50000e+00
2.04500e-05	1.19780e+00	2.70000e+00
4.90800e-05	1.02671e+00	2.70000e+00
7.77100e-05	9.44357e-01	2.70000e+00
1.06340e-04	8.91023e-01	2.70000e+00
1.34970e-04	8.52019e-01	2.70000e+00
1.00000e-03	7.06393e-01	4.50000e+00
2.40000e-03	5.81512e-01	4.50000e+00
3.80000e-03	5.23995e-01	4.50000e+00
5.20000e-03	4.87661e-01	4.50000e+00
6.60000e-03	4.61548e-01	4.50000e+00
2.04500e-05	1.19780e+00	2.70000e+00
4.90800e-05	1.02671e+00	2.70000e+00
7.77100e-05	9.44357e-01	2.70000e+00
1.06340e-04	8.91023e-01	2.70000e+00
1.34970e-04	8.52019e-01	2.70000e+00
1.60000e-03	6.36748e-01	4.50000e+00
3.84000e-03	5.22745e-01	4.50000e+00
6.08000e-03	4.70394e-01	4.50000e+00
8.32000e-03	4.37375e-01	4.50000e+00
1.05600e-02	4.13673e-01	4.50000e+00
2.50000e-05	1.15687e+00	2.70000e+00
6.00000e-05	9.90086e-01	2.70000e+00
9.50000e-05	9.09932e-01	2.70000e+00
1.30000e-04	8.58070e-01	2.70000e+00
1.65000e-04	8.20167e-01	2.70000e+00
2.50000e-05	1.15687e+00	2.70000e+00
6.00000e-05	9.90086e-01	2.70000e+00
9.50000e-05	9.09932e-01	2.70000e+00
1.30000e-04	8.58070e-01	2.70000e+00
1.65000e-04	8.20167e-01	2.70000e+00
3.77000e-05	1.64612e+00	6.50000e+00
9.04800e-05	1.37140e+00	6.50000e+00
1.43260e-04	1.24323e+00	6.50000e+00
1.96040e-04	1.16169e+00	6.50000e+00
2.48820e-04	1.10281e+00	6.50000e+00
6.96000e-05	1.83538e+00	1.20000e+01
1.67040e-04	1.50276e+00	1.20000e+01
2.64480e-04	1.35064e+00	1.20000e+01
3.61920e-04	1.25493e+00	1.20000e+01
4.59360e-04	1.18632e+00	1.20000e+01
4.01500e-05	1.62496e+00	6.50000e+00
9.63600e-05	1.35321e+00	6.50000e+00
1.52570e-04	1.22648e+00	6.50000e+00
2.08780e-04	1.14588e+00	6.50000e+00
2.64990e-04	1.08769e+00	6.50000e+00
8.05000e-05	1.77596e+00	1.20000e+01
1.93200e-04	1.45302e+00	1.20000e+01
3.05900e-04	1.30545e+00	1.20000e+01
4.18600e-04	1.21265e+00	1.20000e+01
5.31300e-04	1.14615e+00	1.20000e+01
4.27500e-05	1.60410e+00	6.50000e+00
1.02600e-04	1.33528e+00	6.50000e+00
1.62450e-04	1.20998e+00	6.50000e+00
2.22300e-04	1.13032e+00	6.50000e+00
2.82150e-04	1.07280e+00	6.50000e+00
8.05000e-05	1.77596e+00	1.20000e+01
1.93200e-04	1.45302e+00	1.20000e+01
3.05900e-04	1.30545e+00	1.20000e+01
4.18600e-04	1.21265e+00	1.20000e+01
5.31300e-04	1.14615e+00	1.20000e+01
4.76000e-05	1.56888e+00	6.50000e+00
1.14240e-04	1.30504e+00	6.50000e+00
1.80880e-04	1.18217e+00	6.50000e+00
2.47520e-04	1.10407e+00	6.50000e+00
3.14160e-04	1.04771e+00	6.50000e+00
9.10000e-05	1.72721e+00	1.20000e+01
2.18400e-04	1.41225e+00	1.20000e+01
3.45800e-04	1.26844e+00	1.20000e+01
4.73200e-04	1.17803e+00	1.20000e+01
6.00600e-04	1.11326e+00	1.20000e+01
4.93000e-05	1.55751e+00	6.50000e+00
1.18320e-04	1.29529e+00	6.50000e+00
1.87340e-04	1.17320e+00	6.50000e+00
2.56360e-04	1.09562e+00	6.50000e+00
3.25380e-04	1.03963e+00	6.50000e+00
1.00000e-04	1.69052e+00	1.20000e+01
2.40000e-04	1.38159e+00	1.20000e+01
3.80000e-04	1.24061e+00	1.20000e+01
5.20000e-04	1.15201e+00	1.20000e+01
6.60000e-04	1.08855e+00	1.20000e+01
4.93000e-05	1.55751e+00	6.50000e+00
1.18320e-04	1.29529e+00	6.50000e+00
1.87340e-04	1.17320e+00	6.50000e+00
2.56360e-04	1.09562e+00	6.50000e+00
3.25380e-04	1.03963e+00	6.50000e+00
1.00000e-04	1.69052e+00	1.20000e+01
2.40000e-04	1.38159e+00	1.20000e+01
3.80000e-04	1.24061e+00	1.20000e+01
5.20000e-04	1.15201e+00	1.20000e+01
6.60000e-04	1.08855e+00	1.20000e+01
6.50000e-05	1.47034e+00	6.50000e+00
1.56000e-04	1.22061e+00	6.50000e+00
2.47000e-04	1.10458e+00	6.50000e+00
3.38000e-04	1.03093e+00	6.50000e+00
4.29000e-04	9.77817e-01	6.50000e+00
1.60000e-04	1.51777e+00	1.20000e+01
3.84000e-04	1.23756e+00	1.20000e+01
6.08000e-04	1.11003e+00	1.20000e+01
8.32000e-04	1.02999e+00	1.20000e+01
1.05600e-03	9.72723e-01	1.20000e+01
6.50000e-05	1.47034e+00	6.50000e+00
1.56000e-04	1.22061e+00	6.50000e+00
2.47000e-04	1.10458e+00	6.50000e+00
3.38000e-04	1.03093e+00	6.50000e+00
4.29000e-04	9.77817e-01	6.50000e+00
1.60000e-04	1.51777e+00	1.20000e+01
3.84000e-04	1.23756e+00	1.20000e+01
6.08000e-04	1.11003e+00	1.20000e+01
8.32000e-04	1.02999e+00	1.20000e+01
1.05600e-03	9.72723e-01	1.20000e+01
1.00000e-04	1.34259e+00	6.50000e+00
2.40000e-04	1.11155e+00	6.50000e+00
3.80000e-04	1.00453e+00	6.50000e+00
5.20000e-04	9.36713e-01	6.50000e+00
6.60000e-04	8.87869e-01	6.50000e+00
2.50000e-04	1.36851e+00	1.20000e+01
6.00000e-04	1.11353e+00	1.20000e+01
9.50000e-04	9.97761e-01	1.20000e+01
1.30000e-03	9.25195e-01	1.20000e+01
1.65000e-03	8.73323e-01	1.20000e+01
1.00000e-04	1.34259e+00	6.50000e+00
2.40000e-04	1.11155e+00	6.50000e+00
3.80000e-04	1.00453e+00	6.50000e+00
5.20000e-04	9.36713e-01	6.50000e+00
6.60000e-04	8.87869e-01	6.50000e+00
4.00000e-04	1.22571e+00	1.20000e+01
9.60000e-04	9.95256e-01	1.20000e+01
1.52000e-03	8.90868e-01	1.20000e+01
2.08000e-03	8.25518e-01	1.20000e+01
2.64000e-03	7.78843e-01	1.20000e+01
1.60000e-04	1.21396e+00	6.50000e+00
3.84000e-04	1.00220e+00	6.50000e+00
6.08000e-04	9.04424e-01	6.50000e+00
8.32000e-04	8.42573e-01	6.50000e+00
1.05600e-03	7.98081e-01	6.50000e+00
6.50000e-04	1.09252e+00	1.20000e+01
1.56000e-03	8.85280e-01	1.20000e+01
2.47000e-03	7.91622e-01	1.20000e+01
3.38000e-03	7.33061e-01	1.20000e+01
4.29000e-03	6.91270e-01	1.20000e+01
2.50000e-04	1.10166e+00	6.50000e+00
6.00000e-04	9.07121e-01	6.50000e+00
9.50000e-04	8.17560e-01	6.50000e+00
1.30000e-03	7.60995e-01	6.50000e+00
1.65000e-03	7.20351e-01	6.50000e+00
1.00000e-03	9.85547e-01	1.20000e+01
2.40000e-03	7.97201e-01	1.20000e+01
3.80000e-03	7.12245e-01	1.20000e+01
5.20000e-03	6.59179e-01	1.20000e+01
6.60000e-03	6.21336e-01	1.20000e+01
4.00000e-04	9.93157e-01	6.50000e+00
9.60000e-04	8.15613e-01	6.50000e+00
1.52000e-03	7.34118e-01	6.50000e+00
2.08000e-03	6.82731e-01	6.50000e+00
2.64000e-03	6.45847e-01	6.50000e+00
1.60000e-03	8.79864e-01	1.20000e+01
3.84000e-03	7.10411e-01	1.20000e+01
6.08000e-03	6.34127e-01	1.20000e+01
8.32000e-03	5.86528e-01	1.20000e+01
1.05600e-02	5.52609e-01	1.20000e+01
6.50000e-04	8.90928e-01	6.50000e+00
1.56000e-03	7.29735e-01	6.50000e+00
2.47000e-03	6.55960e-01	6.50000e+00
3.38000e-03	6.09514e-01	6.50000e+00
4.29000e-03	5.76213e-01	6.50000e+00
2.50000e-03	7.89290e-01	1.20000e+01
6.00000e-03	6.36214e-01	1.20000e+01
9.50000e-03	5.67425e-01	1.20000e+01
1.30000e-02	5.24543e-01	1.20000e+01
1.65000e-02	4.94005e-01	1.20000e+01
1.00000e-03	8.08063e-01	6.50000e+00
2.40000e-03	6.60372e-01	6.50000e+00
3.80000e-03	5.92943e-01	6.50000e+00
5.20000e-03	5.50549e-01	6.50000e+00
6.60000e-03	5.20181e-01	6.50000e+00
1.60000e-03	7.25486e-01	6.50000e+00
3.84000e-03	5.91482e-01	6.50000e+00
6.08000e-03	5.30459e-01	6.50000e+00
8.32000e-03	4.92145e-01	6.50000e+00
1.05600e-02	4.64727e-01	6.50000e+00
8.70000e-05	1.88145e+00	1.50000e+01
2.08800e-04	1.53241e+00	1.50000e+01
3.30600e-04	1.37374e+00	1.50000e+01
4.52400e-04	1.27424e+00	1.50000e+01
5.74200e-04	1.20308e+00	1.50000e+01
2.50000e-03	6.54115e-01	6.50000e+00
6.00000e-03	5.32135e-01	6.50000e+00
9.50000e-03	4.76716e-01	6.50000e+00
1.30000e-02	4.41965e-01	6.50000e+00
1.65000e-02	4.17117e-01	6.50000e+00
1.00000e-04	1.82153e+00	1.50000e+01
2.40000e-04	1.48264e+00	1.50000e+01
3.80000e-04	1.32871e+00	1.50000e+01
5.20000e-04	1.23221e+00	1.50000e+01
6.60000e-04	1.16323e+00	1.50000e+01
1.00000e-04	1.82153e+00	1.50000e+01
2.40000e-04	1.48264e+00	1.50000e+01
3.80000e-04	1.32871e+00	1.50000e+01
5.20000e-04	1.23221e+00	1.50000e+01
6.60000e-04	1.16323e+00	1.50000e+01
1.14000e-04	1.76673e+00	1.50000e+01
2.73600e-04	1.43717e+00	1.50000e+01
4.33200e-04	1.28759e+00	1.50000e+01
5.92800e-04	1.19385e+00	1.50000e+01
7.52400e-04	1.12685e+00	1.50000e+01
4.93000e-05	1.73977e+00	8.50000e+00
1.18320e-04	1.43771e+00	8.50000e+00
1.87340e-04	1.29809e+00	8.50000e+00
2.56360e-04	1.20972e+00	8.50000e+00
3.25380e-04	1.14612e+00	8.50000e+00
1.23000e-04	1.73563e+00	1.50000e+01
2.95200e-04	1.41139e+00	1.50000e+01
4.67400e-04	1.26428e+00	1.50000e+01
6.39600e-04	1.17210e+00	1.50000e+01
8.11800e-04	1.10623e+00	1.50000e+01
5.25000e-05	1.71641e+00	8.50000e+00
1.26000e-04	1.41787e+00	8.50000e+00
1.99500e-04	1.27993e+00	8.50000e+00
2.73000e-04	1.19265e+00	8.50000e+00
3.46500e-04	1.12985e+00	8.50000e+00
1.60000e-04	1.63177e+00	1.50000e+01
3.84000e-04	1.32538e+00	1.50000e+01
6.08000e-04	1.18656e+00	1.50000e+01
8.32000e-04	1.09964e+00	1.50000e+01
1.05600e-03	1.03756e+00	1.50000e+01
5.60000e-05	1.69271e+00	8.50000e+00
1.34400e-04	1.39775e+00	8.50000e+00
2.12800e-04	1.26153e+00	8.50000e+00
2.91200e-04	1.17535e+00	8.50000e+00
3.69600e-04	1.11336e+00	8.50000e+00
1.60000e-04	1.63177e+00	1.50000e+01
3.84000e-04	1.32538e+00	1.50000e+01
6.08000e-04	1.18656e+00	1.50000e+01
8.32000e-04	1.09964e+00	1.50000e+01
1.05600e-03	1.03756e+00	1.50000e+01
6.20000e-05	1.65589e+00	8.50000e+00
1.48800e-04	1.36652e+00	8.50000e+00
2.35600e-04	1.23297e+00	8.50000e+00
3.22400e-04	1.14852e+00	8.50000e+00
4.09200e-04	1.08779e+00	8.50000e+00
2.50000e-04	1.46834e+00	1.50000e+01
6.00000e-04	1.19037e+00	1.50000e+01
9.50000e-04	1.06469e+00	1.50000e+01
1.30000e-03	9.86099e-01	1.50000e+01
1.65000e-03	9.30007e-01	1.50000e+01
6.45000e-05	1.64178e+00	8.50000e+00
1.54800e-04	1.35456e+00	8.50000e+00
2.45100e-04	1.22204e+00	8.50000e+00
3.35400e-04	1.13825e+00	8.50000e+00
4.25700e-04	1.07800e+00	8.50000e+00
4.00000e-04	1.31247e+00	1.50000e+01
9.60000e-04	1.06198e+00	1.50000e+01
1.52000e-03	9.48970e-01	1.50000e+01
2.08000e-03	8.78379e-01	1.50000e+01
2.64000e-03	8.28037e-01	1.50000e+01
6.95000e-05	1.61540e+00	8.50000e+00
1.66800e-04	1.33221e+00	8.50000e+00
2.64100e-04	1.20162e+00	8.50000e+00
3.61400e-04	1.11907e+00	8.50000e+00
4.58700e-04	1.05972e+00	8.50000e+00
6.50000e-04	1.16753e+00	1.50000e+01
1.56000e-03	9.42929e-01	1.50000e+01
2.47000e-03	8.41813e-01	1.50000e+01
3.38000e-03	7.78720e-01	1.50000e+01
4.29000e-03	7.33758e-01	1.50000e+01
6.95000e-05	1.61540e+00	8.50000e+00
1.66800e-04	1.33221e+00	8.50000e+00
2.64100e-04	1.20162e+00	8.50000e+00
3.61400e-04	1.11907e+00	8.50000e+00
4.58700e-04	1.05972e+00	8.50000e+00
1.00000e-03	1.05145e+00	1.50000e+01
2.40000e-03	8.47830e-01	1.50000e+01
3.80000e-03	7.56317e-01	1.50000e+01
5.20000e-03	6.99269e-01	1.50000e+01
6.60000e-03	6.58641e-01	1.50000e+01
1.00000e-04	1.49198e+00	8.50000e+00
2.40000e-04	1.22784e+00	8.50000e+00
3.80000e-04	1.10634e+00	8.50000e+00
5.20000e-04	1.02963e+00	8.50000e+00
6.60000e-04	9.74536e-01	8.50000e+00
1.60000e-03	9.37076e-01	1.50000e+01
3.84000e-03	7.54344e-01	1.50000e+01
6.08000e-03	6.72368e-01	1.50000e+01
8.32000e-03	6.21313e-01	1.50000e+01
1.05600e-02	5.84976e-01	1.50000e+01
1.00000e-04	1.49198e+00	8.50000e+00
2.40000e-04	1.22784e+00	8.50000e+00
3.80000e-04	1.10634e+00	8.50000e+00
5.20000e-04	1.02963e+00	8.50000e+00
6.60000e-04	9.74536e-01	8.50000e+00
2.50000e-03	8.39299e-01	1.50000e+01
6.00000e-03	6.74609e-01	1.50000e+01
9.50000e-03	6.00844e-01	1.50000e+01
1.30000e-02	5.54941e-01	1.50000e+01
1.65000e-02	5.22292e-01	1.50000e+01
1.60000e-04	1.34463e+00	8.50000e+00
3.84000e-04	1.10370e+00	8.50000e+00
6.08000e-04	9.93197e-01	8.50000e+00
8.32000e-04	9.23553e-01	8.50000e+00
1.05600e-03	8.73583e-01	8.50000e+00
4.00000e-03	7.46698e-01	1.50000e+01
9.60000e-03	5.99255e-01	1.50000e+01
1.52000e-02	5.33319e-01	1.50000e+01
2.08000e-02	4.92324e-01	1.50000e+01
2.64000e-02	4.63181e-01	1.50000e+01
2.50000e-04	1.21659e+00	8.50000e+00
6.00000e-04	9.96238e-01	8.50000e+00
9.50000e-04	8.95446e-01	8.50000e+00
1.30000e-03	8.32014e-01	8.50000e+00
1.65000e-03	7.86545e-01	8.50000e+00
4.00000e-04	1.09346e+00	8.50000e+00
9.60000e-04	8.93260e-01	8.50000e+00
1.52000e-03	8.01936e-01	8.50000e+00
2.08000e-03	7.44545e-01	8.50000e+00
2.64000e-03	7.03448e-01	8.50000e+00
1.04500e-04	1.90936e+00	1.80000e+01
2.50800e-04	1.54910e+00	1.80000e+01
3.97100e-04	1.38607e+00	1.80000e+01
5.43400e-04	1.28407e+00	1.80000e+01
6.89700e-04	1.21125e+00	1.80000e+01
6.50000e-04	9.77983e-01	8.50000e+00
1.56000e-03	7.97035e-01	8.50000e+00
2.47000e-03	7.14708e-01	8.50000e+00
3.38000e-03	6.63045e-01	8.50000e+00
4.29000e-03	6.26084e-01	8.50000e+00
1.18500e-04	1.85331e+00	1.80000e+01
2.84400e-04	1.50283e+00	1.80000e+01
4.50300e-04	1.34432e+00	1.80000e+01
6.16200e-04	1.24518e+00	1.80000e+01
7.82100e-04	1.17442e+00	1.80000e+01
1.00000e-03	8.84784e-01	8.50000e+00
2.40000e-03	7.19623e-01	8.50000e+00
3.80000e-03	6.44645e-01	8.50000e+00
5.20000e-03	5.97649e-01	8.50000e+00
6.60000e-03	5.64055e-01	8.50000e+00
1.34000e-04	1.79996e+00	1.80000e+01
3.21600e-04	1.45881e+00	1.80000e+01
5.09200e-04	1.30462e+00	1.80000e+01
6.96800e-04	1.20821e+00	1.80000e+01
8.84400e-04	1.13942e+00	1.80000e+01
1.60000e-03	7.92285e-01	8.50000e+00
3.84000e-03	6.43023e-01	8.50000e+00
6.08000e-03	5.75417e-01	8.50000e+00
8.32000e-03	5.33095e-01	8.50000e+00
1.05600e-02	5.02868e-01	8.50000e+00
1.34000e-04	1.79996e+00	1.80000e+01
3.21600e-04	1.45881e+00	1.80000e+01
5.09200e-04	1.30462e+00	1.80000e+01
6.96800e-04	1.20821e+00	1.80000e+01
8.84400e-04	1.13942e+00	1.80000e+01
2.50000e-03	7.12654e-01	8.50000e+00
6.00000e-03	5.77271e-01	8.50000e+00
9.50000e-03	5.16078e-01	8.50000e+00
1.30000e-02	4.77813e-01	8.50000e+00
1.65000e-02	4.50505e-01	8.50000e+00
1.64000e-04	1.71532e+00	1.80000e+01
3.93600e-04	1.38906e+00	1.80000e+01
6.23200e-04	1.24174e+00	1.80000e+01
8.52800e-04	1.14967e+00	1.80000e+01
1.08240e-03	1.08400e+00	1.80000e+01
1.64000e-04	1.71532e+00	1.80000e+01
3.93600e-04	1.38906e+00	1.80000e+01
6.23200e-04	1.24174e+00	1.80000e+01
8.52800e-04	1.14967e+00	1.80000e+01
1.08240e-03	1.08400e+00	1.80000e+01
6.50000e-05	1.74408e+00	1.00000e+01
1.56000e-04	1.43384e+00	1.00000e+01
2.47000e-04	1.29129e+00	1.00000e+01
3.38000e-04	1.20136e+00	1.00000e+01
4.29000e-04	1.13679e+00	1.00000e+01
2.50000e-04	1.55030e+00	1.80000e+01
6.00000e-04	1.25333e+00	1.80000e+01
9.50000e-04	1.11949e+00	1.80000e+01
1.30000e-03	1.03594e+00	1.80000e+01
1.65000e-03	9.76376e-01	1.80000e+01
1.00000e-04	1.58480e+00	1.00000e+01
2.40000e-04	1.29982e+00	1.00000e+01
3.80000e-04	1.16924e+00	1.00000e+01
5.20000e-04	1.08698e+00	1.00000e+01
6.60000e-04	1.02799e+00	1.00000e+01
2.50000e-04	1.55030e+00	1.80000e+01
6.00000e-04	1.25333e+00	1.80000e+01
9.50000e-04	1.11949e+00	1.80000e+01
1.30000e-03	1.03594e+00	1.80000e+01
1.65000e-03	9.76376e-01	1.80000e+01
1.60000e-04	1.42564e+00	1.00000e+01
3.84000e-04	1.16641e+00	1.00000e+01
6.08000e-04	1.04796e+00	1.00000e+01
8.32000e-04	9.73461e-01	1.00000e+01
1.05600e-03	9.20081e-01	1.00000e+01
4.00000e-04	1.38362e+00	1.80000e+01
9.60000e-04	1.11660e+00	1.80000e+01
1.52000e-03	9.96506e-01	1.80000e+01
2.08000e-03	9.21607e-01	1.80000e+01
2.64000e-03	8.68253e-01	1.80000e+01
2.50000e-04	1.28772e+00	1.00000e+01
6.00000e-04	1.05122e+00	1.00000e+01
9.50000e-04	9.43428e-01	1.00000e+01
1.30000e-03	8.75727e-01	1.00000e+01
1.65000e-03	8.27263e-01	1.00000e+01
6.50000e-04	1.22899e+00	1.80000e+01
1.56000e-03	9.90093e-01	1.80000e+01
2.47000e-03	8.82848e-01	1.80000e+01
3.38000e-03	8.16033e-01	1.80000e+01
4.29000e-03	7.68470e-01	1.80000e+01
4.00000e-04	1.15542e+00	1.00000e+01
9.60000e-04	9.41093e-01	1.00000e+01
1.52000e-03	8.43661e-01	1.00000e+01
2.08000e-03	7.82547e-01	1.00000e+01
2.64000e-03	7.38839e-01	1.00000e+01
1.00000e-03	1.10541e+00	1.80000e+01
2.40000e-03	8.89224e-01	1.80000e+01
3.80000e-03	7.92330e-01	1.80000e+01
5.20000e-03	7.32015e-01	1.80000e+01
6.60000e-03	6.89104e-01	1.80000e+01
6.50000e-04	1.03168e+00	1.00000e+01
1.56000e-03	8.38439e-01	1.00000e+01
2.47000e-03	7.50810e-01	1.00000e+01
3.38000e-03	6.95917e-01	1.00000e+01
4.29000e-03	6.56694e-01	1.00000e+01
1.60000e-03	9.83879e-01	1.80000e+01
3.84000e-03	7.90243e-01	1.80000e+01
6.08000e-03	7.03598e-01	1.80000e+01
8.32000e-03	6.49710e-01	1.80000e+01
1.05600e-02	6.11394e-01	1.80000e+01
1.00000e-03	9.32041e-01	1.00000e+01
2.40000e-03	7.56036e-01	1.00000e+01
3.80000e-03	6.76385e-01	1.00000e+01
5.20000e-03	6.26546e-01	1.00000e+01
6.60000e-03	5.90961e-01	1.00000e+01
2.50000e-03	8.80184e-01	1.80000e+01
6.00000e-03	7.05964e-01	1.80000e+01
9.50000e-03	6.28122e-01	1.80000e+01
1.30000e-02	5.79747e-01	1.80000e+01
1.65000e-02	5.45368e-01	1.80000e+01
2.50000e-03	7.48626e-01	1.00000e+01
6.00000e-03	6.04956e-01	1.00000e+01
9.50000e-03	5.40202e-01	1.00000e+01
1.30000e-02	4.99772e-01	1.00000e+01
1.65000e-02	4.70949e-01	1.00000e+01
4.00000e-03	7.82155e-01	1.80000e+01
9.60000e-03	6.26447e-01	1.80000e+01
1.52000e-02	5.56977e-01	1.80000e+01
2.08000e-02	5.13838e-01	1.80000e+01
2.64000e-02	4.83198e-01	1.80000e+01
1.45000e-04	1.87281e+00	2.20000e+01
3.48000e-04	1.51283e+00	2.20000e+01
5.51000e-04	1.35074e+00	2.20000e+01
7.54000e-04	1.24960e+00	2.20000e+01
9.57000e-04	1.17753e+00	2.20000e+01
1.00000e-03	1.30022e+00	3.50000e+01
2.40000e-03	1.03835e+00	3.50000e+01
3.80000e-03	9.21936e-01	3.50000e+01
5.20000e-03	8.49791e-01	3.50000e+01
6.60000e-03	7.98617e-01	3.50000e+01
1.60000e-04	1.82870e+00	2.20000e+01
3.84000e-04	1.47665e+00	2.20000e+01
6.08000e-04	1.31820e+00	2.20000e+01
8.32000e-04	1.21935e+00	2.20000e+01
1.05600e-03	1.14893e+00	2.20000e+01
1.60000e-03	1.15265e+00	3.50000e+01
3.84000e-03	9.19436e-01	3.50000e+01
6.08000e-03	8.15888e-01	3.50000e+01
8.32000e-03	7.51756e-01	3.50000e+01
1.05600e-02	7.06286e-01	3.50000e+01
1.72500e-04	1.79564e+00	2.20000e+01
4.14000e-04	1.44955e+00	2.20000e+01
6.55500e-04	1.29383e+00	2.20000e+01
8.97000e-04	1.19671e+00	2.20000e+01
1.13850e-03	1.12751e+00	2.20000e+01
2.50000e-03	1.02746e+00	3.50000e+01
6.00000e-03	8.18709e-01	3.50000e+01
9.50000e-03	7.26124e-01	3.50000e+01
1.30000e-02	6.68814e-01	3.50000e+01
1.65000e-02	6.28197e-01	3.50000e+01
1.94000e-04	1.74513e+00	2.20000e+01
4.65600e-04	1.40816e+00	2.20000e+01
7.37200e-04	1.25662e+00	2.20000e+01
1.00880e-03	1.16213e+00	2.20000e+01
1.28040e-03	1.09482e+00	2.20000e+01
4.00000e-03	9.09749e-01	3.50000e+01
9.60000e-03	7.24136e-01	3.50000e+01
1.52000e-02	6.41902e-01	3.50000e+01
2.08000e-02	5.91028e-01	3.50000e+01
2.64000e-02	5.54987e-01	3.50000e+01
2.50000e-04	1.64052e+00	2.20000e+01
6.00000e-04	1.32254e+00	2.20000e+01
9.50000e-04	1.17969e+00	2.20000e+01
1.30000e-03	1.09066e+00	2.20000e+01
1.65000e-03	1.02727e+00	2.20000e+01
2.50000e-04	1.64052e+00	2.20000e+01
6.00000e-04	1.32254e+00	2.20000e+01
9.50000e-04	1.17969e+00	2.20000e+01
1.30000e-03	1.09066e+00	2.20000e+01
1.65000e-03	1.02727e+00	2.20000e+01
2.96000e-04	1.57411e+00	2.20000e+01
7.10400e-04	1.26824e+00	2.20000e+01
1.12480e-03	1.13093e+00	2.20000e+01
1.53920e-03	1.04539e+00	2.20000e+01
1.95360e-03	9.84491e-01	2.20000e+01
4.00000e-04	1.46188e+00	2.20000e+01
9.60000e-04	1.17661e+00	2.20000e+01
1.52000e-03	1.04869e+00	2.20000e+01
2.08000e-03	9.69043e-01	2.20000e+01
2.64000e-03	9.12371e-01	2.20000e+01
6.50000e-04	1.29654e+00	2.20000e+01
1.56000e-03	1.04187e+00	2.20000e+01
2.47000e-03	9.27869e-01	2.20000e+01
3.38000e-03	8.56957e-01	2.20000e+01
4.29000e-03	8.06532e-01	2.20000e+01
2.95000e-04	1.87693e+00	4.50000e+01
7.08000e-04	1.49994e+00	4.50000e+01
1.12100e-03	1.33224e+00	4.50000e+01
1.53400e-03	1.22827e+00	4.50000e+01
1.94700e-03	1.15450e+00	4.50000e+01
1.00000e-03	1.16468e+00	2.20000e+01
2.40000e-03	9.34640e-01	2.20000e+01
3.80000e-03	8.31822e-01	2.20000e+01
5.20000e-03	7.67913e-01	2.20000e+01
6.60000e-03	7.22491e-01	2.20000e+01
3.17000e-04	1.84283e+00	4.50000e+01
7.60800e-04	1.47242e+00	4.50000e+01
1.20460e-03	1.30767e+00	4.50000e+01
1.64840e-03	1.20555e+00	4.50000e+01
2.09220e-03	1.13310e+00	4.50000e+01
1.60000e-03	1.03525e+00	2.20000e+01
3.84000e-03	8.29609e-01	2.20000e+01
6.08000e-03	7.37830e-01	2.20000e+01
8.32000e-03	6.80828e-01	2.20000e+01
1.05600e-02	6.40337e-01	2.20000e+01
3.50000e-04	1.79685e+00	4.50000e+01
8.40000e-04	1.43531e+00	4.50000e+01
1.33000e-03	1.27456e+00	4.50000e+01
1.82000e-03	1.17493e+00	4.50000e+01
2.31000e-03	1.10425e+00	4.50000e+01
2.50000e-03	9.25039e-01	2.20000e+01
6.00000e-03	7.40334e-01	2.20000e+01
9.50000e-03	6.58010e-01	2.20000e+01
1.30000e-02	6.06918e-01	2.20000e+01
1.65000e-02	5.70641e-01	2.20000e+01
4.00000e-04	1.73658e+00	4.50000e+01
9.60000e-04	1.38670e+00	4.50000e+01
1.52000e-03	1.23119e+00	4.50000e+01
2.08000e-03	1.13483e+00	4.50000e+01
2.64000e-03	1.06648e+00	4.50000e+01
4.00000e-03	8.21036e-01	2.20000e+01
9.60000e-03	6.56240e-01	2.20000e+01
1.52000e-02	5.82888e-01	2.20000e+01
2.08000e-02	5.37395e-01	2.20000e+01
2.64000e-02	5.05111e-01	2.20000e+01
4.00000e-04	1.73658e+00	4.50000e+01
9.60000e-04	1.38670e+00	4.50000e+01
1.52000e-03	1.23119e+00	4.50000e+01
2.08000e-03	1.13483e+00	4.50000e+01
2.64000e-03	1.06648e+00	4.50000e+01
4.60000e-04	1.67556e+00	4.50000e+01
1.10400e-03	1.33751e+00	4.50000e+01
1.74800e-03	1.18732e+00	4.50000e+01
2.39200e-03	1.09426e+00	4.50000e+01
3.03600e-03	1.02827e+00	4.50000e+01
5.50000e-04	1.60052e+00	4.50000e+01
1.32000e-03	1.27706e+00	4.50000e+01
2.09000e-03	1.13341e+00	4.50000e+01
2.86000e-03	1.04443e+00	4.50000e+01
3.63000e-03	9.81348e-01	4.50000e+01
1.57000e-04	1.94277e+00	2.70000e+01
3.76800e-04	1.56451e+00	2.70000e+01
5.96600e-04	1.39479e+00	2.70000e+01
8.16400e-04	1.28909e+00	2.70000e+01
1.03620e-03	1.21386e+00	2.70000e+01
6.50000e-04	1.53329e+00	4.50000e+01
1.56000e-03	1.22292e+00	4.50000e+01
2.47000e-03	1.08515e+00	4.50000e+01
3.38000e-03	9.99834e-01	4.50000e+01
4.29000e-03	9.39352e-01	4.50000e+01
1.67500e-04	1.91211e+00	2.70000e+01
4.02000e-04	1.53948e+00	2.70000e+01
6.36500e-04	1.37233e+00	2.70000e+01
8.71000e-04	1.26824e+00	2.70000e+01
1.10550e-03	1.19416e+00	2.70000e+01
6.50000e-04	1.53329e+00	4.50000e+01
1.56000e-03	1.22292e+00	4.50000e+01
2.47000e-03	1.08515e+00	4.50000e+01
3.38000e-03	9.99834e-01	4.50000e+01
4.29000e-03	9.39352e-01	4.50000e+01
1.77500e-04	1.88503e+00	2.70000e+01
4.26000e-04	1.51738e+00	2.70000e+01
6.74500e-04	1.35249e+00	2.70000e+01
9.23000e-04	1.24983e+00	2.70000e+01
1.17150e-03	1.17678e+00	2.70000e+01
1.00000e-03	1.37216e+00	4.50000e+01
2.40000e-03	1.09331e+00	4.50000e+01
3.80000e-03	9.69665e-01	4.50000e+01
5.20000e-03	8.93139e-01	4.50000e+01
6.60000e-03	8.38908e-01	4.50000e+01
2.05000e-04	1.81931e+00	2.70000e+01
4.92000e-04	1.46376e+00	2.70000e+01
7.79000e-04	1.30440e+00	2.70000e+01
1.06600e-03	1.20520e+00	2.70000e+01
1.35300e-03	1.13462e+00	2.70000e+01
1.60000e-03	1.21491e+00	4.50000e+01
3.84000e-03	9.67011e-01	4.50000e+01
6.08000e-03	8.57206e-01	4.50000e+01
8.32000e-03	7.89285e-01	4.50000e+01
1.05600e-02	7.41171e-01	4.50000e+01
2.05000e-04	1.81931e+00	2.70000e+01
4.92000e-04	1.46376e+00	2.70000e+01
7.79000e-04	1.30440e+00	2.70000e+01
1.06600e-03	1.20520e+00	2.70000e+01
1.35300e-03	1.13462e+00	2.70000e+01
2.50000e-03	1.08174e+00	4.50000e+01
6.00000e-03	8.60195e-01	4.50000e+01
9.50000e-03	7.62158e-01	4.50000e+01
1.30000e-02	7.01547e-01	4.50000e+01
1.65000e-02	6.58626e-01	4.50000e+01
2.50000e-04	1.73225e+00	2.70000e+01
6.00000e-04	1.39281e+00	2.70000e+01
9.50000e-04	1.24077e+00	2.70000e+01
1.30000e-03	1.14617e+00	2.70000e+01
1.65000e-03	1.07889e+00	2.70000e+01
4.00000e-03	9.56732e-01	4.50000e+01
9.60000e-03	7.60055e-01	4.50000e+01
1.52000e-02	6.73105e-01	4.50000e+01
2.08000e-02	6.19376e-01	4.50000e+01
2.64000e-02	5.81342e-01	4.50000e+01
2.50000e-04	1.73225e+00	2.70000e+01
6.00000e-04	1.39281e+00	2.70000e+01
9.50000e-04	1.24077e+00	2.70000e+01
1.30000e-03	1.14617e+00	2.70000e+01
1.65000e-03	1.07889e+00	2.70000e+01
4.00000e-04	1.54140e+00	2.70000e+01
9.60000e-04	1.23750e+00	2.70000e+01
1.52000e-03	1.10161e+00	2.70000e+01
2.08000e-03	1.01713e+00	2.70000e+01
2.64000e-03	9.57087e-01	2.70000e+01
4.00000e-04	1.54140e+00	2.70000e+01
9.60000e-04	1.23750e+00	2.70000e+01
1.52000e-03	1.10161e+00	2.70000e+01
2.08000e-03	1.01713e+00	2.70000e+01
2.64000e-03	9.57087e-01	2.70000e+01
6.50000e-04	1.36512e+00	2.70000e+01
1.56000e-03	1.09437e+00	2.70000e+01
2.47000e-03	9.73503e-01	2.70000e+01
3.38000e-03	8.98426e-01	2.70000e+01
4.29000e-03	8.45091e-01	2.70000e+01
1.00000e-03	1.22481e+00	2.70000e+01
2.40000e-03	9.80676e-01	2.70000e+01
3.80000e-03	8.71834e-01	2.70000e+01
5.20000e-03	8.04274e-01	2.70000e+01
6.60000e-03	7.56302e-01	2.70000e+01
4.00000e-04	1.84377e+00	6.00000e+01
9.60000e-04	1.46852e+00	6.00000e+01
1.52000e-03	1.30220e+00	6.00000e+01
2.08000e-03	1.19929e+00	6.00000e+01
2.64000e-03	1.12638e+00	6.00000e+01
1.60000e-03	1.08735e+00	2.70000e+01
3.84000e-03	8.69493e-01	2.70000e+01
6.08000e-03	7.72497e-01	2.70000e+01
8.32000e-03	7.12334e-01	2.70000e+01
1.05600e-02	6.69634e-01	2.70000e+01
4.30000e-04	1.80957e+00	6.00000e+01
1.03200e-03	1.44105e+00	6.00000e+01
1.63400e-03	1.27774e+00	6.00000e+01
2.23600e-03	1.17670e+00	6.00000e+01
2.83800e-03	1.10512e+00	6.00000e+01
2.50000e-03	9.70505e-01	2.70000e+01
6.00000e-03	7.75142e-01	2.70000e+01
9.50000e-03	6.88268e-01	2.70000e+01
1.30000e-02	6.34417e-01	2.70000e+01
1.65000e-02	5.96215e-01	2.70000e+01
4.70000e-04	1.76834e+00	6.00000e+01
1.12800e-03	1.40794e+00	6.00000e+01
1.78600e-03	1.24826e+00	6.00000e+01
2.44400e-03	1.14949e+00	6.00000e+01
3.10200e-03	1.07951e+00	6.00000e+01
4.00000e-03	8.60427e-01	2.70000e+01
9.60000e-03	6.86401e-01	2.70000e+01
1.52000e-02	6.09109e-01	2.70000e+01
2.08000e-02	5.61228e-01	2.70000e+01
2.64000e-02	5.27277e-01	2.70000e+01
5.50000e-04	1.69768e+00	6.00000e+01
1.32000e-03	1.35122e+00	6.00000e+01
2.09000e-03	1.19778e+00	6.00000e+01
2.86000e-03	1.10287e+00	6.00000e+01
3.63000e-03	1.03565e+00	6.00000e+01
6.50000e-04	1.62557e+00	6.00000e+01
1.56000e-03	1.29336e+00	6.00000e+01
2.47000e-03	1.14629e+00	6.00000e+01
3.38000e-03	1.05534e+00	6.00000e+01
4.29000e-03	9.90933e-01	6.00000e+01
6.50000e-04	1.62557e+00	6.00000e+01
1.56000e-03	1.29336e+00	6.00000e+01
2.47000e-03	1.14629e+00	6.00000e+01
3.38000e-03	1.05534e+00	6.00000e+01
4.29000e-03	9.90933e-01	6.00000e+01
7.50000e-04	1.56614e+00	6.00000e+01
1.80000e-03	1.24571e+00	6.00000e+01
2.85000e-03	1.10389e+00	6.00000e+01
3.90000e-03	1.01621e+00	6.00000e+01
4.95000e-03	9.54120e-01	6.00000e+01
2.30000e-04	1.88659e+00	3.50000e+01
5.52000e-04	1.51268e+00	3.50000e+01
8.74000e-04	1.34572e+00	3.50000e+01
1.19600e-03	1.24201e+00	3.50000e+01
1.51800e-03	1.16834e+00	3.50000e+01
1.00000e-03	1.45295e+00	6.00000e+01
2.40000e-03	1.15499e+00	6.00000e+01
3.80000e-03	1.02321e+00	6.00000e+01
5.20000e-03	9.41755e-01	6.00000e+01
6.60000e-03	8.84087e-01	6.00000e+01
2.50000e-04	1.84753e+00	3.50000e+01
6.00000e-04	1.48099e+00	3.50000e+01
9.50000e-04	1.31737e+00	3.50000e+01
1.30000e-03	1.21576e+00	3.50000e+01
1.65000e-03	1.14357e+00	3.50000e+01
1.60000e-03	1.28480e+00	6.00000e+01
3.84000e-03	1.02038e+00	6.00000e+01
6.08000e-03	9.03540e-01	6.00000e+01
8.32000e-03	8.31360e-01	6.00000e+01
1.05600e-02	7.80274e-01	6.00000e+01
2.65500e-04	1.81982e+00	3.50000e+01
6.37200e-04	1.45852e+00	3.50000e+01
1.00890e-03	1.29728e+00	3.50000e+01
1.38060e-03	1.19714e+00	3.50000e+01
1.75230e-03	1.12602e+00	3.50000e+01
2.50000e-03	1.14265e+00	6.00000e+01
6.00000e-03	9.06718e-01	6.00000e+01
9.50000e-03	8.02552e-01	6.00000e+01
1.30000e-02	7.38232e-01	6.00000e+01
1.65000e-02	6.92724e-01	6.00000e+01
2.87000e-04	1.78453e+00	3.50000e+01
6.88800e-04	1.42992e+00	3.50000e+01
1.09060e-03	1.27170e+00	3.50000e+01
1.49240e-03	1.17345e+00	3.50000e+01
1.89420e-03	1.10368e+00	3.50000e+01
4.00000e-03	1.00944e+00	6.00000e+01
9.60000e-03	8.00320e-01	6.00000e+01
1.52000e-02	7.08072e-01	6.00000e+01
2.08000e-02	6.51137e-01	6.00000e+01
2.64000e-02	6.10866e-01	6.00000e+01
3.08000e-04	1.75309e+00	3.50000e+01
7.39200e-04	1.40444e+00	3.50000e+01
1.17040e-03	1.24892e+00	3.50000e+01
1.60160e-03	1.15236e+00	3.50000e+01
2.03280e-03	1.08378e+00	3.50000e+01
3.28500e-04	1.72486e+00	3.50000e+01
7.88400e-04	1.38157e+00	3.50000e+01
1.24830e-03	1.22847e+00	3.50000e+01
1.70820e-03	1.13342e+00	3.50000e+01
2.16810e-03	1.06593e+00	3.50000e+01
4.00000e-04	1.64123e+00	3.50000e+01
9.60000e-04	1.31386e+00	3.50000e+01
1.52000e-03	1.16794e+00	3.50000e+01
2.08000e-03	1.07739e+00	3.50000e+01
2.64000e-03	1.01310e+00	3.50000e+01
4.00000e-04	1.64123e+00	3.50000e+01
9.60000e-04	1.31386e+00	3.50000e+01
1.52000e-03	1.16794e+00	3.50000e+01
2.08000e-03	1.07739e+00	3.50000e+01
2.64000e-03	1.01310e+00	3.50000e+01
5.00000e-04	1.55111e+00	3.50000e+01
1.20000e-03	1.24095e+00	3.50000e+01
1.90000e-03	1.10281e+00	3.50000e+01
2.60000e-03	1.01710e+00	3.50000e+01
3.30000e-03	9.56272e-01	3.50000e+01
6.50000e-04	1.45116e+00	3.50000e+01
1.56000e-03	1.16018e+00	3.50000e+01
2.47000e-03	1.03067e+00	3.50000e+01
3.38000e-03	9.50357e-01	3.50000e+01
4.29000e-03	8.93367e-01	3.50000e+01
4.61000e-04	1.83129e+00	7.00000e+01
1.10640e-03	1.45631e+00	7.00000e+01
1.75180e-03	1.29040e+00	7.00000e+01
2.39720e-03	1.18783e+00	7.00000e+01
3.04260e-03	1.11520e+00	7.00000e+01
5.00000e-04	1.79292e+00	7.00000e+01
1.20000e-03	1.42556e+00	7.00000e+01
1.90000e-03	1.26305e+00	7.00000e+01
2.60000e-03	1.16259e+00	7.00000e+01
3.30000e-03	1.09146e+00	7.00000e+01
5.50000e-04	1.74887e+00	7.00000e+01
1.32000e-03	1.39027e+00	7.00000e+01
2.09000e-03	1.23166e+00	7.00000e+01
2.86000e-03	1.13363e+00	7.00000e+01
3.63000e-03	1.06423e+00	7.00000e+01
6.20000e-04	1.69499e+00	7.00000e+01
1.48800e-03	1.34711e+00	7.00000e+01
2.35600e-03	1.19328e+00	7.00000e+01
3.22400e-03	1.09822e+00	7.00000e+01
4.09200e-03	1.03093e+00	7.00000e+01
1.00000e-03	1.69750e+00	1.50000e+02
2.40000e-03	1.34147e+00	1.50000e+02
3.80000e-03	1.18498e+00	1.50000e+02
5.20000e-03	1.08859e+00	1.50000e+02
6.60000e-03	1.02050e+00	1.50000e+02
6.50000e-04	1.67418e+00	7.00000e+01
1.56000e-03	1.33045e+00	7.00000e+01
2.47000e-03	1.17847e+00	7.00000e+01
3.38000e-03	1.08455e+00	7.00000e+01
4.29000e-03	1.01807e+00	7.00000e+01
1.60000e-03	1.49622e+00	1.50000e+02
3.84000e-03	1.18163e+00	1.50000e+02
6.08000e-03	1.04345e+00	1.50000e+02
8.32000e-03	9.58365e-01	1.50000e+02
1.05600e-02	8.98279e-01	1.50000e+02
6.50000e-04	1.67418e+00	7.00000e+01
1.56000e-03	1.33045e+00	7.00000e+01
2.47000e-03	1.17847e+00	7.00000e+01
3.38000e-03	1.08455e+00	7.00000e+01
4.29000e-03	1.01807e+00	7.00000e+01
1.60000e-03	1.49622e+00	1.50000e+02
3.84000e-03	1.18163e+00	1.50000e+02
6.08000e-03	1.04345e+00	1.50000e+02
8.32000e-03	9.58365e-01	1.50000e+02
1.05600e-02	8.98279e-01	1.50000e+02
1.00000e-03	1.49550e+00	7.00000e+01
2.40000e-03	1.18746e+00	7.00000e+01
3.80000e-03	1.05138e+00	7.00000e+01
5.20000e-03	9.67334e-01	7.00000e+01
6.60000e-03	9.07854e-01	7.00000e+01
2.50000e-03	1.32679e+00	1.50000e+02
6.00000e-03	1.04720e+00	1.50000e+02
9.50000e-03	9.24468e-01	1.50000e+02
1.30000e-02	8.48916e-01	1.50000e+02
1.65000e-02	7.95574e-01	1.50000e+02
1.00000e-03	1.49550e+00	7.00000e+01
2.40000e-03	1.18746e+00	7.00000e+01
3.80000e-03	1.05138e+00	7.00000e+01
5.20000e-03	9.67334e-01	7.00000e+01
6.60000e-03	9.07854e-01	7.00000e+01
4.00000e-03	1.16867e+00	1.50000e+02
9.60000e-03	9.21843e-01	1.50000e+02
1.52000e-02	8.13553e-01	1.50000e+02
2.08000e-02	7.46913e-01	1.50000e+02
2.64000e-02	6.99873e-01	1.50000e+02
1.25000e-03	1.41034e+00	7.00000e+01
3.00000e-03	1.11937e+00	7.00000e+01
4.75000e-03	9.90894e-01	7.00000e+01
6.50000e-03	9.11554e-01	7.00000e+01
8.25000e-03	8.55417e-01	7.00000e+01
1.60000e-03	1.32160e+00	7.00000e+01
3.84000e-03	1.04847e+00	7.00000e+01
6.08000e-03	9.27915e-01	7.00000e+01
8.32000e-03	8.53491e-01	7.00000e+01
1.05600e-02	8.00840e-01	7.00000e+01
2.50000e-03	1.17471e+00	7.00000e+01
6.00000e-03	9.31193e-01	7.00000e+01
9.50000e-03	8.23798e-01	7.00000e+01
1.30000e-02	7.57525e-01	7.00000e+01
1.65000e-02	7.10654e-01	7.00000e+01
4.00000e-03	1.03717e+00	7.00000e+01
9.60000e-03	8.21497e-01	7.00000e+01
1.52000e-02	7.26459e-01	7.00000e+01
2.08000e-02	6.67835e-01	7.00000e+01
2.64000e-02	6.26387e-01	7.00000e+01
1.30000e-03	1.64878e+00	2.00000e+02
3.12000e-03	1.30063e+00	2.00000e+02
4.94000e-03	1.14789e+00	2.00000e+02
6.76000e-03	1.05390e+00	2.00000e+02
8.58000e-03	9.87551e-01	2.00000e+02
1.60000e-03	1.55874e+00	2.00000e+02
3.84000e-03	1.22929e+00	2.00000e+02
6.08000e-03	1.08479e+00	2.00000e+02
8.32000e-03	9.95878e-01	2.00000e+02
1.05600e-02	9.33126e-01	2.00000e+02
6.50000e-04	1.75210e+00	9.00000e+01
1.56000e-03	1.38987e+00	9.00000e+01
2.47000e-03	1.23002e+00	9.00000e+01
3.38000e-03	1.13134e+00	9.00000e+01
4.29000e-03	1.06154e+00	9.00000e+01
1.60000e-03	1.55874e+00	2.00000e+02
3.84000e-03	1.22929e+00	2.00000e+02
6.08000e-03	1.08479e+00	2.00000e+02
8.32000e-03	9.95878e-01	2.00000e+02
1.05600e-02	9.33126e-01	2.00000e+02
7.50000e-04	1.68719e+00	9.00000e+01
1.80000e-03	1.33804e+00	9.00000e+01
2.85000e-03	1.18400e+00	9.00000e+01
3.90000e-03	1.08893e+00	9.00000e+01
4.95000e-03	1.02168e+00	9.00000e+01
2.50000e-03	1.38123e+00	2.00000e+02
6.00000e-03	1.08871e+00	2.00000e+02
9.50000e-03	9.60474e-01	2.00000e+02
1.30000e-02	8.81596e-01	2.00000e+02
1.65000e-02	8.25936e-01	2.00000e+02
1.00000e-03	1.56369e+00	9.00000e+01
2.40000e-03	1.23947e+00	9.00000e+01
3.80000e-03	1.09651e+00	9.00000e+01
5.20000e-03	1.00829e+00	9.00000e+01
6.60000e-03	9.45911e-01	9.00000e+01
2.50000e-03	1.38123e+00	2.00000e+02
6.00000e-03	1.08871e+00	2.00000e+02
9.50000e-03	9.60474e-01	2.00000e+02
1.30000e-02	8.81596e-01	2.00000e+02
1.65000e-02	8.25936e-01	2.00000e+02
1.00000e-03	1.56369e+00	9.00000e+01
2.40000e-03	1.23947e+00	9.00000e+01
3.80000e-03	1.09651e+00	9.00000e+01
5.20000e-03	1.00829e+00	9.00000e+01
6.60000e-03	9.45911e-01	9.00000e+01
4.00000e-03	1.21572e+00	2.00000e+02
9.60000e-03	9.57732e-01	2.00000e+02
1.52000e-02	8.44693e-01	2.00000e+02
2.08000e-02	7.75182e-01	2.00000e+02
2.64000e-02	7.26140e-01	2.00000e+02
1.60000e-03	1.38056e+00	9.00000e+01
3.84000e-03	1.09345e+00	9.00000e+01
6.08000e-03	9.66947e-01	9.00000e+01
8.32000e-03	8.88924e-01	9.00000e+01
1.05600e-02	8.33764e-01	9.00000e+01
2.50000e-03	1.22607e+00	9.00000e+01
6.00000e-03	9.70384e-01	9.00000e+01
9.50000e-03	8.57813e-01	9.00000e+01
1.30000e-02	7.88408e-01	9.00000e+01
1.65000e-02	7.39353e-01	9.00000e+01
4.00000e-03	1.08159e+00	9.00000e+01
9.60000e-03	8.55403e-01	9.00000e+01
1.52000e-02	7.55892e-01	9.00000e+01
2.08000e-02	6.94562e-01	9.00000e+01
2.64000e-02	6.51226e-01	9.00000e+01
8.00000e-04	1.74032e+00	1.20000e+02
1.92000e-03	1.37751e+00	1.20000e+02
3.04000e-03	1.21778e+00	1.20000e+02
4.16000e-03	1.11929e+00	1.20000e+02
5.28000e-03	1.04969e+00	1.20000e+02
1.65000e-03	1.59252e+00	2.50000e+02
3.96000e-03	1.25464e+00	2.50000e+02
6.27000e-03	1.10659e+00	2.50000e+02
8.58000e-03	1.01556e+00	2.50000e+02
1.08900e-02	9.51333e-01	2.50000e+02
8.60000e-04	1.70713e+00	1.20000e+02
2.06400e-03	1.35108e+00	1.20000e+02
3.26800e-03	1.19434e+00	1.20000e+02
4.47200e-03	1.09771e+00	1.20000e+02
5.67600e-03	1.02942e+00	1.20000e+02
2.50000e-03	1.42227e+00	2.50000e+02
6.00000e-03	1.12000e+00	2.50000e+02
9.50000e-03	9.87613e-01	2.50000e+02
1.30000e-02	9.06228e-01	2.50000e+02
1.65000e-02	8.48819e-01	2.50000e+02
9.40000e-04	1.66714e+00	1.20000e+02
2.25600e-03	1.31925e+00	1.20000e+02
3.57200e-03	1.16613e+00	1.20000e+02
4.88800e-03	1.07173e+00	1.20000e+02
6.20400e-03	1.00502e+00	1.20000e+02
2.50000e-03	1.42227e+00	2.50000e+02
6.00000e-03	1.12000e+00	2.50000e+02
9.50000e-03	9.87613e-01	2.50000e+02
1.30000e-02	9.06228e-01	2.50000e+02
1.65000e-02	8.48819e-01	2.50000e+02
1.00000e-03	1.63986e+00	1.20000e+02
2.40000e-03	1.29755e+00	1.20000e+02
3.80000e-03	1.14688e+00	1.20000e+02
5.20000e-03	1.05401e+00	1.20000e+02
6.60000e-03	9.88385e-01	1.20000e+02
4.00000e-03	1.25120e+00	2.50000e+02
9.60000e-03	9.84784e-01	2.50000e+02
1.52000e-02	8.68164e-01	2.50000e+02
2.08000e-02	7.96487e-01	2.50000e+02
2.64000e-02	7.45936e-01	2.50000e+02
1.06000e-03	1.61458e+00	1.20000e+02
2.54400e-03	1.27742e+00	1.20000e+02
4.02800e-03	1.12905e+00	1.20000e+02
5.51200e-03	1.03759e+00	1.20000e+02
6.99600e-03	9.72963e-01	1.20000e+02
1.06000e-03	1.61458e+00	1.20000e+02
2.54400e-03	1.27742e+00	1.20000e+02
4.02800e-03	1.12905e+00	1.20000e+02
5.51200e-03	1.03759e+00	1.20000e+02
6.99600e-03	9.72963e-01	1.20000e+02
1.35000e-03	1.51362e+00	1.20000e+02
3.24000e-03	1.19711e+00	1.20000e+02
5.13000e-03	1.05787e+00	1.20000e+02
7.02000e-03	9.72064e-01	1.20000e+02
8.91000e-03	9.11434e-01	1.20000e+02
1.60000e-03	1.44641e+00	1.20000e+02
3.84000e-03	1.14366e+00	1.20000e+02
6.08000e-03	1.01051e+00	1.20000e+02
8.32000e-03	9.28468e-01	1.20000e+02
1.05600e-02	8.70504e-01	1.20000e+02
1.60000e-03	1.44641e+00	1.20000e+02
3.84000e-03	1.14366e+00	1.20000e+02
6.08000e-03	1.01051e+00	1.20000e+02
8.32000e-03	9.28468e-01	1.20000e+02
1.05600e-02	8.70504e-01	1.20000e+02
2.50000e-03	1.28341e+00	1.20000e+02
6.00000e-03	1.01413e+00	1.20000e+02
9.50000e-03	8.95771e-01	1.20000e+02
1.30000e-02	8.22866e-01	1.20000e+02
1.65000e-02	7.71371e-01	1.20000e+02
4.00000e-03	1.13117e+00	1.20000e+02
9.60000e-03	8.93238e-01	1.20000e+02
1.52000e-02	7.88730e-01	1.20000e+02
2.08000e-02	7.24377e-01	1.20000e+02
2.64000e-02	6.78933e-01	1.20000e+02
1.95000e-03	1.55718e+00	3.00000e+02
4.68000e-03	1.22566e+00	3.00000e+02
7.41000e-03	1.08054e+00	3.00000e+02
1.01400e-02	9.91348e-01	3.00000e+02
1.28700e-02	9.28445e-01	3.00000e+02
2.50000e-03	1.45503e+00	3.00000e+02
6.00000e-03	1.14496e+00	3.00000e+02
9.50000e-03	1.00927e+00	3.00000e+02
1.30000e-02	9.25881e-01	3.00000e+02
1.65000e-02	8.67077e-01	3.00000e+02
2.50000e-03	1.45503e+00	3.00000e+02
6.00000e-03	1.14496e+00	3.00000e+02
9.50000e-03	1.00927e+00	3.00000e+02
1.30000e-02	9.25881e-01	3.00000e+02
1.65000e-02	8.67077e-01	3.00000e+02
4.00000e-03	1.27951e+00	3.00000e+02
9.60000e-03	1.00637e+00	3.00000e+02
1.52000e-02	8.86891e-01	3.00000e+02
2.08000e-02	8.13486e-01	3.00000e+02
2.64000e-02	7.61729e-01	3.00000e+02
4.00000e-03	1.27951e+00	3.00000e+02
9.60000e-03	1.00637e+00	3.00000e+02
1.52000e-02	8.86891e-01	3.00000e+02
2.08000e-02	8.13486e-01	3.00000e+02
2.64000e-02	7.61729e-01	3.00000e+02
2.65000e-03	1.48139e+00	4.00000e+02
6.36000e-03	1.16442e+00	4.00000e+02
1.00700e-02	1.02586e+00	4.00000e+02
1.37800e-02	9.40762e-01	4.00000e+02
1.74900e-02	8.80778e-01	4.00000e+02
4.00000e-03	1.32293e+00	4.00000e+02
9.60000e-03	1.03948e+00	4.00000e+02
1.52000e-02	9.15613e-01	4.00000e+02
2.08000e-02	8.39557e-01	4.00000e+02
2.64000e-02	7.85952e-01	4.00000e+02
4.00000e-03	1.32293e+00	4.00000e+02
9.60000e-03	1.03948e+00	4.00000e+02
1.52000e-02	9.15613e-01	4.00000e+02
2.08000e-02	8.39557e-01	4.00000e+02
2.64000e-02	7.85952e-01	4.00000e+02
3.30000e-03	1.42942e+00	5.00000e+02
7.92000e-03	1.12252e+00	5.00000e+02
1.25400e-02	9.88493e-01	5.00000e+02
1.71600e-02	9.06222e-01	5.00000e+02
2.17800e-02	8.48249e-01	5.00000e+02
4.00000e-03	1.35557e+00	5.00000e+02
9.60000e-03	1.06436e+00	5.00000e+02
1.52000e-02	9.37200e-01	5.00000e+02
2.08000e-02	8.59151e-01	5.00000e+02
2.64000e-02	8.04157e-01	5.00000e+02
4.00000e-03	1.35557e+00	5.00000e+02
9.60000e-03	1.06436e+00	5.00000e+02
1.52000e-02	9.37200e-01	5.00000e+02
2.08000e-02	8.59151e-01	5.00000e+02
2.64000e-02	8.04157e-01	5.00000e+02
4.25000e-03	1.36962e+00	6.50000e+02
1.02000e-02	1.07451e+00	6.50000e+02
1.61500e-02	9.45754e-01	6.50000e+02
2.21000e-02	8.66761e-01	6.50000e+02
2.80500e-02	8.11119e-01	6.50000e+02
4.25000e-03	1.36962e+00	6.50000e+02
1.02000e-02	1.07451e+00	6.50000e+02
1.61500e-02	9.45754e-01	6.50000e+02
2.21000e-02	8.66761e-01	6.50000e+02
2.80500e-02	8.11119e-01	6.50000e+02
