3.10500e-07	7.40325e-02	4.50000e-02
7.45200e-07	6.95944e-02	4.50000e-02
1.17990e-06	6.73026e-02	4.50000e-02
1.61460e-06	6.57526e-02	4.50000e-02
2.04930e-06	6.45821e-02	4.50000e-02
3.31000e-05	2.99265e-01	3.50000e-01
7.94400e-05	2.70534e-01	3.50000e-01
1.25780e-04	2.56016e-01	3.50000e-01
1.72120e-04	2.46336e-01	3.50000e-01
2.18460e-04	2.39104e-01	3.50000e-01
4.48500e-07	1.02941e-01	6.50000e-02
1.07640e-06	9.65423e-02	6.50000e-02
1.70430e-06	9.32411e-02	6.50000e-02
2.33220e-06	9.10098e-02	6.50000e-02
2.96010e-06	8.93256e-02	6.50000e-02
6.50000e-05	2.76995e-01	3.50000e-01
1.56000e-04	2.49351e-01	3.50000e-01
2.47000e-04	2.35423e-01	3.50000e-01
3.38000e-04	2.26154e-01	3.50000e-01
4.29000e-04	2.19239e-01	3.50000e-01
5.10000e-07	1.01992e-01	6.50000e-02
1.22400e-06	9.56152e-02	6.50000e-02
1.93800e-06	9.23248e-02	6.50000e-02
2.65200e-06	9.01008e-02	6.50000e-02
3.36600e-06	8.84220e-02	6.50000e-02
1.10000e-04	2.60210e-01	3.50000e-01
2.64000e-04	2.33440e-01	3.50000e-01
4.18000e-04	2.19987e-01	3.50000e-01
5.72000e-04	2.11048e-01	3.50000e-01
7.26000e-04	2.04388e-01	3.50000e-01
5.85000e-07	1.30051e-01	8.50000e-02
1.40400e-06	1.21703e-01	8.50000e-02
2.22300e-06	1.17400e-01	8.50000e-02
3.04200e-06	1.14493e-01	8.50000e-02
3.86100e-06	1.12300e-01	8.50000e-02
2.50000e-04	2.35063e-01	3.50000e-01
6.00000e-04	2.09704e-01	3.50000e-01
9.50000e-04	1.97017e-01	3.50000e-01
1.30000e-03	1.88611e-01	3.50000e-01
1.65000e-03	1.82361e-01	3.50000e-01
6.70000e-07	1.28744e-01	8.50000e-02
1.60800e-06	1.20427e-01	8.50000e-02
2.54600e-06	1.16139e-01	8.50000e-02
3.48400e-06	1.13243e-01	8.50000e-02
4.42200e-06	1.11058e-01	8.50000e-02
1.25500e-03	1.89545e-01	3.50000e-01
3.01200e-03	1.67127e-01	3.50000e-01
4.76900e-03	1.56026e-01	3.50000e-01
6.52600e-03	1.48717e-01	3.50000e-01
8.28300e-03	1.43307e-01	3.50000e-01
7.80000e-07	1.27286e-01	8.50000e-02
1.87200e-06	1.19003e-01	8.50000e-02
2.96400e-06	1.14733e-01	8.50000e-02
4.05600e-06	1.11849e-01	8.50000e-02
5.14800e-06	1.09673e-01	8.50000e-02
4.41500e-06	4.10708e-01	4.00000e-01
1.05960e-05	3.74623e-01	4.00000e-01
1.67770e-05	3.56303e-01	4.00000e-01
2.29580e-05	3.44049e-01	4.00000e-01
2.91390e-05	3.34873e-01	4.00000e-01
7.55000e-07	1.61804e-01	1.10000e-01
1.81200e-06	1.51038e-01	1.10000e-01
2.86900e-06	1.45494e-01	1.10000e-01
3.92600e-06	1.41753e-01	1.10000e-01
4.98300e-06	1.38931e-01	1.10000e-01
5.50000e-06	4.01507e-01	4.00000e-01
1.32000e-05	3.65809e-01	4.00000e-01
2.09000e-05	3.47697e-01	4.00000e-01
2.86000e-05	3.35587e-01	4.00000e-01
3.63000e-05	3.26521e-01	4.00000e-01
8.65000e-07	1.60114e-01	1.10000e-01
2.07600e-06	1.49389e-01	1.10000e-01
3.28700e-06	1.43867e-01	1.10000e-01
4.49800e-06	1.40141e-01	1.10000e-01
5.70900e-06	1.37330e-01	1.10000e-01
6.65000e-06	3.93633e-01	4.00000e-01
1.59600e-05	3.58273e-01	4.00000e-01
2.52700e-05	3.40342e-01	4.00000e-01
3.45800e-05	3.28357e-01	4.00000e-01
4.38900e-05	3.19388e-01	4.00000e-01
1.01000e-06	1.58195e-01	1.10000e-01
2.42400e-06	1.47519e-01	1.10000e-01
3.83800e-06	1.42022e-01	1.10000e-01
5.25200e-06	1.38312e-01	1.10000e-01
6.66600e-06	1.35514e-01	1.10000e-01
8.50000e-06	3.83563e-01	4.00000e-01
2.04000e-05	3.48640e-01	4.00000e-01
3.23000e-05	3.30946e-01	4.00000e-01
4.42000e-05	3.19125e-01	4.00000e-01
5.61000e-05	3.10282e-01	4.00000e-01
1.21500e-06	1.55919e-01	1.10000e-01
2.91600e-06	1.45299e-01	1.10000e-01
4.61700e-06	1.39832e-01	1.10000e-01
6.31800e-06	1.36142e-01	1.10000e-01
8.01900e-06	1.33360e-01	1.10000e-01
1.10000e-05	3.73115e-01	4.00000e-01
2.64000e-05	3.38658e-01	4.00000e-01
4.18000e-05	3.21214e-01	4.00000e-01
5.72000e-05	3.09567e-01	4.00000e-01
7.26000e-05	3.00857e-01	4.00000e-01
1.03500e-06	2.08410e-01	1.50000e-01
2.48400e-06	1.93825e-01	1.50000e-01
3.93300e-06	1.86330e-01	1.50000e-01
5.38200e-06	1.81277e-01	1.50000e-01
6.83100e-06	1.77471e-01	1.50000e-01
1.84000e-05	3.52674e-01	4.00000e-01
4.41600e-05	3.19159e-01	4.00000e-01
6.99200e-05	3.02223e-01	4.00000e-01
9.56800e-05	2.90930e-01	4.00000e-01
1.21440e-04	2.82492e-01	4.00000e-01
1.18000e-06	2.06200e-01	1.50000e-01
2.83200e-06	1.91675e-01	1.50000e-01
4.48400e-06	1.84212e-01	1.50000e-01
6.13600e-06	1.79180e-01	1.50000e-01
7.78800e-06	1.75390e-01	1.50000e-01
4.41500e-05	3.19167e-01	4.00000e-01
1.05960e-04	2.87302e-01	4.00000e-01
1.67770e-04	2.71259e-01	4.00000e-01
2.29580e-04	2.60586e-01	4.00000e-01
2.91390e-04	2.52626e-01	4.00000e-01
1.38000e-06	2.03573e-01	1.50000e-01
3.31200e-06	1.89120e-01	1.50000e-01
5.24400e-06	1.81694e-01	1.50000e-01
7.17600e-06	1.76688e-01	1.50000e-01
9.10800e-06	1.72917e-01	1.50000e-01
8.80000e-05	2.93921e-01	4.00000e-01
2.11200e-04	2.63403e-01	4.00000e-01
3.34400e-04	2.48089e-01	4.00000e-01
4.57600e-04	2.37923e-01	4.00000e-01
5.80800e-04	2.30352e-01	4.00000e-01
1.65500e-06	2.00540e-01	1.50000e-01
3.97200e-06	1.86170e-01	1.50000e-01
6.28900e-06	1.78787e-01	1.50000e-01
8.60600e-06	1.73811e-01	1.50000e-01
1.09230e-05	1.70063e-01	1.50000e-01
1.47000e-04	2.75824e-01	4.00000e-01
3.52800e-04	2.46337e-01	4.00000e-01
5.58600e-04	2.31580e-01	4.00000e-01
7.64400e-04	2.21800e-01	4.00000e-01
9.70200e-04	2.14526e-01	4.00000e-01
2.07000e-06	1.96830e-01	1.50000e-01
4.96800e-06	1.82562e-01	1.50000e-01
7.86600e-06	1.75232e-01	1.50000e-01
1.07640e-05	1.70293e-01	1.50000e-01
1.36620e-05	1.66573e-01	1.50000e-01
3.15500e-04	2.50001e-01	4.00000e-01
7.57200e-04	2.22092e-01	4.00000e-01
1.19890e-03	2.08186e-01	4.00000e-01
1.64060e-03	1.98996e-01	4.00000e-01
2.08230e-03	1.92174e-01	4.00000e-01
2.51000e-06	1.93654e-01	1.50000e-01
6.02400e-06	1.79474e-01	1.50000e-01
9.53800e-06	1.72191e-01	1.50000e-01
1.30520e-05	1.67283e-01	1.50000e-01
1.65660e-05	1.63588e-01	1.50000e-01
3.66000e-06	4.95745e-01	5.00000e-01
8.78400e-06	4.50811e-01	5.00000e-01
1.39080e-05	4.28064e-01	5.00000e-01
1.90320e-05	4.12875e-01	5.00000e-01
2.41560e-05	4.01516e-01	5.00000e-01
1.57500e-06	2.58183e-01	2.00000e-01
3.78000e-06	2.39003e-01	2.00000e-01
5.98500e-06	2.29171e-01	2.00000e-01
8.19000e-06	2.22553e-01	2.00000e-01
1.03950e-05	2.17574e-01	2.00000e-01
4.30000e-06	4.87319e-01	5.00000e-01
1.03200e-05	4.42767e-01	5.00000e-01
1.63400e-05	4.20226e-01	5.00000e-01
2.23600e-05	4.05179e-01	5.00000e-01
2.83800e-05	3.93929e-01	5.00000e-01
1.84000e-06	2.54733e-01	2.00000e-01
4.41600e-06	2.35658e-01	2.00000e-01
6.99200e-06	2.25880e-01	2.00000e-01
9.56800e-06	2.19300e-01	2.00000e-01
1.21440e-05	2.14350e-01	2.00000e-01
7.90000e-06	4.56144e-01	5.00000e-01
1.89600e-05	4.13057e-01	5.00000e-01
3.00200e-05	3.91301e-01	5.00000e-01
4.10800e-05	3.76798e-01	5.00000e-01
5.21400e-05	3.65965e-01	5.00000e-01
2.20500e-06	2.50742e-01	2.00000e-01
5.29200e-06	2.31788e-01	2.00000e-01
8.37900e-06	2.22075e-01	2.00000e-01
1.14660e-05	2.15539e-01	2.00000e-01
1.45530e-05	2.10622e-01	2.00000e-01
1.06000e-05	4.41438e-01	5.00000e-01
2.54400e-05	3.99069e-01	5.00000e-01
4.02800e-05	3.77699e-01	5.00000e-01
5.51200e-05	3.63464e-01	5.00000e-01
6.99600e-05	3.52836e-01	5.00000e-01
2.76000e-06	2.45826e-01	2.00000e-01
6.62400e-06	2.27022e-01	2.00000e-01
1.04880e-05	2.17389e-01	2.00000e-01
1.43520e-05	2.10908e-01	2.00000e-01
1.82160e-05	2.06033e-01	2.00000e-01
1.38000e-05	4.28445e-01	5.00000e-01
3.31200e-05	3.86727e-01	5.00000e-01
5.24400e-05	3.65707e-01	5.00000e-01
7.17600e-05	3.51714e-01	5.00000e-01
9.10800e-05	3.41272e-01	5.00000e-01
3.34500e-06	2.41646e-01	2.00000e-01
8.02800e-06	2.22972e-01	2.00000e-01
1.27110e-05	2.13407e-01	2.00000e-01
1.73940e-05	2.06974e-01	2.00000e-01
2.20770e-05	2.02136e-01	2.00000e-01
1.99000e-05	4.10738e-01	5.00000e-01
4.77600e-05	3.69933e-01	5.00000e-01
7.56200e-05	3.49404e-01	5.00000e-01
1.03480e-04	3.35751e-01	5.00000e-01
1.31340e-04	3.25571e-01	5.00000e-01
4.24500e-06	2.36506e-01	2.00000e-01
1.01880e-05	2.17992e-01	2.00000e-01
1.61310e-05	2.08513e-01	2.00000e-01
2.20740e-05	2.02139e-01	2.00000e-01
2.80170e-05	1.97347e-01	2.00000e-01
5.00000e-05	3.67858e-01	5.00000e-01
1.20000e-04	3.29407e-01	5.00000e-01
1.90000e-04	3.10144e-01	5.00000e-01
2.60000e-04	2.97368e-01	5.00000e-01
3.30000e-04	2.87860e-01	5.00000e-01
5.50000e-06	2.30967e-01	2.00000e-01
1.32000e-05	2.12629e-01	2.00000e-01
2.09000e-05	2.03244e-01	2.00000e-01
2.86000e-05	1.96935e-01	2.00000e-01
3.63000e-05	1.92193e-01	2.00000e-01
1.25500e-04	3.27500e-01	5.00000e-01
3.01200e-04	2.91481e-01	5.00000e-01
4.76900e-04	2.73525e-01	5.00000e-01
6.52600e-04	2.61651e-01	5.00000e-01
8.28300e-04	2.52835e-01	5.00000e-01
1.99000e-05	2.04237e-01	2.00000e-01
4.77600e-05	1.86793e-01	2.00000e-01
7.56200e-05	1.77892e-01	2.00000e-01
1.03480e-04	1.71921e-01	2.00000e-01
1.31340e-04	1.67440e-01	2.00000e-01
1.84000e-04	3.11468e-01	5.00000e-01
4.41600e-04	2.76484e-01	5.00000e-01
6.99200e-04	2.59082e-01	5.00000e-01
9.56800e-04	2.47591e-01	5.00000e-01
1.21440e-03	2.39067e-01	5.00000e-01
1.25500e-04	1.68291e-01	2.00000e-01
3.01200e-04	1.52243e-01	2.00000e-01
4.76900e-04	1.44109e-01	2.00000e-01
6.52600e-04	1.38677e-01	2.00000e-01
8.28300e-04	1.34614e-01	2.00000e-01
4.00000e-04	2.80318e-01	5.00000e-01
9.60000e-04	2.47470e-01	5.00000e-01
1.52000e-03	2.31210e-01	5.00000e-01
2.08000e-03	2.20503e-01	5.00000e-01
2.64000e-03	2.12579e-01	5.00000e-01
1.97000e-06	3.05232e-01	2.50000e-01
4.72800e-06	2.81509e-01	2.50000e-01
7.48600e-06	2.69376e-01	2.50000e-01
1.02440e-05	2.61222e-01	2.50000e-01
1.30020e-05	2.55094e-01	2.50000e-01
1.60000e-03	2.29437e-01	5.00000e-01
3.84000e-03	2.00500e-01	5.00000e-01
6.08000e-03	1.86311e-01	5.00000e-01
8.32000e-03	1.77021e-01	5.00000e-01
1.05600e-02	1.70174e-01	5.00000e-01
2.30000e-06	3.00977e-01	2.50000e-01
5.52000e-06	2.77395e-01	2.50000e-01
8.74000e-06	2.65337e-01	2.50000e-01
1.19600e-05	2.57234e-01	2.50000e-01
1.51800e-05	2.51145e-01	2.50000e-01
4.76000e-06	5.83314e-01	6.50000e-01
1.14240e-05	5.26941e-01	6.50000e-01
1.80880e-05	4.98558e-01	6.50000e-01
2.47520e-05	4.79669e-01	6.50000e-01
3.14160e-05	4.65578e-01	6.50000e-01
2.76000e-06	2.96001e-01	2.50000e-01
6.62400e-06	2.72585e-01	2.50000e-01
1.04880e-05	2.60614e-01	2.50000e-01
1.43520e-05	2.52572e-01	2.50000e-01
1.82160e-05	2.46530e-01	2.50000e-01
5.60000e-06	5.72624e-01	6.50000e-01
1.34400e-05	5.16807e-01	6.50000e-01
2.12800e-05	4.88722e-01	6.50000e-01
2.91200e-05	4.70039e-01	6.50000e-01
3.69600e-05	4.56105e-01	6.50000e-01
3.45000e-06	2.89957e-01	2.50000e-01
8.28000e-06	2.66744e-01	2.50000e-01
1.31100e-05	2.54882e-01	2.50000e-01
1.79400e-05	2.46915e-01	2.50000e-01
2.27700e-05	2.40930e-01	2.50000e-01
7.90000e-06	5.50328e-01	6.50000e-01
1.89600e-05	4.95697e-01	6.50000e-01
3.00200e-05	4.68247e-01	6.50000e-01
4.10800e-05	4.50002e-01	6.50000e-01
5.21400e-05	4.36404e-01	6.50000e-01
4.18000e-06	2.84799e-01	2.50000e-01
1.00320e-05	2.61762e-01	2.50000e-01
1.58840e-05	2.49994e-01	2.50000e-01
2.17360e-05	2.42092e-01	2.50000e-01
2.75880e-05	2.36158e-01	2.50000e-01
8.20000e-06	5.47940e-01	6.50000e-01
1.96800e-05	4.93439e-01	6.50000e-01
3.11600e-05	4.66058e-01	6.50000e-01
4.26400e-05	4.47861e-01	6.50000e-01
5.41200e-05	4.34300e-01	6.50000e-01
5.30000e-06	2.78473e-01	2.50000e-01
1.27200e-05	2.55655e-01	2.50000e-01
2.01400e-05	2.44004e-01	2.50000e-01
2.75600e-05	2.36183e-01	2.50000e-01
3.49800e-05	2.30311e-01	2.50000e-01
1.99000e-05	4.92767e-01	6.50000e-01
4.77600e-05	4.41382e-01	6.50000e-01
7.56200e-05	4.15667e-01	6.50000e-01
1.03480e-04	3.98620e-01	6.50000e-01
1.31340e-04	3.85939e-01	6.50000e-01
6.90000e-06	2.71512e-01	2.50000e-01
1.65600e-05	2.48938e-01	2.50000e-01
2.62200e-05	2.37418e-01	2.50000e-01
3.58800e-05	2.29689e-01	2.50000e-01
4.55400e-05	2.23887e-01	2.50000e-01
2.99000e-05	4.68482e-01	6.50000e-01
7.17600e-05	4.18555e-01	6.50000e-01
1.13620e-04	3.93619e-01	6.50000e-01
1.55480e-04	3.77109e-01	6.50000e-01
1.97340e-04	3.64839e-01	6.50000e-01
1.15000e-05	2.58241e-01	2.50000e-01
2.76000e-05	2.36147e-01	2.50000e-01
4.37000e-05	2.24886e-01	2.50000e-01
5.98000e-05	2.17337e-01	2.50000e-01
7.59000e-05	2.11675e-01	2.50000e-01
5.00000e-05	4.38778e-01	6.50000e-01
1.20000e-04	3.90714e-01	6.50000e-01
1.90000e-04	3.66773e-01	6.50000e-01
2.60000e-04	3.50948e-01	6.50000e-01
3.30000e-04	3.39201e-01	6.50000e-01
1.99000e-05	2.44305e-01	2.50000e-01
4.77600e-05	2.22737e-01	2.50000e-01
7.56200e-05	2.11762e-01	2.50000e-01
1.03480e-04	2.04412e-01	2.50000e-01
1.31340e-04	1.98904e-01	2.50000e-01
1.25500e-04	3.88340e-01	6.50000e-01
3.01200e-04	3.43671e-01	6.50000e-01
4.76900e-04	3.21538e-01	6.50000e-01
6.52600e-04	3.06954e-01	6.50000e-01
8.28300e-04	2.96153e-01	6.50000e-01
5.50000e-05	2.19340e-01	2.50000e-01
1.32000e-04	1.98789e-01	2.50000e-01
2.09000e-04	1.88370e-01	2.50000e-01
2.86000e-04	1.81409e-01	2.50000e-01
3.63000e-04	1.76201e-01	2.50000e-01
2.39000e-04	3.55156e-01	6.50000e-01
5.73600e-04	3.12902e-01	6.50000e-01
9.08200e-04	2.92047e-01	6.50000e-01
1.24280e-03	2.78339e-01	6.50000e-01
1.57740e-03	2.68205e-01	6.50000e-01
1.25500e-04	1.99949e-01	2.50000e-01
3.01200e-04	1.80271e-01	2.50000e-01
4.76900e-04	1.70331e-01	2.50000e-01
6.52600e-04	1.63705e-01	2.50000e-01
8.28300e-04	1.58758e-01	2.50000e-01
4.00000e-04	3.29900e-01	6.50000e-01
9.60000e-04	2.89592e-01	6.50000e-01
1.52000e-03	2.69764e-01	6.50000e-01
2.08000e-03	2.56757e-01	6.50000e-01
2.64000e-03	2.47156e-01	6.50000e-01
1.97000e-04	1.89696e-01	2.50000e-01
4.72800e-04	1.70515e-01	2.50000e-01
7.48600e-04	1.60848e-01	2.50000e-01
1.02440e-03	1.54413e-01	2.50000e-01
1.30020e-03	1.49614e-01	2.50000e-01
1.60000e-03	2.67608e-01	6.50000e-01
3.84000e-03	2.32562e-01	6.50000e-01
6.08000e-03	2.15488e-01	6.50000e-01
8.32000e-03	2.04351e-01	6.50000e-01
1.05600e-02	1.96165e-01	6.50000e-01
7.90000e-04	1.59734e-01	2.50000e-01
1.89600e-03	1.42183e-01	2.50000e-01
3.00200e-03	1.33407e-01	2.50000e-01
4.10800e-03	1.27596e-01	2.50000e-01
5.21400e-03	1.23277e-01	2.50000e-01
6.20000e-06	6.81554e-01	8.50000e-01
1.48800e-05	6.11189e-01	8.50000e-01
2.35600e-05	5.75987e-01	8.50000e-01
3.22400e-05	5.52653e-01	8.50000e-01
4.09200e-05	5.35295e-01	8.50000e-01
2.56000e-06	3.90886e-01	3.50000e-01
6.14400e-06	3.58310e-01	3.50000e-01
9.72800e-06	3.41719e-01	3.50000e-01
1.33120e-05	3.30599e-01	3.50000e-01
1.68960e-05	3.22259e-01	3.50000e-01
6.90000e-06	6.72726e-01	8.50000e-01
1.65600e-05	6.02887e-01	8.50000e-01
2.62200e-05	5.67966e-01	8.50000e-01
3.58800e-05	5.44824e-01	8.50000e-01
4.55400e-05	5.27614e-01	8.50000e-01
2.56000e-06	3.90886e-01	3.50000e-01
6.14400e-06	3.58310e-01	3.50000e-01
9.72800e-06	3.41719e-01	3.50000e-01
1.33120e-05	3.30599e-01	3.50000e-01
1.68960e-05	3.22259e-01	3.50000e-01
1.00000e-05	6.42599e-01	8.50000e-01
2.40000e-05	5.74595e-01	8.50000e-01
3.80000e-05	5.40650e-01	8.50000e-01
5.20000e-05	5.18180e-01	8.50000e-01
6.60000e-05	5.01482e-01	8.50000e-01
3.05000e-06	3.84269e-01	3.50000e-01
7.32000e-06	3.51945e-01	3.50000e-01
1.15900e-05	3.35489e-01	3.50000e-01
1.58600e-05	3.24463e-01	3.50000e-01
2.01300e-05	3.16195e-01	3.50000e-01
1.00000e-05	6.42599e-01	8.50000e-01
2.40000e-05	5.74595e-01	8.50000e-01
3.80000e-05	5.40650e-01	8.50000e-01
5.20000e-05	5.18180e-01	8.50000e-01
6.60000e-05	5.01482e-01	8.50000e-01
3.31000e-06	3.81195e-01	3.50000e-01
7.94400e-06	3.48990e-01	3.50000e-01
1.25780e-05	3.32597e-01	3.50000e-01
1.72120e-05	3.21615e-01	3.50000e-01
2.18460e-05	3.13380e-01	3.50000e-01
1.99000e-05	5.88780e-01	8.50000e-01
4.77600e-05	5.24217e-01	8.50000e-01
7.56200e-05	4.92101e-01	8.50000e-01
1.03480e-04	4.70886e-01	8.50000e-01
1.31340e-04	4.55145e-01	8.50000e-01
4.14000e-06	3.72843e-01	3.50000e-01
9.93600e-06	3.40964e-01	3.50000e-01
1.57320e-05	3.24746e-01	3.50000e-01
2.15280e-05	3.13884e-01	3.50000e-01
2.73240e-05	3.05742e-01	3.50000e-01
2.50000e-05	5.71530e-01	8.50000e-01
6.00000e-05	5.08118e-01	8.50000e-01
9.50000e-05	4.76612e-01	8.50000e-01
1.30000e-04	4.55816e-01	8.50000e-01
1.65000e-04	4.40394e-01	8.50000e-01
5.00000e-06	3.65863e-01	3.50000e-01
1.20000e-05	3.34259e-01	3.50000e-01
1.90000e-05	3.18189e-01	3.50000e-01
2.60000e-05	3.07430e-01	3.50000e-01
3.30000e-05	2.99367e-01	3.50000e-01
5.00000e-05	5.20959e-01	8.50000e-01
1.20000e-04	4.61068e-01	8.50000e-01
1.90000e-04	4.31425e-01	8.50000e-01
2.60000e-04	4.11905e-01	8.50000e-01
3.30000e-04	3.97454e-01	8.50000e-01
6.35000e-06	3.57107e-01	3.50000e-01
1.52400e-05	3.25855e-01	3.50000e-01
2.41300e-05	3.09975e-01	3.50000e-01
3.30200e-05	2.99346e-01	3.50000e-01
4.19100e-05	2.91384e-01	3.50000e-01
1.25500e-04	4.58123e-01	8.50000e-01
3.01200e-04	4.02950e-01	8.50000e-01
4.76900e-04	3.75792e-01	8.50000e-01
6.52600e-04	3.57967e-01	8.50000e-01
8.28300e-04	3.44804e-01	8.50000e-01
8.25000e-06	3.47628e-01	3.50000e-01
1.98000e-05	3.16765e-01	3.50000e-01
3.13500e-05	3.01093e-01	3.50000e-01
4.29000e-05	2.90610e-01	3.50000e-01
5.44500e-05	2.82760e-01	3.50000e-01
4.00000e-04	3.86037e-01	8.50000e-01
9.60000e-04	3.36823e-01	8.50000e-01
1.52000e-03	3.12780e-01	8.50000e-01
2.08000e-03	2.97070e-01	8.50000e-01
2.64000e-03	2.85506e-01	8.50000e-01
1.60000e-05	3.24156e-01	3.50000e-01
3.84000e-05	2.94294e-01	3.50000e-01
6.08000e-05	2.79162e-01	3.50000e-01
8.32000e-05	2.69055e-01	3.50000e-01
1.05600e-04	2.61494e-01	3.50000e-01
1.60000e-03	3.10172e-01	8.50000e-01
3.84000e-03	2.67985e-01	8.50000e-01
6.08000e-03	2.47573e-01	8.50000e-01
8.32000e-03	2.34311e-01	8.50000e-01
1.05600e-02	2.24589e-01	8.50000e-01
8.80000e-06	8.17209e-01	1.20000e+00
2.11200e-05	7.25406e-01	1.20000e+00
3.34400e-05	6.79914e-01	1.20000e+00
4.57600e-05	6.49931e-01	1.20000e+00
5.80800e-05	6.27722e-01	1.20000e+00
4.00000e-05	1.03276e+00	2.70000e+00
9.60000e-05	8.89970e-01	2.70000e+00
1.52000e-04	8.21335e-01	2.70000e+00
2.08000e-04	7.76901e-01	2.70000e+00
2.64000e-04	7.44406e-01	2.70000e+00
1.00000e-05	8.03386e-01	1.20000e+00
2.40000e-05	7.12564e-01	1.20000e+00
3.80000e-05	6.67590e-01	1.20000e+00
5.20000e-05	6.37960e-01	1.20000e+00
6.60000e-05	6.16019e-01	1.20000e+00
4.00000e-05	1.03276e+00	2.70000e+00
9.60000e-05	8.89970e-01	2.70000e+00
1.52000e-04	8.21335e-01	2.70000e+00
2.08000e-04	7.76901e-01	2.70000e+00
2.64000e-04	7.44406e-01	2.70000e+00
1.00000e-05	8.03386e-01	1.20000e+00
2.40000e-05	7.12564e-01	1.20000e+00
3.80000e-05	6.67590e-01	1.20000e+00
5.20000e-05	6.37960e-01	1.20000e+00
6.60000e-05	6.16019e-01	1.20000e+00
6.50000e-05	9.51592e-01	2.70000e+00
1.56000e-04	8.17582e-01	2.70000e+00
2.47000e-04	7.53368e-01	2.70000e+00
3.38000e-04	7.11870e-01	2.70000e+00
4.29000e-04	6.81561e-01	2.70000e+00
1.60000e-05	7.53791e-01	1.20000e+00
3.84000e-05	6.66586e-01	1.20000e+00
6.08000e-05	6.23515e-01	1.20000e+00
8.32000e-05	5.95184e-01	1.20000e+00
1.05600e-04	5.74229e-01	1.20000e+00
1.00000e-04	8.83700e-01	2.70000e+00
2.40000e-04	7.57265e-01	2.70000e+00
3.80000e-04	6.96848e-01	2.70000e+00
5.20000e-04	6.57865e-01	2.70000e+00
6.60000e-04	6.29424e-01	2.70000e+00
1.60000e-05	7.53791e-01	1.20000e+00
3.84000e-05	6.66586e-01	1.20000e+00
6.08000e-05	6.23515e-01	1.20000e+00
8.32000e-05	5.95184e-01	1.20000e+00
1.05600e-04	5.74229e-01	1.20000e+00
1.60000e-04	8.13936e-01	2.70000e+00
3.84000e-04	6.95518e-01	2.70000e+00
6.08000e-04	6.39099e-01	2.70000e+00
8.32000e-04	6.02758e-01	2.70000e+00
1.05600e-03	5.76275e-01	2.70000e+00
3.15500e-05	6.85570e-01	1.20000e+00
7.57200e-05	6.03603e-01	1.20000e+00
1.19890e-04	5.63276e-01	1.20000e+00
1.64060e-04	5.36813e-01	1.20000e+00
2.08230e-04	5.17273e-01	1.20000e+00
2.50000e-04	7.51736e-01	2.70000e+00
6.00000e-04	6.40672e-01	2.70000e+00
9.50000e-04	5.87905e-01	2.70000e+00
1.30000e-03	5.53970e-01	2.70000e+00
1.65000e-03	5.29268e-01	2.70000e+00
4.00000e-05	6.62685e-01	1.20000e+00
9.60000e-05	5.82546e-01	1.20000e+00
1.52000e-04	5.43176e-01	1.20000e+00
2.08000e-04	5.17362e-01	1.20000e+00
2.64000e-04	4.98312e-01	1.20000e+00
4.00000e-04	6.90350e-01	2.70000e+00
9.60000e-04	5.86746e-01	2.70000e+00
1.52000e-03	5.37666e-01	2.70000e+00
2.08000e-03	5.06153e-01	2.70000e+00
2.64000e-03	4.83242e-01	2.70000e+00
6.50000e-05	6.17409e-01	1.20000e+00
1.56000e-04	5.41006e-01	1.20000e+00
2.47000e-04	5.03581e-01	1.20000e+00
3.38000e-04	4.79087e-01	1.20000e+00
4.29000e-04	4.61034e-01	1.20000e+00
6.50000e-04	6.31215e-01	2.70000e+00
1.56000e-03	5.34996e-01	2.70000e+00
2.47000e-03	4.89549e-01	2.70000e+00
3.38000e-03	4.60418e-01	2.70000e+00
4.29000e-03	4.39263e-01	2.70000e+00
7.90000e-05	5.99804e-01	1.20000e+00
1.89600e-04	5.24896e-01	1.20000e+00
3.00200e-04	4.88249e-01	1.20000e+00
4.10800e-04	4.64280e-01	1.20000e+00
5.21400e-04	4.46625e-01	1.20000e+00
1.00000e-03	5.82242e-01	2.70000e+00
2.40000e-03	4.92295e-01	2.70000e+00
3.80000e-03	4.49920e-01	2.70000e+00
5.20000e-03	4.22797e-01	2.70000e+00
6.60000e-03	4.03120e-01	2.70000e+00
1.99000e-04	5.20951e-01	1.20000e+00
4.77600e-04	4.53066e-01	1.20000e+00
7.56200e-04	4.20053e-01	1.20000e+00
1.03480e-03	3.98536e-01	1.20000e+00
1.31340e-03	3.82727e-01	1.20000e+00
2.50000e-03	4.88400e-01	2.70000e+00
6.00000e-03	4.10890e-01	2.70000e+00
9.50000e-03	3.74569e-01	2.70000e+00
1.30000e-02	3.51390e-01	2.70000e+00
1.65000e-02	3.34609e-01	2.70000e+00
6.50000e-04	4.30728e-01	1.20000e+00
1.56000e-03	3.71607e-01	1.20000e+00
2.47000e-03	3.43082e-01	1.20000e+00
3.38000e-03	3.24578e-01	1.20000e+00
4.29000e-03	3.11027e-01	1.20000e+00
2.50000e-03	3.42355e-01	1.20000e+00
6.00000e-03	2.92698e-01	1.20000e+00
9.50000e-03	2.68960e-01	1.20000e+00
1.30000e-02	2.53644e-01	1.20000e+00
1.65000e-02	2.42471e-01	1.20000e+00
2.03000e-05	1.31791e+00	3.50000e+00
4.87200e-05	1.13312e+00	3.50000e+00
7.71400e-05	1.04455e+00	3.50000e+00
1.05560e-04	9.87292e-01	3.50000e+00
1.33980e-04	9.45469e-01	3.50000e+00
9.25000e-06	9.32116e-01	1.50000e+00
2.22000e-05	8.22646e-01	1.50000e+00
3.51500e-05	7.68711e-01	1.50000e+00
4.81000e-05	7.33286e-01	1.50000e+00
6.10500e-05	7.07110e-01	1.50000e+00
2.16000e-05	1.30410e+00	3.50000e+00
5.18400e-05	1.12083e+00	3.50000e+00
8.20800e-05	1.03301e+00	3.50000e+00
1.12320e-04	9.76264e-01	3.50000e+00
1.42560e-04	9.34817e-01	3.50000e+00
1.10000e-05	9.09750e-01	1.50000e+00
2.64000e-05	8.02025e-01	1.50000e+00
4.18000e-05	7.49003e-01	1.50000e+00
5.72000e-05	7.14197e-01	1.50000e+00
7.26000e-05	6.88490e-01	1.50000e+00
2.30000e-05	1.29024e+00	3.50000e+00
5.52000e-05	1.10849e+00	3.50000e+00
8.74000e-05	1.02145e+00	3.50000e+00
1.19600e-04	9.65206e-01	3.50000e+00
1.51800e-04	9.24138e-01	3.50000e+00
1.60000e-05	8.62566e-01	1.50000e+00
3.84000e-05	7.58610e-01	1.50000e+00
6.08000e-05	7.07555e-01	1.50000e+00
8.32000e-05	6.74085e-01	1.50000e+00
1.05600e-04	6.49387e-01	1.50000e+00
2.56000e-05	1.26686e+00	3.50000e+00
6.14400e-05	1.08770e+00	3.50000e+00
9.72800e-05	1.00196e+00	3.50000e+00
1.33120e-04	9.46580e-01	3.50000e+00
1.68960e-04	9.06153e-01	3.50000e+00
1.60000e-05	8.62566e-01	1.50000e+00
3.84000e-05	7.58610e-01	1.50000e+00
6.08000e-05	7.07555e-01	1.50000e+00
8.32000e-05	6.74085e-01	1.50000e+00
1.05600e-04	6.49387e-01	1.50000e+00
2.65500e-05	1.25897e+00	3.50000e+00
6.37200e-05	1.08070e+00	3.50000e+00
1.00890e-04	9.95394e-01	3.50000e+00
1.38060e-04	9.40309e-01	3.50000e+00
1.75230e-04	9.00099e-01	3.50000e+00
2.50000e-05	8.08473e-01	1.50000e+00
6.00000e-05	7.08993e-01	1.50000e+00
9.50000e-05	6.60266e-01	1.50000e+00
1.30000e-04	6.28374e-01	1.50000e+00
1.65000e-04	6.04868e-01	1.50000e+00
2.86500e-05	1.24263e+00	3.50000e+00
6.87600e-05	1.06618e+00	3.50000e+00
1.08870e-04	9.81794e-01	3.50000e+00
1.48980e-04	9.27316e-01	3.50000e+00
1.89090e-04	8.87556e-01	3.50000e+00
4.00000e-05	7.53977e-01	1.50000e+00
9.60000e-05	6.59184e-01	1.50000e+00
1.52000e-04	6.12888e-01	1.50000e+00
2.08000e-04	5.82638e-01	1.50000e+00
2.64000e-04	5.60370e-01	1.50000e+00
4.00000e-05	1.17289e+00	3.50000e+00
9.60000e-05	1.00435e+00	3.50000e+00
1.52000e-04	9.23915e-01	3.50000e+00
2.08000e-04	8.72052e-01	3.50000e+00
2.64000e-04	8.34233e-01	3.50000e+00
6.50000e-05	7.00333e-01	1.50000e+00
1.56000e-04	6.10341e-01	1.50000e+00
2.47000e-04	5.66524e-01	1.50000e+00
3.38000e-04	5.37945e-01	1.50000e+00
4.29000e-04	5.16934e-01	1.50000e+00
4.00000e-05	1.17289e+00	3.50000e+00
9.60000e-05	1.00435e+00	3.50000e+00
1.52000e-04	9.23915e-01	3.50000e+00
2.08000e-04	8.72052e-01	3.50000e+00
2.64000e-04	8.34233e-01	3.50000e+00
1.00000e-04	6.54976e-01	1.50000e+00
2.40000e-04	5.69197e-01	1.50000e+00
3.80000e-04	5.27546e-01	1.50000e+00
5.20000e-04	5.00425e-01	1.50000e+00
6.60000e-04	4.80508e-01	1.50000e+00
6.50000e-05	1.07689e+00	3.50000e+00
1.56000e-04	9.19528e-01	3.50000e+00
2.47000e-04	8.44655e-01	3.50000e+00
3.38000e-04	7.96462e-01	3.50000e+00
4.29000e-04	7.61363e-01	3.50000e+00
1.60000e-04	6.07867e-01	1.50000e+00
3.84000e-04	5.26624e-01	1.50000e+00
6.08000e-04	4.87296e-01	1.50000e+00
8.32000e-04	4.61732e-01	1.50000e+00
1.05600e-03	4.42984e-01	1.50000e+00
1.00000e-04	9.96987e-01	3.50000e+00
2.40000e-04	8.49189e-01	3.50000e+00
3.80000e-04	7.79056e-01	3.50000e+00
5.20000e-04	7.33983e-01	3.50000e+00
6.60000e-04	7.01190e-01	3.50000e+00
2.50000e-04	5.65404e-01	1.50000e+00
6.00000e-04	4.88398e-01	1.50000e+00
9.50000e-04	4.51230e-01	1.50000e+00
1.30000e-03	4.27112e-01	1.50000e+00
1.65000e-03	4.09446e-01	1.50000e+00
1.60000e-04	9.15267e-01	3.50000e+00
3.84000e-04	7.77515e-01	3.50000e+00
6.08000e-04	7.12337e-01	3.50000e+00
8.32000e-04	6.70516e-01	3.50000e+00
1.05600e-03	6.40123e-01	3.50000e+00
4.00000e-04	5.23039e-01	1.50000e+00
9.60000e-04	4.50409e-01	1.50000e+00
1.52000e-03	4.15463e-01	1.50000e+00
2.08000e-03	3.92827e-01	1.50000e+00
2.64000e-03	3.76268e-01	1.50000e+00
2.50000e-04	8.42757e-01	3.50000e+00
6.00000e-04	7.14150e-01	3.50000e+00
9.50000e-04	6.53462e-01	3.50000e+00
1.30000e-03	6.14579e-01	3.50000e+00
1.65000e-03	5.86352e-01	3.50000e+00
5.00000e-04	5.03759e-01	1.50000e+00
1.20000e-03	4.33172e-01	1.50000e+00
1.90000e-03	3.99259e-01	1.50000e+00
2.60000e-03	3.77311e-01	1.50000e+00
3.30000e-03	3.61266e-01	1.50000e+00
4.00000e-04	7.71532e-01	3.50000e+00
9.60000e-04	6.52131e-01	3.50000e+00
1.52000e-03	5.95941e-01	3.50000e+00
2.08000e-03	5.59996e-01	3.50000e+00
2.64000e-03	5.33929e-01	3.50000e+00
1.60000e-03	4.11694e-01	1.50000e+00
3.84000e-03	3.51347e-01	1.50000e+00
6.08000e-03	3.22579e-01	1.50000e+00
8.32000e-03	3.04044e-01	1.50000e+00
1.05600e-02	2.90536e-01	1.50000e+00
6.50000e-04	7.03253e-01	3.50000e+00
1.56000e-03	5.92891e-01	3.50000e+00
2.47000e-03	5.41099e-01	3.50000e+00
3.38000e-03	5.08018e-01	3.50000e+00
4.29000e-03	4.84055e-01	3.50000e+00
6.50000e-04	4.81766e-01	1.50000e+00
1.56000e-03	4.13551e-01	1.50000e+00
2.47000e-03	3.80835e-01	1.50000e+00
3.38000e-03	3.59684e-01	1.50000e+00
4.29000e-03	3.44231e-01	1.50000e+00
1.00000e-03	6.46965e-01	3.50000e+00
2.40000e-03	5.44222e-01	3.50000e+00
3.80000e-03	4.96120e-01	3.50000e+00
5.20000e-03	4.65438e-01	3.50000e+00
6.60000e-03	4.43232e-01	3.50000e+00
1.23500e-05	1.05882e+00	2.00000e+00
2.96400e-05	9.26103e-01	2.00000e+00
4.69300e-05	8.61307e-01	2.00000e+00
6.42200e-05	8.18977e-01	2.00000e+00
8.15100e-05	7.87821e-01	2.00000e+00
4.00000e-03	4.90986e-01	3.50000e+00
9.60000e-03	4.10200e-01	3.50000e+00
1.52000e-02	3.72654e-01	3.50000e+00
2.08000e-02	3.48801e-01	3.50000e+00
2.64000e-02	3.31586e-01	3.50000e+00
1.46500e-05	1.03197e+00	2.00000e+00
3.51600e-05	9.01634e-01	2.00000e+00
5.56700e-05	8.38069e-01	2.00000e+00
7.61800e-05	7.96570e-01	2.00000e+00
9.66900e-05	7.66038e-01	2.00000e+00
2.61000e-05	1.42256e+00	4.50000e+00
6.26400e-05	1.21385e+00	4.50000e+00
9.91800e-05	1.11465e+00	4.50000e+00
1.35720e-04	1.05084e+00	4.50000e+00
1.72260e-04	1.00438e+00	4.50000e+00
1.63500e-05	1.01496e+00	2.00000e+00
3.92400e-05	8.86147e-01	2.00000e+00
6.21300e-05	8.23370e-01	2.00000e+00
8.50200e-05	7.82402e-01	2.00000e+00
1.07910e-04	7.52269e-01	2.00000e+00
2.96000e-05	1.39091e+00	4.50000e+00
7.10400e-05	1.18600e+00	4.50000e+00
1.12480e-04	1.08867e+00	4.50000e+00
1.53920e-04	1.02610e+00	4.50000e+00
1.95360e-04	9.80558e-01	4.50000e+00
2.50000e-05	9.50956e-01	2.00000e+00
6.00000e-05	8.28021e-01	2.00000e+00
9.50000e-05	7.68266e-01	2.00000e+00
1.30000e-04	7.29330e-01	2.00000e+00
1.65000e-04	7.00725e-01	2.00000e+00
3.09000e-05	1.38023e+00	4.50000e+00
7.41600e-05	1.17660e+00	4.50000e+00
1.17420e-04	1.07992e+00	4.50000e+00
1.60680e-04	1.01776e+00	4.50000e+00
2.03940e-04	9.72530e-01	4.50000e+00
2.50000e-05	9.50956e-01	2.00000e+00
6.00000e-05	8.28021e-01	2.00000e+00
9.50000e-05	7.68266e-01	2.00000e+00
1.30000e-04	7.29330e-01	2.00000e+00
1.65000e-04	7.00725e-01	2.00000e+00
3.41500e-05	1.35564e+00	4.50000e+00
8.19600e-05	1.15498e+00	4.50000e+00
1.29770e-04	1.05977e+00	4.50000e+00
1.77580e-04	9.98580e-01	4.50000e+00
2.25390e-04	9.54064e-01	4.50000e+00
4.00000e-05	8.83460e-01	2.00000e+00
9.60000e-05	7.66942e-01	2.00000e+00
1.52000e-04	7.10476e-01	2.00000e+00
2.08000e-04	6.73746e-01	2.00000e+00
2.64000e-04	6.46796e-01	2.00000e+00
3.66000e-05	1.33880e+00	4.50000e+00
8.78400e-05	1.14019e+00	4.50000e+00
1.39080e-04	1.04599e+00	4.50000e+00
1.90320e-04	9.85467e-01	4.50000e+00
2.41560e-04	9.41443e-01	4.50000e+00
6.50000e-05	8.17378e-01	2.00000e+00
1.56000e-04	7.07379e-01	2.00000e+00
2.47000e-04	6.54237e-01	2.00000e+00
3.38000e-04	6.19732e-01	2.00000e+00
4.29000e-04	5.94446e-01	2.00000e+00
4.09000e-05	1.31216e+00	4.50000e+00
9.81600e-05	1.11681e+00	4.50000e+00
1.55420e-04	1.02421e+00	4.50000e+00
2.12680e-04	9.64746e-01	4.50000e+00
2.69940e-04	9.21501e-01	4.50000e+00
1.00000e-04	7.61797e-01	2.00000e+00
2.40000e-04	6.57470e-01	2.00000e+00
3.80000e-04	6.07209e-01	2.00000e+00
5.20000e-04	5.74627e-01	2.00000e+00
6.60000e-04	5.50778e-01	2.00000e+00
4.09000e-05	1.31216e+00	4.50000e+00
9.81600e-05	1.11681e+00	4.50000e+00
1.55420e-04	1.02421e+00	4.50000e+00
2.12680e-04	9.64746e-01	4.50000e+00
2.69940e-04	9.21501e-01	4.50000e+00
1.60000e-04	7.04370e-01	2.00000e+00
3.84000e-04	6.06099e-01	2.00000e+00
6.08000e-04	5.58899e-01	2.00000e+00
8.32000e-04	5.28355e-01	2.00000e+00
1.05600e-03	5.06025e-01	2.00000e+00
6.50000e-05	1.20561e+00	4.50000e+00
1.56000e-04	1.02349e+00	4.50000e+00
2.47000e-04	9.37416e-01	4.50000e+00
3.38000e-04	8.82222e-01	4.50000e+00
4.29000e-04	8.42130e-01	4.50000e+00
2.50000e-04	6.52882e-01	2.00000e+00
6.00000e-04	5.60218e-01	2.00000e+00
9.50000e-04	5.15839e-01	2.00000e+00
1.30000e-03	4.87169e-01	2.00000e+00
1.65000e-03	4.66233e-01	2.00000e+00
6.50000e-05	1.20561e+00	4.50000e+00
1.56000e-04	1.02349e+00	4.50000e+00
2.47000e-04	9.37416e-01	4.50000e+00
3.38000e-04	8.82222e-01	4.50000e+00
4.29000e-04	8.42130e-01	4.50000e+00
5.00000e-04	5.78626e-01	2.00000e+00
1.20000e-03	4.94362e-01	2.00000e+00
1.90000e-03	4.54187e-01	2.00000e+00
2.60000e-03	4.28299e-01	2.00000e+00
3.30000e-03	4.09429e-01	2.00000e+00
1.00000e-04	1.11293e+00	4.50000e+00
2.40000e-04	9.42617e-01	4.50000e+00
3.80000e-04	8.62328e-01	4.50000e+00
5.20000e-04	8.10918e-01	4.50000e+00
6.60000e-04	7.73610e-01	4.50000e+00
1.60000e-03	4.68894e-01	2.00000e+00
3.84000e-03	3.97790e-01	2.00000e+00
6.08000e-03	3.64139e-01	2.00000e+00
8.32000e-03	3.42546e-01	2.00000e+00
1.05600e-02	3.26854e-01	2.00000e+00
1.60000e-04	1.01858e+00	4.50000e+00
3.84000e-04	8.60568e-01	4.50000e+00
6.08000e-04	7.86283e-01	4.50000e+00
8.32000e-04	7.38788e-01	4.50000e+00
1.05600e-03	7.04359e-01	4.50000e+00
6.50000e-04	5.52281e-01	2.00000e+00
1.56000e-03	4.71093e-01	2.00000e+00
2.47000e-03	4.32449e-01	2.00000e+00
3.38000e-03	4.07572e-01	2.00000e+00
4.29000e-03	3.89451e-01	2.00000e+00
2.50000e-04	9.35239e-01	4.50000e+00
6.00000e-04	7.88345e-01	4.50000e+00
9.50000e-04	7.19460e-01	4.50000e+00
1.30000e-03	6.75480e-01	4.50000e+00
1.65000e-03	6.43629e-01	4.50000e+00
1.54500e-05	1.20653e+00	2.70000e+00
3.70800e-05	1.04589e+00	2.70000e+00
5.87100e-05	9.68195e-01	2.70000e+00
8.03400e-05	9.17721e-01	2.70000e+00
1.01970e-04	8.80716e-01	2.70000e+00
4.00000e-04	8.53736e-01	4.50000e+00
9.60000e-04	7.17953e-01	4.50000e+00
1.52000e-03	6.54442e-01	4.50000e+00
2.08000e-03	6.13951e-01	4.50000e+00
2.64000e-03	5.84655e-01	4.50000e+00
1.83000e-05	1.17415e+00	2.70000e+00
4.39200e-05	1.01674e+00	2.70000e+00
6.95400e-05	9.40698e-01	2.70000e+00
9.51600e-05	8.91324e-01	2.70000e+00
1.20780e-04	8.55142e-01	2.70000e+00
6.50000e-04	7.75955e-01	4.50000e+00
1.56000e-03	6.51003e-01	4.50000e+00
2.47000e-03	5.92708e-01	4.50000e+00
3.38000e-03	5.55595e-01	4.50000e+00
4.29000e-03	5.28770e-01	4.50000e+00
2.04500e-05	1.15325e+00	2.70000e+00
4.90800e-05	9.97951e-01	2.70000e+00
7.77100e-05	9.22980e-01	2.70000e+00
1.06340e-04	8.74323e-01	2.70000e+00
1.34970e-04	8.38676e-01	2.70000e+00
1.00000e-03	7.12103e-01	4.50000e+00
2.40000e-03	5.96216e-01	4.50000e+00
3.80000e-03	5.42270e-01	4.50000e+00
5.20000e-03	5.07966e-01	4.50000e+00
6.60000e-03	4.83193e-01	4.50000e+00
2.04500e-05	1.15325e+00	2.70000e+00
4.90800e-05	9.97951e-01	2.70000e+00
7.77100e-05	9.22980e-01	2.70000e+00
1.06340e-04	8.74323e-01	2.70000e+00
1.34970e-04	8.38676e-01	2.70000e+00
1.60000e-03	6.47665e-01	4.50000e+00
3.84000e-03	5.41092e-01	4.50000e+00
6.08000e-03	4.91597e-01	4.50000e+00
8.32000e-03	4.60164e-01	4.50000e+00
1.05600e-02	4.37484e-01	4.50000e+00
2.50000e-05	1.11614e+00	2.70000e+00
6.00000e-05	9.64632e-01	2.70000e+00
9.50000e-05	8.91584e-01	2.70000e+00
1.30000e-04	8.44210e-01	2.70000e+00
1.65000e-04	8.09523e-01	2.70000e+00
2.50000e-05	1.11614e+00	2.70000e+00
6.00000e-05	9.64632e-01	2.70000e+00
9.50000e-05	8.91584e-01	2.70000e+00
1.30000e-04	8.44210e-01	2.70000e+00
1.65000e-04	8.09523e-01	2.70000e+00
3.77000e-05	1.56022e+00	6.50000e+00
9.04800e-05	1.31768e+00	6.50000e+00
1.43260e-04	1.20374e+00	6.50000e+00
1.96040e-04	1.13093e+00	6.50000e+00
2.48820e-04	1.07817e+00	6.50000e+00
6.96000e-05	1.73529e+00	1.20000e+01
1.67040e-04	1.44461e+00	1.20000e+01
2.64480e-04	1.31031e+00	1.20000e+01
3.61920e-04	1.22527e+00	1.20000e+01
4.59360e-04	1.16403e+00	1.20000e+01
4.01500e-05	1.54161e+00	6.50000e+00
9.63600e-05	1.30154e+00	6.50000e+00
1.52570e-04	1.18881e+00	6.50000e+00
2.08780e-04	1.11678e+00	6.50000e+00
2.64990e-04	1.06459e+00	6.50000e+00
8.05000e-05	1.68362e+00	1.20000e+01
1.93200e-04	1.40080e+00	1.20000e+01
3.05900e-04	1.27022e+00	1.20000e+01
4.18600e-04	1.18756e+00	1.20000e+01
5.31300e-04	1.12805e+00	1.20000e+01
4.27500e-05	1.52325e+00	6.50000e+00
1.02600e-04	1.28563e+00	6.50000e+00
1.62450e-04	1.17409e+00	6.50000e+00
2.22300e-04	1.10284e+00	6.50000e+00
2.82150e-04	1.05122e+00	6.50000e+00
8.05000e-05	1.68362e+00	1.20000e+01
1.93200e-04	1.40080e+00	1.20000e+01
3.05900e-04	1.27022e+00	1.20000e+01
4.18600e-04	1.18756e+00	1.20000e+01
5.31300e-04	1.12805e+00	1.20000e+01
4.76000e-05	1.49223e+00	6.50000e+00
1.14240e-04	1.25876e+00	6.50000e+00
1.80880e-04	1.14924e+00	6.50000e+00
2.47520e-04	1.07930e+00	6.50000e+00
3.14160e-04	1.02865e+00	6.50000e+00
9.10000e-05	1.64115e+00	1.20000e+01
2.18400e-04	1.36482e+00	1.20000e+01
3.45800e-04	1.23730e+00	1.20000e+01
4.73200e-04	1.15661e+00	1.20000e+01
6.00600e-04	1.09852e+00	1.20000e+01
4.93000e-05	1.48221e+00	6.50000e+00
1.18320e-04	1.25010e+00	6.50000e+00
1.87340e-04	1.14123e+00	6.50000e+00
2.56360e-04	1.07171e+00	6.50000e+00
3.25380e-04	1.02137e+00	6.50000e+00
1.00000e-04	1.60914e+00	1.20000e+01
2.40000e-04	1.33771e+00	1.20000e+01
3.80000e-04	1.21251e+00	1.20000e+01
5.20000e-04	1.13330e+00	1.20000e+01
6.60000e-04	1.07630e+00	1.20000e+01
4.93000e-05	1.48221e+00	6.50000e+00
1.18320e-04	1.25010e+00	6.50000e+00
1.87340e-04	1.14123e+00	6.50000e+00
2.56360e-04	1.07171e+00	6.50000e+00
3.25380e-04	1.02137e+00	6.50000e+00
1.00000e-04	1.60914e+00	1.20000e+01
2.40000e-04	1.33771e+00	1.20000e+01
3.80000e-04	1.21251e+00	1.20000e+01
5.20000e-04	1.13330e+00	1.20000e+01
6.60000e-04	1.07630e+00	1.20000e+01
6.50000e-05	1.40527e+00	6.50000e+00
1.56000e-04	1.18358e+00	6.50000e+00
2.47000e-04	1.07976e+00	6.50000e+00
3.38000e-04	1.01353e+00	6.50000e+00
4.29000e-04	9.65587e-01	6.50000e+00
1.60000e-04	1.45781e+00	1.20000e+01
3.84000e-04	1.20979e+00	1.20000e+01
6.08000e-04	1.09562e+00	1.20000e+01
8.32000e-04	1.02346e+00	1.20000e+01
1.05600e-03	9.71565e-01	1.20000e+01
6.50000e-05	1.40527e+00	6.50000e+00
1.56000e-04	1.18358e+00	6.50000e+00
2.47000e-04	1.07976e+00	6.50000e+00
3.38000e-04	1.01353e+00	6.50000e+00
4.29000e-04	9.65587e-01	6.50000e+00
1.60000e-04	1.45781e+00	1.20000e+01
3.84000e-04	1.20979e+00	1.20000e+01
6.08000e-04	1.09562e+00	1.20000e+01
8.32000e-04	1.02346e+00	1.20000e+01
1.05600e-03	9.71565e-01	1.20000e+01
1.00000e-04	1.29212e+00	6.50000e+00
2.40000e-04	1.08601e+00	6.50000e+00
3.80000e-04	9.89721e-01	6.50000e+00
5.20000e-04	9.28369e-01	6.50000e+00
6.60000e-04	8.84002e-01	6.50000e+00
2.50000e-04	1.32613e+00	1.20000e+01
6.00000e-04	1.09876e+00	1.20000e+01
9.50000e-04	9.94282e-01	1.20000e+01
1.30000e-03	9.28313e-01	1.20000e+01
1.65000e-03	8.80905e-01	1.20000e+01
1.00000e-04	1.29212e+00	6.50000e+00
2.40000e-04	1.08601e+00	6.50000e+00
3.80000e-04	9.89721e-01	6.50000e+00
5.20000e-04	9.28369e-01	6.50000e+00
6.60000e-04	8.84002e-01	6.50000e+00
4.00000e-04	1.19922e+00	1.20000e+01
9.60000e-04	9.92011e-01	1.20000e+01
1.52000e-03	8.96964e-01	1.20000e+01
2.08000e-03	8.37010e-01	1.20000e+01
2.64000e-03	7.93952e-01	1.20000e+01
1.60000e-04	1.17764e+00	6.50000e+00
3.84000e-04	9.87616e-01	6.50000e+00
6.08000e-04	8.99058e-01	6.50000e+00
8.32000e-04	8.42710e-01	6.50000e+00
1.05600e-03	8.02000e-01	6.50000e+00
6.50000e-04	1.07987e+00	1.20000e+01
1.56000e-03	8.91852e-01	1.20000e+01
2.47000e-03	8.05761e-01	1.20000e+01
3.38000e-03	7.51508e-01	1.20000e+01
4.29000e-03	7.12569e-01	1.20000e+01
2.50000e-04	1.07714e+00	6.50000e+00
6.00000e-04	9.01509e-01	6.50000e+00
9.50000e-04	8.19842e-01	6.50000e+00
1.30000e-03	7.67943e-01	6.50000e+00
1.65000e-03	7.30479e-01	6.50000e+00
1.00000e-03	9.83206e-01	1.20000e+01
2.40000e-03	8.10912e-01	1.20000e+01
3.80000e-03	7.32136e-01	1.20000e+01
5.20000e-03	6.82532e-01	1.20000e+01
6.60000e-03	6.46949e-01	1.20000e+01
4.00000e-04	9.79450e-01	6.50000e+00
9.60000e-04	8.18060e-01	6.50000e+00
1.52000e-03	7.43186e-01	6.50000e+00
2.08000e-03	6.95663e-01	6.50000e+00
2.64000e-03	6.61387e-01	6.50000e+00
1.60000e-03	8.86895e-01	1.20000e+01
3.84000e-03	7.30427e-01	1.20000e+01
6.08000e-03	6.58996e-01	1.20000e+01
8.32000e-03	6.14054e-01	1.20000e+01
1.05600e-02	5.81834e-01	1.20000e+01
6.50000e-04	8.86786e-01	6.50000e+00
1.56000e-03	7.39142e-01	6.50000e+00
2.47000e-03	6.70800e-01	6.50000e+00
3.38000e-03	6.27476e-01	6.50000e+00
4.29000e-03	5.96255e-01	6.50000e+00
2.50000e-03	8.03607e-01	1.20000e+01
6.00000e-03	6.60960e-01	1.20000e+01
9.50000e-03	5.95929e-01	1.20000e+01
1.30000e-02	5.55043e-01	1.20000e+01
1.65000e-02	5.25746e-01	1.20000e+01
1.00000e-03	8.11147e-01	6.50000e+00
2.40000e-03	6.74903e-01	6.50000e+00
3.80000e-03	6.11958e-01	6.50000e+00
5.20000e-03	5.72097e-01	6.50000e+00
6.60000e-03	5.43392e-01	6.50000e+00
1.60000e-03	7.35220e-01	6.50000e+00
3.84000e-03	6.10587e-01	6.50000e+00
6.08000e-03	5.53122e-01	6.50000e+00
8.32000e-03	5.16771e-01	6.50000e+00
1.05600e-02	4.90614e-01	6.50000e+00
8.70000e-05	1.77978e+00	1.50000e+01
2.08800e-04	1.47525e+00	1.50000e+01
3.30600e-04	1.33526e+00	1.50000e+01
4.52400e-04	1.24685e+00	1.50000e+01
5.74200e-04	1.18331e+00	1.50000e+01
2.50000e-03	6.69084e-01	6.50000e+00
6.00000e-03	5.54707e-01	6.50000e+00
9.50000e-03	5.02066e-01	6.50000e+00
1.30000e-02	4.68801e-01	6.50000e+00
1.65000e-02	4.44881e-01	6.50000e+00
1.00000e-04	1.72780e+00	1.50000e+01
2.40000e-04	1.43147e+00	1.50000e+01
3.80000e-04	1.29532e+00	1.50000e+01
5.20000e-04	1.20936e+00	1.50000e+01
6.60000e-04	1.14760e+00	1.50000e+01
1.00000e-04	1.72780e+00	1.50000e+01
2.40000e-04	1.43147e+00	1.50000e+01
3.80000e-04	1.29532e+00	1.50000e+01
5.20000e-04	1.20936e+00	1.50000e+01
6.60000e-04	1.14760e+00	1.50000e+01
1.14000e-04	1.68015e+00	1.50000e+01
2.73600e-04	1.39136e+00	1.50000e+01
4.33200e-04	1.25875e+00	1.50000e+01
5.92800e-04	1.17505e+00	1.50000e+01
7.52400e-04	1.11491e+00	1.50000e+01
4.93000e-05	1.64600e+00	8.50000e+00
1.18320e-04	1.38077e+00	8.50000e+00
1.87340e-04	1.25715e+00	8.50000e+00
2.56360e-04	1.17848e+00	8.50000e+00
3.25380e-04	1.12165e+00	8.50000e+00
1.23000e-04	1.65307e+00	1.50000e+01
2.95200e-04	1.36858e+00	1.50000e+01
4.67400e-04	1.23798e+00	1.50000e+01
6.39600e-04	1.15556e+00	1.50000e+01
8.11800e-04	1.09635e+00	1.50000e+01
5.25000e-05	1.62557e+00	8.50000e+00
1.26000e-04	1.36325e+00	8.50000e+00
1.99500e-04	1.24101e+00	8.50000e+00
2.73000e-04	1.16325e+00	8.50000e+00
3.46500e-04	1.10707e+00	8.50000e+00
1.60000e-04	1.56239e+00	1.50000e+01
3.84000e-04	1.29236e+00	1.50000e+01
6.08000e-04	1.16852e+00	1.50000e+01
8.32000e-04	1.09041e+00	1.50000e+01
1.05600e-03	1.03432e+00	1.50000e+01
5.60000e-05	1.60484e+00	8.50000e+00
1.34400e-04	1.34546e+00	8.50000e+00
2.12800e-04	1.22465e+00	8.50000e+00
2.91200e-04	1.14780e+00	8.50000e+00
3.69600e-04	1.09229e+00	8.50000e+00
1.60000e-04	1.56239e+00	1.50000e+01
3.84000e-04	1.29236e+00	1.50000e+01
6.08000e-04	1.16852e+00	1.50000e+01
8.32000e-04	1.09041e+00	1.50000e+01
1.05600e-03	1.03432e+00	1.50000e+01
6.20000e-05	1.57261e+00	8.50000e+00
1.48800e-04	1.31783e+00	8.50000e+00
2.35600e-04	1.19922e+00	8.50000e+00
3.22400e-04	1.12380e+00	8.50000e+00
4.09200e-04	1.06933e+00	8.50000e+00
2.50000e-04	1.41886e+00	1.50000e+01
6.00000e-04	1.17193e+00	1.50000e+01
9.50000e-04	1.05887e+00	1.50000e+01
1.30000e-03	9.87626e-01	1.50000e+01
1.65000e-03	9.36494e-01	1.50000e+01
6.45000e-05	1.56024e+00	8.50000e+00
1.54800e-04	1.30724e+00	8.50000e+00
2.45100e-04	1.18947e+00	8.50000e+00
3.35400e-04	1.11460e+00	8.50000e+00
4.25700e-04	1.06053e+00	8.50000e+00
4.00000e-04	1.28089e+00	1.50000e+01
9.60000e-04	1.05642e+00	1.50000e+01
1.52000e-03	9.53808e-01	1.50000e+01
2.08000e-03	8.89206e-01	1.50000e+01
2.64000e-03	8.42869e-01	1.50000e+01
6.95000e-05	1.53712e+00	8.50000e+00
1.66800e-04	1.28743e+00	8.50000e+00
2.64100e-04	1.17126e+00	8.50000e+00
3.61400e-04	1.09741e+00	8.50000e+00
4.58700e-04	1.04409e+00	8.50000e+00
6.50000e-04	1.15146e+00	1.50000e+01
1.56000e-03	9.48296e-01	1.50000e+01
2.47000e-03	8.55572e-01	1.50000e+01
3.38000e-03	7.97242e-01	1.50000e+01
4.29000e-03	7.55429e-01	1.50000e+01
6.95000e-05	1.53712e+00	8.50000e+00
1.66800e-04	1.28743e+00	8.50000e+00
2.64100e-04	1.17126e+00	8.50000e+00
3.61400e-04	1.09741e+00	8.50000e+00
4.58700e-04	1.04409e+00	8.50000e+00
1.00000e-03	1.04690e+00	1.50000e+01
2.40000e-03	8.61114e-01	1.50000e+01
3.80000e-03	7.76436e-01	1.50000e+01
5.20000e-03	7.23205e-01	1.50000e+01
6.60000e-03	6.85066e-01	1.50000e+01
1.00000e-04	1.42863e+00	8.50000e+00
2.40000e-04	1.19465e+00	8.50000e+00
3.80000e-04	1.08598e+00	8.50000e+00
5.20000e-04	1.01698e+00	8.50000e+00
6.60000e-04	9.67184e-01	8.50000e+00
1.60000e-03	9.42952e-01	1.50000e+01
3.84000e-03	7.74601e-01	1.50000e+01
6.08000e-03	6.97974e-01	1.50000e+01
8.32000e-03	6.49841e-01	1.50000e+01
1.05600e-02	6.15372e-01	1.50000e+01
1.00000e-04	1.42863e+00	8.50000e+00
2.40000e-04	1.19465e+00	8.50000e+00
3.80000e-04	1.08598e+00	8.50000e+00
5.20000e-04	1.01698e+00	8.50000e+00
6.60000e-04	9.67184e-01	8.50000e+00
2.50000e-03	8.53255e-01	1.50000e+01
6.00000e-03	7.00079e-01	1.50000e+01
9.50000e-03	6.30446e-01	1.50000e+01
1.30000e-02	5.86736e-01	1.50000e+01
1.65000e-02	5.55448e-01	1.50000e+01
1.60000e-04	1.29844e+00	8.50000e+00
3.84000e-04	1.08361e+00	8.50000e+00
6.08000e-04	9.84070e-01	8.50000e+00
8.32000e-04	9.20931e-01	8.50000e+00
1.05600e-03	8.75414e-01	8.50000e+00
4.00000e-03	7.67486e-01	1.50000e+01
9.60000e-03	6.28939e-01	1.50000e+01
1.52000e-02	5.66035e-01	1.50000e+01
2.08000e-02	5.26574e-01	1.50000e+01
2.64000e-02	4.98342e-01	1.50000e+01
2.50000e-04	1.18462e+00	8.50000e+00
6.00000e-04	9.86820e-01	8.50000e+00
9.50000e-04	8.95352e-01	8.50000e+00
1.30000e-03	8.37401e-01	8.50000e+00
1.65000e-03	7.95656e-01	8.50000e+00
4.00000e-04	1.07442e+00	8.50000e+00
9.60000e-04	8.93360e-01	8.50000e+00
1.52000e-03	8.09806e-01	8.50000e+00
2.08000e-03	7.56928e-01	8.50000e+00
2.64000e-03	7.18867e-01	8.50000e+00
1.04500e-04	1.80793e+00	1.80000e+01
2.50800e-04	1.49381e+00	1.80000e+01
3.97100e-04	1.34993e+00	1.80000e+01
5.43400e-04	1.25925e+00	1.80000e+01
6.89700e-04	1.19416e+00	1.80000e+01
6.50000e-04	9.70305e-01	8.50000e+00
1.56000e-03	8.05303e-01	8.50000e+00
2.47000e-03	7.29313e-01	8.50000e+00
3.38000e-03	6.81274e-01	8.50000e+00
4.29000e-03	6.46722e-01	8.50000e+00
1.18500e-04	1.75936e+00	1.80000e+01
2.84400e-04	1.45309e+00	1.80000e+01
4.50300e-04	1.31287e+00	1.80000e+01
6.16200e-04	1.22452e+00	1.80000e+01
7.82100e-04	1.16112e+00	1.80000e+01
1.00000e-03	8.85633e-01	8.50000e+00
2.40000e-03	7.33867e-01	8.50000e+00
3.80000e-03	6.64093e-01	8.50000e+00
5.20000e-03	6.20025e-01	8.50000e+00
6.60000e-03	5.88349e-01	8.50000e+00
1.34000e-04	1.71303e+00	1.80000e+01
3.21600e-04	1.41428e+00	1.80000e+01
5.09200e-04	1.27756e+00	1.80000e+01
6.96800e-04	1.19144e+00	1.80000e+01
8.84400e-04	1.12964e+00	1.80000e+01
1.60000e-03	8.00935e-01	8.50000e+00
3.84000e-03	6.62577e-01	8.50000e+00
6.08000e-03	5.99080e-01	8.50000e+00
8.32000e-03	5.59015e-01	8.50000e+00
1.05600e-02	5.30236e-01	8.50000e+00
1.34000e-04	1.71303e+00	1.80000e+01
3.21600e-04	1.41428e+00	1.80000e+01
5.09200e-04	1.27756e+00	1.80000e+01
6.96800e-04	1.19144e+00	1.80000e+01
8.84400e-04	1.12964e+00	1.80000e+01
2.50000e-03	7.27408e-01	8.50000e+00
6.00000e-03	6.00829e-01	8.50000e+00
9.50000e-03	5.42831e-01	8.50000e+00
1.30000e-02	5.06269e-01	8.50000e+00
1.65000e-02	4.80022e-01	8.50000e+00
1.64000e-04	1.63933e+00	1.80000e+01
3.93600e-04	1.35257e+00	1.80000e+01
6.23200e-04	1.22145e+00	1.80000e+01
8.52800e-04	1.13888e+00	1.80000e+01
1.08240e-03	1.07964e+00	1.80000e+01
1.64000e-04	1.63933e+00	1.80000e+01
3.93600e-04	1.35257e+00	1.80000e+01
6.23200e-04	1.22145e+00	1.80000e+01
8.52800e-04	1.13888e+00	1.80000e+01
1.08240e-03	1.07964e+00	1.80000e+01
6.50000e-05	1.65245e+00	1.00000e+01
1.56000e-04	1.38033e+00	1.00000e+01
2.47000e-04	1.25412e+00	1.00000e+01
3.38000e-04	1.17402e+00	1.00000e+01
4.29000e-04	1.11626e+00	1.00000e+01
2.50000e-04	1.49485e+00	1.80000e+01
6.00000e-04	1.23181e+00	1.80000e+01
9.50000e-04	1.11169e+00	1.80000e+01
1.30000e-03	1.03611e+00	1.80000e+01
1.65000e-03	9.81923e-01	1.80000e+01
1.00000e-04	1.51314e+00	1.00000e+01
2.40000e-04	1.26170e+00	1.00000e+01
3.80000e-04	1.14531e+00	1.00000e+01
5.20000e-04	1.07154e+00	1.00000e+01
6.60000e-04	1.01837e+00	1.00000e+01
2.50000e-04	1.49485e+00	1.80000e+01
6.00000e-04	1.23181e+00	1.80000e+01
9.50000e-04	1.11169e+00	1.80000e+01
1.30000e-03	1.03611e+00	1.80000e+01
1.65000e-03	9.81923e-01	1.80000e+01
1.60000e-04	1.37310e+00	1.00000e+01
3.84000e-04	1.14278e+00	1.00000e+01
6.08000e-04	1.03640e+00	1.00000e+01
8.32000e-04	9.69041e-01	1.00000e+01
1.05600e-03	9.20541e-01	1.00000e+01
4.00000e-04	1.34776e+00	1.80000e+01
9.60000e-04	1.10909e+00	1.80000e+01
1.52000e-03	1.00027e+00	1.80000e+01
2.08000e-03	9.31849e-01	1.80000e+01
2.64000e-03	8.82823e-01	1.80000e+01
2.50000e-04	1.25095e+00	1.00000e+01
6.00000e-04	1.03933e+00	1.00000e+01
9.50000e-04	9.41780e-01	1.00000e+01
1.30000e-03	8.80077e-01	1.00000e+01
1.65000e-03	8.35680e-01	1.00000e+01
6.50000e-04	1.21005e+00	1.80000e+01
1.56000e-03	9.94427e-01	1.80000e+01
2.47000e-03	8.96260e-01	1.80000e+01
3.38000e-03	8.34587e-01	1.80000e+01
4.29000e-03	7.90418e-01	1.80000e+01
4.00000e-04	1.13294e+00	1.00000e+01
9.60000e-04	9.39657e-01	1.00000e+01
1.52000e-03	8.50725e-01	1.00000e+01
2.08000e-03	7.94533e-01	1.00000e+01
2.64000e-03	7.54131e-01	1.00000e+01
1.00000e-03	1.09899e+00	1.80000e+01
2.40000e-03	9.02123e-01	1.80000e+01
3.80000e-03	8.12604e-01	1.80000e+01
5.20000e-03	7.56402e-01	1.80000e+01
6.60000e-03	7.16169e-01	1.80000e+01
6.50000e-04	1.02171e+00	1.00000e+01
1.56000e-03	8.45936e-01	1.00000e+01
2.47000e-03	7.65216e-01	1.00000e+01
3.38000e-03	7.14265e-01	1.00000e+01
4.29000e-03	6.77657e-01	1.00000e+01
1.60000e-03	9.88764e-01	1.80000e+01
3.84000e-03	8.10666e-01	1.80000e+01
6.08000e-03	7.29783e-01	1.80000e+01
8.32000e-03	6.79037e-01	1.80000e+01
1.05600e-02	6.42727e-01	1.80000e+01
1.00000e-03	9.31426e-01	1.00000e+01
2.40000e-03	7.70050e-01	1.00000e+01
3.80000e-03	6.96058e-01	1.00000e+01
5.20000e-03	6.49395e-01	1.00000e+01
6.60000e-03	6.15886e-01	1.00000e+01
2.50000e-03	8.93808e-01	1.80000e+01
6.00000e-03	7.32003e-01	1.80000e+01
9.50000e-03	6.58604e-01	1.80000e+01
1.30000e-02	6.12581e-01	1.80000e+01
1.65000e-02	5.79665e-01	1.80000e+01
2.50000e-03	7.63194e-01	1.00000e+01
6.00000e-03	6.29084e-01	1.00000e+01
9.50000e-03	5.67788e-01	1.00000e+01
1.30000e-02	5.29197e-01	1.00000e+01
1.65000e-02	5.01519e-01	1.00000e+01
4.00000e-03	8.03150e-01	1.80000e+01
9.60000e-03	6.57016e-01	1.80000e+01
1.52000e-02	5.90800e-01	1.80000e+01
2.08000e-02	5.49308e-01	1.80000e+01
2.64000e-02	5.19644e-01	1.80000e+01
1.45000e-04	1.78083e+00	2.20000e+01
3.48000e-04	1.46620e+00	2.20000e+01
5.51000e-04	1.32267e+00	2.20000e+01
7.54000e-04	1.23241e+00	2.20000e+01
9.57000e-04	1.16772e+00	2.20000e+01
1.60000e-04	1.74255e+00	2.20000e+01
3.84000e-04	1.43427e+00	2.20000e+01
6.08000e-04	1.29369e+00	2.20000e+01
8.32000e-04	1.20530e+00	2.20000e+01
1.05600e-03	1.14195e+00	2.20000e+01
1.72500e-04	1.71381e+00	2.20000e+01
4.14000e-04	1.41032e+00	2.20000e+01
6.55500e-04	1.27195e+00	2.20000e+01
8.97000e-04	1.18496e+00	2.20000e+01
1.13850e-03	1.12263e+00	2.20000e+01
1.94000e-04	1.66981e+00	2.20000e+01
4.65600e-04	1.37366e+00	2.20000e+01
7.37200e-04	1.23869e+00	2.20000e+01
1.00880e-03	1.15385e+00	2.20000e+01
1.28040e-03	1.09307e+00	2.20000e+01
2.50000e-04	1.57840e+00	2.20000e+01
6.00000e-04	1.29755e+00	2.20000e+01
9.50000e-04	1.16966e+00	2.20000e+01
1.30000e-03	1.08930e+00	2.20000e+01
1.65000e-03	1.03175e+00	2.20000e+01
2.50000e-04	1.57840e+00	2.20000e+01
6.00000e-04	1.29755e+00	2.20000e+01
9.50000e-04	1.16966e+00	2.20000e+01
1.30000e-03	1.08930e+00	2.20000e+01
1.65000e-03	1.03175e+00	2.20000e+01
2.96000e-04	1.52013e+00	2.20000e+01
7.10400e-04	1.24909e+00	2.20000e+01
1.12480e-03	1.12572e+00	2.20000e+01
1.53920e-03	1.04823e+00	2.20000e+01
1.95360e-03	9.92733e-01	2.20000e+01
4.00000e-04	1.42122e+00	2.20000e+01
9.60000e-04	1.16689e+00	2.20000e+01
1.52000e-03	1.05123e+00	2.20000e+01
2.08000e-03	9.78610e-01	2.20000e+01
2.64000e-03	9.26624e-01	2.20000e+01
6.50000e-04	1.27437e+00	2.20000e+01
1.56000e-03	1.04503e+00	2.20000e+01
2.47000e-03	9.40867e-01	2.20000e+01
3.38000e-03	8.75519e-01	2.20000e+01
4.29000e-03	8.28760e-01	2.20000e+01
1.00000e-03	1.15615e+00	2.20000e+01
2.40000e-03	9.47084e-01	2.20000e+01
3.80000e-03	8.52242e-01	2.20000e+01
5.20000e-03	7.92774e-01	2.20000e+01
6.60000e-03	7.50240e-01	2.20000e+01
1.60000e-03	1.03901e+00	2.20000e+01
3.84000e-03	8.50190e-01	2.20000e+01
6.08000e-03	7.64629e-01	2.20000e+01
8.32000e-03	7.11014e-01	2.20000e+01
1.05600e-02	6.72682e-01	2.20000e+01
2.50000e-03	9.38269e-01	2.20000e+01
6.00000e-03	7.66976e-01	2.20000e+01
9.50000e-03	6.89439e-01	2.20000e+01
1.30000e-02	6.40879e-01	2.20000e+01
1.65000e-02	6.06175e-01	2.20000e+01
4.00000e-03	8.42235e-01	2.20000e+01
9.60000e-03	6.87763e-01	2.20000e+01
1.52000e-02	6.17912e-01	2.20000e+01
2.08000e-02	5.74191e-01	2.20000e+01
2.64000e-02	5.42956e-01	2.20000e+01
