3.10500e-07	7.89449e-02	4.50000e-02
7.45200e-07	7.43023e-02	4.50000e-02
1.17990e-06	7.19390e-02	4.50000e-02
1.61460e-06	7.03507e-02	4.50000e-02
2.04930e-06	6.91554e-02	4.50000e-02
3.31000e-05	3.07616e-01	3.50000e-01
7.94400e-05	2.79576e-01	3.50000e-01
1.25780e-04	2.65261e-01	3.50000e-01
1.72120e-04	2.55633e-01	3.50000e-01
2.18460e-04	2.48387e-01	3.50000e-01
4.48500e-07	1.09199e-01	6.50000e-02
1.07640e-06	1.02552e-01	6.50000e-02
1.70430e-06	9.91695e-02	6.50000e-02
2.33220e-06	9.68961e-02	6.50000e-02
2.96010e-06	9.51858e-02	6.50000e-02
6.50000e-05	2.85909e-01	3.50000e-01
1.56000e-04	2.58639e-01	3.50000e-01
2.47000e-04	2.44678e-01	3.50000e-01
3.38000e-04	2.35269e-01	3.50000e-01
4.29000e-04	2.28176e-01	3.50000e-01
5.10000e-07	1.08205e-01	6.50000e-02
1.22400e-06	1.01600e-01	6.50000e-02
1.93800e-06	9.82348e-02	6.50000e-02
2.65200e-06	9.59725e-02	6.50000e-02
3.36600e-06	9.42698e-02	6.50000e-02
1.10000e-04	2.69410e-01	3.50000e-01
2.64000e-04	2.42673e-01	3.50000e-01
4.18000e-04	2.28947e-01	3.50000e-01
5.72000e-04	2.19678e-01	3.50000e-01
7.26000e-04	2.12679e-01	3.50000e-01
5.85000e-07	1.37307e-01	8.50000e-02
1.40400e-06	1.28688e-01	8.50000e-02
2.22300e-06	1.24302e-01	8.50000e-02
3.04200e-06	1.21356e-01	8.50000e-02
3.86100e-06	1.19140e-01	8.50000e-02
2.50000e-04	2.44314e-01	3.50000e-01
6.00000e-04	2.18272e-01	3.50000e-01
9.50000e-04	2.04825e-01	3.50000e-01
1.30000e-03	1.95707e-01	3.50000e-01
1.65000e-03	1.88798e-01	3.50000e-01
6.70000e-07	1.35946e-01	8.50000e-02
1.60800e-06	1.27384e-01	8.50000e-02
2.54600e-06	1.23023e-01	8.50000e-02
3.48400e-06	1.20092e-01	8.50000e-02
4.42200e-06	1.17887e-01	8.50000e-02
1.25500e-03	1.96729e-01	3.50000e-01
3.01200e-03	1.71378e-01	3.50000e-01
4.76900e-03	1.58016e-01	3.50000e-01
6.52600e-03	1.48818e-01	3.50000e-01
8.28300e-03	1.41763e-01	3.50000e-01
7.80000e-07	1.34433e-01	8.50000e-02
1.87200e-06	1.25932e-01	8.50000e-02
2.96400e-06	1.21598e-01	8.50000e-02
4.05600e-06	1.18684e-01	8.50000e-02
5.14800e-06	1.16490e-01	8.50000e-02
4.41500e-06	4.15707e-01	4.00000e-01
1.05960e-05	3.80656e-01	4.00000e-01
1.67770e-05	3.62951e-01	4.00000e-01
2.29580e-05	3.51118e-01	4.00000e-01
2.91390e-05	3.42253e-01	4.00000e-01
7.55000e-07	1.69921e-01	1.10000e-01
1.81200e-06	1.58880e-01	1.10000e-01
2.86900e-06	1.53265e-01	1.10000e-01
3.92600e-06	1.49495e-01	1.10000e-01
4.98300e-06	1.46659e-01	1.10000e-01
5.50000e-06	4.06738e-01	4.00000e-01
1.32000e-05	3.72134e-01	4.00000e-01
2.09000e-05	3.54641e-01	4.00000e-01
2.86000e-05	3.42944e-01	4.00000e-01
3.63000e-05	3.34177e-01	4.00000e-01
8.65000e-07	1.68173e-01	1.10000e-01
2.07600e-06	1.57207e-01	1.10000e-01
3.28700e-06	1.51624e-01	1.10000e-01
4.49800e-06	1.47874e-01	1.10000e-01
5.70900e-06	1.45053e-01	1.10000e-01
6.65000e-06	3.99082e-01	4.00000e-01
1.59600e-05	3.64853e-01	4.00000e-01
2.52700e-05	3.47537e-01	4.00000e-01
3.45800e-05	3.35954e-01	4.00000e-01
4.38900e-05	3.27269e-01	4.00000e-01
1.01000e-06	1.66197e-01	1.10000e-01
2.42400e-06	1.55312e-01	1.10000e-01
3.83800e-06	1.49766e-01	1.10000e-01
5.25200e-06	1.46038e-01	1.10000e-01
6.66600e-06	1.43233e-01	1.10000e-01
8.50000e-06	3.89312e-01	4.00000e-01
2.04000e-05	3.55552e-01	4.00000e-01
3.23000e-05	3.38457e-01	4.00000e-01
4.42000e-05	3.27014e-01	4.00000e-01
5.61000e-05	3.18432e-01	4.00000e-01
1.21500e-06	1.63861e-01	1.10000e-01
2.91600e-06	1.53069e-01	1.10000e-01
4.61700e-06	1.47564e-01	1.10000e-01
6.31800e-06	1.43861e-01	1.10000e-01
8.01900e-06	1.41074e-01	1.10000e-01
1.10000e-05	3.79198e-01	4.00000e-01
2.64000e-05	3.45911e-01	4.00000e-01
4.18000e-05	3.29038e-01	4.00000e-01
5.72000e-05	3.17737e-01	4.00000e-01
7.26000e-05	3.09256e-01	4.00000e-01
1.03500e-06	2.17228e-01	1.50000e-01
2.48400e-06	2.02416e-01	1.50000e-01
3.93300e-06	1.94890e-01	1.50000e-01
5.38200e-06	1.89839e-01	1.50000e-01
6.83100e-06	1.86044e-01	1.50000e-01
1.84000e-05	3.59447e-01	4.00000e-01
4.41600e-05	3.27047e-01	4.00000e-01
6.99200e-05	3.10588e-01	4.00000e-01
9.56800e-05	2.99551e-01	4.00000e-01
1.21440e-04	2.91262e-01	4.00000e-01
1.18000e-06	2.14966e-01	1.50000e-01
2.83200e-06	2.00252e-01	1.50000e-01
4.48400e-06	1.92771e-01	1.50000e-01
6.13600e-06	1.87748e-01	1.50000e-01
7.78800e-06	1.83972e-01	1.50000e-01
4.41500e-05	3.27055e-01	4.00000e-01
1.05960e-04	2.95992e-01	4.00000e-01
1.67770e-04	2.80157e-01	4.00000e-01
2.29580e-04	2.69517e-01	4.00000e-01
2.91390e-04	2.61513e-01	4.00000e-01
1.38000e-06	2.12286e-01	1.50000e-01
3.31200e-06	1.97686e-01	1.50000e-01
5.24400e-06	1.90255e-01	1.50000e-01
7.17600e-06	1.85264e-01	1.50000e-01
9.10800e-06	1.81512e-01	1.50000e-01
8.80000e-05	3.02480e-01	4.00000e-01
2.11200e-04	2.72335e-01	4.00000e-01
3.34400e-04	2.56923e-01	4.00000e-01
4.57600e-04	2.46543e-01	4.00000e-01
5.80800e-04	2.38722e-01	4.00000e-01
1.65500e-06	2.09203e-01	1.50000e-01
3.97200e-06	1.94730e-01	1.50000e-01
6.28900e-06	1.87356e-01	1.50000e-01
8.60600e-06	1.82401e-01	1.50000e-01
1.09230e-05	1.78674e-01	1.50000e-01
1.47000e-04	2.84680e-01	4.00000e-01
3.52800e-04	2.55143e-01	4.00000e-01
5.58600e-04	2.39997e-01	4.00000e-01
7.64400e-04	2.29776e-01	4.00000e-01
9.70200e-04	2.22060e-01	4.00000e-01
2.07000e-06	2.05447e-01	1.50000e-01
4.96800e-06	1.91122e-01	1.50000e-01
7.86600e-06	1.83815e-01	1.50000e-01
1.07640e-05	1.78902e-01	1.50000e-01
1.36620e-05	1.75205e-01	1.50000e-01
3.15500e-04	2.58860e-01	4.00000e-01
7.57200e-04	2.30083e-01	4.00000e-01
1.19890e-03	2.15244e-01	4.00000e-01
1.64060e-03	2.05188e-01	4.00000e-01
2.08230e-03	1.97569e-01	4.00000e-01
2.51000e-06	2.02244e-01	1.50000e-01
6.02400e-06	1.88041e-01	1.50000e-01
9.53800e-06	1.80789e-01	1.50000e-01
1.30520e-05	1.75911e-01	1.50000e-01
1.65660e-05	1.72238e-01	1.50000e-01
3.66000e-06	4.97151e-01	5.00000e-01
8.78400e-06	4.53718e-01	5.00000e-01
1.39080e-05	4.31876e-01	5.00000e-01
1.90320e-05	4.17319e-01	5.00000e-01
2.41560e-05	4.06434e-01	5.00000e-01
1.57500e-06	2.67019e-01	2.00000e-01
3.78000e-06	2.47783e-01	2.00000e-01
5.98500e-06	2.38016e-01	2.00000e-01
8.19000e-06	2.31465e-01	2.00000e-01
1.03950e-05	2.26546e-01	2.00000e-01
4.30000e-06	4.88967e-01	5.00000e-01
1.03200e-05	4.45987e-01	5.00000e-01
1.63400e-05	4.24362e-01	5.00000e-01
2.23600e-05	4.09945e-01	5.00000e-01
2.83800e-05	3.99163e-01	5.00000e-01
1.84000e-06	2.63537e-01	2.00000e-01
4.41600e-06	2.44454e-01	2.00000e-01
6.99200e-06	2.34757e-01	2.00000e-01
9.56800e-06	2.28251e-01	2.00000e-01
1.21440e-05	2.23363e-01	2.00000e-01
7.90000e-06	4.58850e-01	5.00000e-01
1.89600e-05	4.17493e-01	5.00000e-01
3.00200e-05	3.96644e-01	5.00000e-01
4.10800e-05	3.82725e-01	5.00000e-01
5.21400e-05	3.72306e-01	5.00000e-01
2.20500e-06	2.59522e-01	2.00000e-01
5.29200e-06	2.40611e-01	2.00000e-01
8.37900e-06	2.30992e-01	2.00000e-01
1.14660e-05	2.24536e-01	2.00000e-01
1.45530e-05	2.19684e-01	2.00000e-01
1.06000e-05	4.44710e-01	5.00000e-01
2.54400e-05	4.04090e-01	5.00000e-01
4.02800e-05	3.83590e-01	5.00000e-01
5.51200e-05	3.69896e-01	5.00000e-01
6.99600e-05	3.59640e-01	5.00000e-01
2.76000e-06	2.54593e-01	2.00000e-01
6.62400e-06	2.35887e-01	2.00000e-01
1.04880e-05	2.26363e-01	2.00000e-01
1.43520e-05	2.19966e-01	2.00000e-01
1.82160e-05	2.15157e-01	2.00000e-01
1.38000e-05	4.32242e-01	5.00000e-01
3.31200e-05	3.92256e-01	5.00000e-01
5.24400e-05	3.72056e-01	5.00000e-01
7.17600e-05	3.58554e-01	5.00000e-01
9.10800e-05	3.48439e-01	5.00000e-01
3.34500e-06	2.50418e-01	2.00000e-01
8.02800e-06	2.31880e-01	2.00000e-01
1.27110e-05	2.22433e-01	2.00000e-01
1.73940e-05	2.16085e-01	2.00000e-01
2.20770e-05	2.11310e-01	2.00000e-01
1.99000e-05	4.15271e-01	5.00000e-01
4.77600e-05	3.76124e-01	5.00000e-01
7.56200e-05	3.56321e-01	5.00000e-01
1.03480e-04	3.43073e-01	5.00000e-01
1.31340e-04	3.33143e-01	5.00000e-01
4.24500e-06	2.45297e-01	2.00000e-01
1.01880e-05	2.26959e-01	2.00000e-01
1.61310e-05	2.17603e-01	2.00000e-01
2.20740e-05	2.11313e-01	2.00000e-01
2.80170e-05	2.06579e-01	2.00000e-01
5.00000e-05	3.74127e-01	5.00000e-01
1.20000e-04	3.36890e-01	5.00000e-01
1.90000e-04	3.17990e-01	5.00000e-01
2.60000e-04	3.05323e-01	5.00000e-01
3.30000e-04	2.95813e-01	5.00000e-01
5.50000e-06	2.39796e-01	2.00000e-01
1.32000e-05	2.21665e-01	2.00000e-01
2.09000e-05	2.12404e-01	2.00000e-01
2.86000e-05	2.06172e-01	2.00000e-01
3.63000e-05	2.01479e-01	2.00000e-01
1.25500e-04	3.35028e-01	5.00000e-01
3.01200e-04	2.99444e-01	5.00000e-01
4.76900e-04	2.81311e-01	5.00000e-01
6.52600e-04	2.69122e-01	5.00000e-01
8.28300e-04	2.59949e-01	5.00000e-01
1.99000e-05	2.13384e-01	2.00000e-01
4.77600e-05	1.96122e-01	2.00000e-01
7.56200e-05	1.87246e-01	2.00000e-01
1.03480e-04	1.81250e-01	2.00000e-01
1.31340e-04	1.76723e-01	2.00000e-01
1.84000e-04	3.19296e-01	5.00000e-01
4.41600e-04	2.84322e-01	5.00000e-01
6.99200e-04	2.66461e-01	5.00000e-01
9.56800e-04	2.54434e-01	5.00000e-01
1.21440e-03	2.45371e-01	5.00000e-01
1.25500e-04	1.77585e-01	2.00000e-01
3.01200e-04	1.61129e-01	2.00000e-01
4.76900e-04	1.52577e-01	2.00000e-01
6.52600e-04	1.46757e-01	2.00000e-01
8.28300e-04	1.42337e-01	2.00000e-01
4.00000e-04	2.88209e-01	5.00000e-01
9.60000e-04	2.54307e-01	5.00000e-01
1.52000e-03	2.36891e-01	5.00000e-01
2.08000e-03	2.25113e-01	5.00000e-01
2.64000e-03	2.16200e-01	5.00000e-01
1.97000e-06	3.13529e-01	2.50000e-01
4.72800e-06	2.89937e-01	2.50000e-01
7.48600e-06	2.77977e-01	2.50000e-01
1.02440e-05	2.69965e-01	2.50000e-01
1.30020e-05	2.63952e-01	2.50000e-01
1.60000e-03	2.34960e-01	5.00000e-01
3.84000e-03	2.02223e-01	5.00000e-01
6.08000e-03	1.85048e-01	5.00000e-01
8.32000e-03	1.73237e-01	5.00000e-01
1.05600e-02	1.64179e-01	5.00000e-01
2.30000e-06	3.09273e-01	2.50000e-01
5.52000e-06	2.85876e-01	2.50000e-01
8.74000e-06	2.74006e-01	2.50000e-01
1.19600e-05	2.66051e-01	2.50000e-01
1.51800e-05	2.60080e-01	2.50000e-01
4.76000e-06	5.79541e-01	6.50000e-01
1.14240e-05	5.25680e-01	6.50000e-01
1.80880e-05	4.98707e-01	6.50000e-01
2.47520e-05	4.80774e-01	6.50000e-01
3.14160e-05	4.67391e-01	6.50000e-01
2.76000e-06	3.04309e-01	2.50000e-01
6.62400e-06	2.81134e-01	2.50000e-01
1.04880e-05	2.69368e-01	2.50000e-01
1.43520e-05	2.61479e-01	2.50000e-01
1.82160e-05	2.55555e-01	2.50000e-01
5.60000e-06	5.69285e-01	6.50000e-01
1.34400e-05	5.16043e-01	6.50000e-01
2.12800e-05	4.89368e-01	6.50000e-01
2.91200e-05	4.71629e-01	6.50000e-01
3.69600e-05	4.58387e-01	6.50000e-01
3.45000e-06	2.98301e-01	2.50000e-01
8.28000e-06	2.75389e-01	2.50000e-01
1.31100e-05	2.63744e-01	2.50000e-01
1.79400e-05	2.55933e-01	2.50000e-01
2.27700e-05	2.50064e-01	2.50000e-01
7.90000e-06	5.47963e-01	6.50000e-01
1.89600e-05	4.95991e-01	6.50000e-01
3.00200e-05	4.69927e-01	6.50000e-01
4.10800e-05	4.52582e-01	6.50000e-01
5.21400e-05	4.39628e-01	6.50000e-01
4.18000e-06	2.93191e-01	2.50000e-01
1.00320e-05	2.70495e-01	2.50000e-01
1.58840e-05	2.58952e-01	2.50000e-01
2.17360e-05	2.51204e-01	2.50000e-01
2.75880e-05	2.45381e-01	2.50000e-01
8.20000e-06	5.45685e-01	6.50000e-01
1.96800e-05	4.93847e-01	6.50000e-01
3.11600e-05	4.67847e-01	6.50000e-01
4.26400e-05	4.50544e-01	6.50000e-01
5.41200e-05	4.37620e-01	6.50000e-01
5.30000e-06	2.86939e-01	2.50000e-01
1.27200e-05	2.64502e-01	2.50000e-01
2.01400e-05	2.53078e-01	2.50000e-01
2.75600e-05	2.45406e-01	2.50000e-01
3.49800e-05	2.39637e-01	2.50000e-01
1.99000e-05	4.93208e-01	6.50000e-01
4.77600e-05	4.44373e-01	6.50000e-01
7.56200e-05	4.19807e-01	6.50000e-01
1.03480e-04	4.03430e-01	6.50000e-01
1.31340e-04	3.91184e-01	6.50000e-01
6.90000e-06	2.80079e-01	2.50000e-01
1.65600e-05	2.57916e-01	2.50000e-01
2.62200e-05	2.46619e-01	2.50000e-01
3.58800e-05	2.39025e-01	2.50000e-01
4.55400e-05	2.33313e-01	2.50000e-01
2.99000e-05	4.70150e-01	6.50000e-01
7.17600e-05	4.22573e-01	6.50000e-01
1.13620e-04	3.98608e-01	6.50000e-01
1.55480e-04	3.82620e-01	6.50000e-01
1.97340e-04	3.70660e-01	6.50000e-01
1.15000e-05	2.67040e-01	2.50000e-01
2.76000e-05	2.45371e-01	2.50000e-01
4.37000e-05	2.34298e-01	2.50000e-01
5.98000e-05	2.26844e-01	2.50000e-01
7.59000e-05	2.21231e-01	2.50000e-01
5.00000e-05	4.41891e-01	6.50000e-01
1.20000e-04	3.95802e-01	6.50000e-01
1.90000e-04	3.72550e-01	6.50000e-01
2.60000e-04	3.57024e-01	6.50000e-01
3.30000e-04	3.45398e-01	6.50000e-01
1.99000e-05	2.53373e-01	2.50000e-01
4.77600e-05	2.32178e-01	2.50000e-01
7.56200e-05	2.21318e-01	2.50000e-01
1.03480e-04	2.13996e-01	2.50000e-01
1.31340e-04	2.08477e-01	2.50000e-01
1.25500e-04	3.93507e-01	6.50000e-01
3.01200e-04	3.49834e-01	6.50000e-01
4.76900e-04	3.27725e-01	6.50000e-01
6.52600e-04	3.12923e-01	6.50000e-01
8.28300e-04	3.01815e-01	6.50000e-01
5.50000e-05	2.28825e-01	2.50000e-01
1.32000e-04	2.08361e-01	2.50000e-01
2.09000e-04	1.97825e-01	2.50000e-01
2.86000e-04	1.90700e-01	2.50000e-01
3.63000e-04	1.85315e-01	2.50000e-01
2.39000e-04	3.61166e-01	6.50000e-01
5.73600e-04	3.18985e-01	6.50000e-01
9.08200e-04	2.97556e-01	6.50000e-01
1.24280e-03	2.83170e-01	6.50000e-01
1.57740e-03	2.72350e-01	6.50000e-01
1.25500e-04	2.09527e-01	2.50000e-01
3.01200e-04	1.89528e-01	2.50000e-01
4.76900e-04	1.79179e-01	2.50000e-01
6.52600e-04	1.72156e-01	2.50000e-01
8.28300e-04	1.66833e-01	2.50000e-01
4.00000e-04	3.36124e-01	6.50000e-01
9.60000e-04	2.94998e-01	6.50000e-01
1.52000e-03	2.74026e-01	6.50000e-01
2.08000e-03	2.59906e-01	6.50000e-01
2.64000e-03	2.49257e-01	6.50000e-01
1.97000e-04	1.99174e-01	2.50000e-01
4.72800e-04	1.79373e-01	2.50000e-01
7.48600e-04	1.69091e-01	2.50000e-01
1.02440e-03	1.62095e-01	2.50000e-01
1.30020e-03	1.56782e-01	2.50000e-01
1.60000e-03	2.71707e-01	6.50000e-01
3.84000e-03	2.32621e-01	6.50000e-01
6.08000e-03	2.12274e-01	6.50000e-01
8.32000e-03	1.98335e-01	6.50000e-01
1.05600e-02	1.87667e-01	6.50000e-01
7.90000e-04	1.67889e-01	2.50000e-01
1.89600e-03	1.48367e-01	2.50000e-01
3.00200e-03	1.38069e-01	2.50000e-01
4.10800e-03	1.30987e-01	2.50000e-01
5.21400e-03	1.25564e-01	2.50000e-01
6.20000e-06	6.70989e-01	8.50000e-01
1.48800e-05	6.04507e-01	8.50000e-01
2.35600e-05	5.71378e-01	8.50000e-01
3.22400e-05	5.49418e-01	8.50000e-01
4.09200e-05	5.33064e-01	8.50000e-01
2.56000e-06	3.96970e-01	3.50000e-01
6.14400e-06	3.64983e-01	3.50000e-01
9.72800e-06	3.48823e-01	3.50000e-01
1.33120e-05	3.38022e-01	3.50000e-01
1.68960e-05	3.29930e-01	3.50000e-01
6.90000e-06	6.62617e-01	8.50000e-01
1.65600e-05	5.96691e-01	8.50000e-01
2.62200e-05	5.63831e-01	8.50000e-01
3.58800e-05	5.42044e-01	8.50000e-01
4.55400e-05	5.25818e-01	8.50000e-01
2.56000e-06	3.96970e-01	3.50000e-01
6.14400e-06	3.64983e-01	3.50000e-01
9.72800e-06	3.48823e-01	3.50000e-01
1.33120e-05	3.38022e-01	3.50000e-01
1.68960e-05	3.29930e-01	3.50000e-01
1.00000e-05	6.34121e-01	8.50000e-01
2.40000e-05	5.70068e-01	8.50000e-01
3.80000e-05	5.38111e-01	8.50000e-01
5.20000e-05	5.16911e-01	8.50000e-01
6.60000e-05	5.01113e-01	8.50000e-01
3.05000e-06	3.90437e-01	3.50000e-01
7.32000e-06	3.58776e-01	3.50000e-01
1.15900e-05	3.42770e-01	3.50000e-01
1.58600e-05	3.32068e-01	3.50000e-01
2.01300e-05	3.24048e-01	3.50000e-01
1.00000e-05	6.34121e-01	8.50000e-01
2.40000e-05	5.70068e-01	8.50000e-01
3.80000e-05	5.38111e-01	8.50000e-01
5.20000e-05	5.16911e-01	8.50000e-01
6.60000e-05	5.01113e-01	8.50000e-01
3.31000e-06	3.87409e-01	3.50000e-01
7.94400e-06	3.55897e-01	3.50000e-01
1.25780e-05	3.39962e-01	3.50000e-01
1.72120e-05	3.29305e-01	3.50000e-01
2.18460e-05	3.21318e-01	3.50000e-01
1.99000e-05	5.83415e-01	8.50000e-01
4.77600e-05	5.22612e-01	8.50000e-01
7.56200e-05	4.92216e-01	8.50000e-01
1.03480e-04	4.72028e-01	8.50000e-01
1.31340e-04	4.56974e-01	8.50000e-01
4.14000e-06	3.79203e-01	3.50000e-01
9.93600e-06	3.48089e-01	3.50000e-01
1.57320e-05	3.32343e-01	3.50000e-01
2.15280e-05	3.21806e-01	3.50000e-01
2.73240e-05	3.13906e-01	3.50000e-01
2.50000e-05	5.67185e-01	8.50000e-01
6.00000e-05	5.07396e-01	8.50000e-01
9.50000e-05	4.77488e-01	8.50000e-01
1.30000e-04	4.57616e-01	8.50000e-01
1.65000e-04	4.42794e-01	8.50000e-01
5.00000e-06	3.72364e-01	3.50000e-01
1.20000e-05	3.41576e-01	3.50000e-01
1.90000e-05	3.25983e-01	3.50000e-01
2.60000e-05	3.15544e-01	3.50000e-01
3.30000e-05	3.07715e-01	3.50000e-01
5.00000e-05	5.19535e-01	8.50000e-01
1.20000e-04	4.62647e-01	8.50000e-01
1.90000e-04	4.34135e-01	8.50000e-01
2.60000e-04	4.15172e-01	8.50000e-01
3.30000e-04	4.01014e-01	8.50000e-01
6.35000e-06	3.63809e-01	3.50000e-01
1.52400e-05	3.33419e-01	3.50000e-01
2.41300e-05	3.18014e-01	3.50000e-01
3.30200e-05	3.07695e-01	3.50000e-01
4.19100e-05	2.99951e-01	3.50000e-01
1.25500e-04	4.59827e-01	8.50000e-01
3.01200e-04	4.06412e-01	8.50000e-01
4.76900e-04	3.79563e-01	8.50000e-01
6.52600e-04	3.61663e-01	8.50000e-01
8.28300e-04	3.48273e-01	8.50000e-01
8.25000e-06	3.54571e-01	3.50000e-01
1.98000e-05	3.24601e-01	3.50000e-01
3.13500e-05	3.09392e-01	3.50000e-01
4.29000e-05	2.99197e-01	3.50000e-01
5.44500e-05	2.91544e-01	3.50000e-01
4.00000e-04	3.89746e-01	8.50000e-01
9.60000e-04	3.40074e-01	8.50000e-01
1.52000e-03	3.14940e-01	8.50000e-01
2.08000e-03	2.98097e-01	8.50000e-01
2.64000e-03	2.85438e-01	8.50000e-01
1.60000e-05	3.31771e-01	3.50000e-01
3.84000e-05	3.02782e-01	3.50000e-01
6.08000e-05	2.88029e-01	3.50000e-01
8.32000e-05	2.78123e-01	3.50000e-01
1.05600e-04	2.70678e-01	3.50000e-01
1.60000e-03	3.12169e-01	8.50000e-01
3.84000e-03	2.65743e-01	8.50000e-01
6.08000e-03	2.41783e-01	8.50000e-01
8.32000e-03	2.25442e-01	8.50000e-01
1.05600e-02	2.12969e-01	8.50000e-01
8.80000e-06	7.96312e-01	1.20000e+00
2.11200e-05	7.10630e-01	1.20000e+00
3.34400e-05	6.68241e-01	1.20000e+00
4.57600e-05	6.40261e-01	1.20000e+00
5.80800e-05	6.19490e-01	1.20000e+00
4.00000e-05	9.99032e-01	2.70000e+00
9.60000e-05	8.66224e-01	2.70000e+00
1.52000e-04	8.01752e-01	2.70000e+00
2.08000e-04	7.59670e-01	2.70000e+00
2.64000e-04	7.28680e-01	2.70000e+00
1.00000e-05	7.83379e-01	1.20000e+00
2.40000e-05	6.98667e-01	1.20000e+00
3.80000e-05	6.56747e-01	1.20000e+00
5.20000e-05	6.29072e-01	1.20000e+00
6.60000e-05	6.08524e-01	1.20000e+00
4.00000e-05	9.99032e-01	2.70000e+00
9.60000e-05	8.66224e-01	2.70000e+00
1.52000e-04	8.01752e-01	2.70000e+00
2.08000e-04	7.59670e-01	2.70000e+00
2.64000e-04	7.28680e-01	2.70000e+00
1.00000e-05	7.83379e-01	1.20000e+00
2.40000e-05	6.98667e-01	1.20000e+00
3.80000e-05	6.56747e-01	1.20000e+00
5.20000e-05	6.29072e-01	1.20000e+00
6.60000e-05	6.08524e-01	1.20000e+00
6.50000e-05	9.23703e-01	2.70000e+00
1.56000e-04	7.98209e-01	2.70000e+00
2.47000e-04	7.37247e-01	2.70000e+00
3.38000e-04	6.97437e-01	2.70000e+00
4.29000e-04	6.68105e-01	2.70000e+00
1.60000e-05	7.37081e-01	1.20000e+00
3.84000e-05	6.55811e-01	1.20000e+00
6.08000e-05	6.15550e-01	1.20000e+00
8.32000e-05	5.88953e-01	1.20000e+00
1.05600e-04	5.69197e-01	1.20000e+00
1.00000e-04	8.60357e-01	2.70000e+00
2.40000e-04	7.40968e-01	2.70000e+00
3.80000e-04	6.82929e-01	2.70000e+00
5.20000e-04	6.45001e-01	2.70000e+00
6.60000e-04	6.17039e-01	2.70000e+00
1.60000e-05	7.37081e-01	1.20000e+00
3.84000e-05	6.55811e-01	1.20000e+00
6.08000e-05	6.15550e-01	1.20000e+00
8.32000e-05	5.88953e-01	1.20000e+00
1.05600e-04	5.69197e-01	1.20000e+00
1.60000e-04	7.94765e-01	2.70000e+00
3.84000e-04	6.81641e-01	2.70000e+00
6.08000e-04	6.26581e-01	2.70000e+00
8.32000e-04	5.90562e-01	2.70000e+00
1.05600e-03	5.63983e-01	2.70000e+00
3.15500e-05	6.73514e-01	1.20000e+00
7.57200e-05	5.96868e-01	1.20000e+00
1.19890e-04	5.58838e-01	1.20000e+00
1.64060e-04	5.33694e-01	1.20000e+00
2.08230e-04	5.15005e-01	1.20000e+00
2.50000e-04	7.35689e-01	2.70000e+00
6.00000e-04	6.28130e-01	2.70000e+00
9.50000e-04	5.75693e-01	2.70000e+00
1.30000e-03	5.41346e-01	2.70000e+00
1.65000e-03	5.15970e-01	2.70000e+00
4.00000e-05	6.52170e-01	1.20000e+00
9.60000e-05	5.77049e-01	1.20000e+00
1.52000e-04	5.39755e-01	1.20000e+00
2.08000e-04	5.15091e-01	1.20000e+00
2.64000e-04	4.96755e-01	1.20000e+00
4.00000e-04	6.76635e-01	2.70000e+00
9.60000e-04	5.74528e-01	2.70000e+00
1.52000e-03	5.24635e-01	2.70000e+00
2.08000e-03	4.91889e-01	2.70000e+00
2.64000e-03	4.67650e-01	2.70000e+00
6.50000e-05	6.09827e-01	1.20000e+00
1.56000e-04	5.37689e-01	1.20000e+00
2.47000e-04	5.01839e-01	1.20000e+00
3.38000e-04	4.78112e-01	1.20000e+00
4.29000e-04	4.60460e-01	1.20000e+00
6.50000e-04	6.18808e-01	2.70000e+00
1.56000e-03	5.21885e-01	2.70000e+00
2.47000e-03	4.74363e-01	2.70000e+00
3.38000e-03	4.43073e-01	2.70000e+00
4.29000e-03	4.19834e-01	2.70000e+00
7.90000e-05	5.93298e-01	1.20000e+00
1.89600e-04	5.22310e-01	1.20000e+00
3.00200e-04	4.87015e-01	1.20000e+00
4.10800e-04	4.63645e-01	1.20000e+00
5.21400e-04	4.46254e-01	1.20000e+00
1.00000e-03	5.69999e-01	2.70000e+00
2.40000e-03	4.77276e-01	2.70000e+00
3.80000e-03	4.31601e-01	2.70000e+00
5.20000e-03	4.01386e-01	2.70000e+00
6.60000e-03	3.78843e-01	2.70000e+00
1.99000e-04	5.18532e-01	1.20000e+00
4.77600e-04	4.52618e-01	1.20000e+00
7.56200e-04	4.19739e-01	1.20000e+00
1.03480e-03	3.97911e-01	1.20000e+00
1.31340e-03	3.81629e-01	1.20000e+00
2.50000e-03	4.73143e-01	2.70000e+00
6.00000e-03	3.87816e-01	2.70000e+00
9.50000e-03	3.44927e-01	2.70000e+00
1.30000e-02	3.16019e-01	2.70000e+00
1.65000e-02	2.94083e-01	2.70000e+00
6.50000e-04	4.30445e-01	1.20000e+00
1.56000e-03	3.70035e-01	1.20000e+00
2.47000e-03	3.39659e-01	1.20000e+00
3.38000e-03	3.19353e-01	1.20000e+00
4.29000e-03	3.04106e-01	1.20000e+00
2.50000e-03	3.38871e-01	1.20000e+00
6.00000e-03	2.82847e-01	1.20000e+00
9.50000e-03	2.53896e-01	1.20000e+00
1.30000e-02	2.34078e-01	1.20000e+00
1.65000e-02	2.18893e-01	1.20000e+00
2.03000e-05	1.26904e+00	3.50000e+00
4.87200e-05	1.09729e+00	3.50000e+00
7.71400e-05	1.01458e+00	3.50000e+00
1.05560e-04	9.60838e-01	3.50000e+00
1.33980e-04	9.21402e-01	3.50000e+00
9.25000e-06	9.02583e-01	1.50000e+00
2.22000e-05	8.00917e-01	1.50000e+00
3.51500e-05	7.50893e-01	1.50000e+00
4.81000e-05	7.17981e-01	1.50000e+00
6.10500e-05	6.93604e-01	1.50000e+00
2.16000e-05	1.25621e+00	3.50000e+00
5.18400e-05	1.08583e+00	3.50000e+00
8.20800e-05	1.00377e+00	3.50000e+00
1.12320e-04	9.50455e-01	3.50000e+00
1.42560e-04	9.11328e-01	3.50000e+00
1.10000e-05	8.81767e-01	1.50000e+00
2.64000e-05	7.81797e-01	1.50000e+00
4.18000e-05	7.32591e-01	1.50000e+00
5.72000e-05	7.00211e-01	1.50000e+00
7.26000e-05	6.76225e-01	1.50000e+00
2.30000e-05	1.24334e+00	3.50000e+00
5.52000e-05	1.07433e+00	3.50000e+00
8.74000e-05	9.92924e-01	3.50000e+00
1.19600e-04	9.40034e-01	3.50000e+00
1.51800e-04	9.01216e-01	3.50000e+00
1.60000e-05	8.37941e-01	1.50000e+00
3.84000e-05	7.41515e-01	1.50000e+00
6.08000e-05	6.94019e-01	1.50000e+00
8.32000e-05	6.62750e-01	1.50000e+00
1.05600e-04	6.39581e-01	1.50000e+00
2.56000e-05	1.22163e+00	3.50000e+00
6.14400e-05	1.05493e+00	3.50000e+00
9.72800e-05	9.74627e-01	3.50000e+00
1.33120e-04	9.22451e-01	3.50000e+00
1.68960e-04	8.84157e-01	3.50000e+00
1.60000e-05	8.37941e-01	1.50000e+00
3.84000e-05	7.41515e-01	1.50000e+00
6.08000e-05	6.94019e-01	1.50000e+00
8.32000e-05	6.62750e-01	1.50000e+00
1.05600e-04	6.39581e-01	1.50000e+00
2.65500e-05	1.21431e+00	3.50000e+00
6.37200e-05	1.04839e+00	3.50000e+00
1.00890e-04	9.68459e-01	3.50000e+00
1.38060e-04	9.16523e-01	3.50000e+00
1.75230e-04	8.78405e-01	3.50000e+00
2.50000e-05	7.87775e-01	1.50000e+00
6.00000e-05	6.95360e-01	1.50000e+00
9.50000e-05	6.49798e-01	1.50000e+00
1.30000e-04	6.19788e-01	1.50000e+00
1.65000e-04	5.97543e-01	1.50000e+00
2.86500e-05	1.19913e+00	3.50000e+00
6.87600e-05	1.03482e+00	3.50000e+00
1.08870e-04	9.55663e-01	3.50000e+00
1.48980e-04	9.04227e-01	3.50000e+00
1.89090e-04	8.66473e-01	3.50000e+00
4.00000e-05	7.37212e-01	1.50000e+00
9.60000e-05	6.48782e-01	1.50000e+00
1.52000e-04	6.05146e-01	1.50000e+00
2.08000e-04	5.76389e-01	1.50000e+00
2.64000e-04	5.55064e-01	1.50000e+00
4.00000e-05	1.13431e+00	3.50000e+00
9.60000e-05	9.76876e-01	3.50000e+00
1.52000e-04	9.01005e-01	3.50000e+00
2.08000e-04	8.51694e-01	3.50000e+00
2.64000e-04	8.15493e-01	3.50000e+00
6.50000e-05	6.87284e-01	1.50000e+00
1.56000e-04	6.02733e-01	1.50000e+00
2.47000e-04	5.60972e-01	1.50000e+00
3.38000e-04	5.33433e-01	1.50000e+00
4.29000e-04	5.12999e-01	1.50000e+00
4.00000e-05	1.13431e+00	3.50000e+00
9.60000e-05	9.76876e-01	3.50000e+00
1.52000e-04	9.01005e-01	3.50000e+00
2.08000e-04	8.51694e-01	3.50000e+00
2.64000e-04	8.15493e-01	3.50000e+00
1.00000e-04	6.44831e-01	1.50000e+00
2.40000e-04	5.63535e-01	1.50000e+00
3.80000e-04	5.23341e-01	1.50000e+00
5.20000e-04	4.96813e-01	1.50000e+00
6.60000e-04	4.77114e-01	1.50000e+00
6.50000e-05	1.04483e+00	3.50000e+00
1.56000e-04	8.96847e-01	3.50000e+00
2.47000e-04	8.25491e-01	3.50000e+00
3.38000e-04	7.79093e-01	3.50000e+00
4.29000e-04	7.45014e-01	3.50000e+00
1.60000e-04	6.00387e-01	1.50000e+00
3.84000e-04	5.22444e-01	1.50000e+00
6.08000e-04	4.83851e-01	1.50000e+00
8.32000e-04	4.58346e-01	1.50000e+00
1.05600e-03	4.39387e-01	1.50000e+00
1.00000e-04	9.69956e-01	3.50000e+00
2.40000e-04	8.29835e-01	3.50000e+00
3.80000e-04	7.62225e-01	3.50000e+00
5.20000e-04	7.18235e-01	3.50000e+00
6.60000e-04	6.85906e-01	3.50000e+00
2.50000e-04	5.59898e-01	1.50000e+00
6.00000e-04	4.84942e-01	1.50000e+00
9.50000e-04	4.47755e-01	1.50000e+00
1.30000e-03	4.23142e-01	1.50000e+00
1.65000e-03	4.04822e-01	1.50000e+00
1.60000e-04	8.92807e-01	3.50000e+00
3.84000e-04	7.60729e-01	3.50000e+00
6.08000e-04	6.96929e-01	3.50000e+00
8.32000e-04	6.55377e-01	3.50000e+00
1.05600e-03	6.24814e-01	3.50000e+00
4.00000e-04	5.18954e-01	1.50000e+00
9.60000e-04	4.46924e-01	1.50000e+00
1.52000e-03	4.11092e-01	1.50000e+00
2.08000e-03	3.87324e-01	1.50000e+00
2.64000e-03	3.69596e-01	1.50000e+00
2.50000e-04	8.23671e-01	3.50000e+00
6.00000e-04	6.98718e-01	3.50000e+00
9.50000e-04	6.38269e-01	3.50000e+00
1.30000e-03	5.98850e-01	3.50000e+00
1.65000e-03	5.69823e-01	3.50000e+00
5.00000e-04	5.00092e-01	1.50000e+00
1.20000e-03	4.29367e-01	1.50000e+00
1.90000e-03	3.94129e-01	1.50000e+00
2.60000e-03	3.70723e-01	1.50000e+00
3.30000e-03	3.53239e-01	1.50000e+00
4.00000e-04	7.54915e-01	3.50000e+00
9.60000e-04	6.36929e-01	3.50000e+00
1.52000e-03	5.79726e-01	3.50000e+00
2.08000e-03	5.42355e-01	3.50000e+00
2.64000e-03	5.14785e-01	3.50000e+00
1.60000e-03	4.07169e-01	1.50000e+00
3.84000e-03	3.42246e-01	1.50000e+00
6.08000e-03	3.09371e-01	1.50000e+00
8.32000e-03	2.87192e-01	1.50000e+00
1.05600e-02	2.70381e-01	1.50000e+00
6.50000e-04	6.87948e-01	3.50000e+00
1.56000e-03	5.76582e-01	3.50000e+00
2.47000e-03	5.22413e-01	3.50000e+00
3.38000e-03	4.86913e-01	3.50000e+00
4.29000e-03	4.60639e-01	3.50000e+00
6.50000e-04	4.78364e-01	1.50000e+00
1.56000e-03	4.09103e-01	1.50000e+00
2.47000e-03	3.74518e-01	1.50000e+00
3.38000e-03	3.51495e-01	1.50000e+00
4.29000e-03	3.34260e-01	1.50000e+00
1.00000e-03	6.31723e-01	3.50000e+00
2.40000e-03	5.25724e-01	3.50000e+00
3.80000e-03	4.73933e-01	3.50000e+00
5.20000e-03	4.39838e-01	3.50000e+00
6.60000e-03	4.14491e-01	3.50000e+00
1.23500e-05	1.02031e+00	2.00000e+00
2.96400e-05	8.97574e-01	2.00000e+00
4.69300e-05	8.37603e-01	2.00000e+00
6.42200e-05	7.98308e-01	2.00000e+00
8.15100e-05	7.69291e-01	2.00000e+00
4.00000e-03	4.68293e-01	3.50000e+00
9.60000e-03	3.75429e-01	3.50000e+00
1.52000e-02	3.28308e-01	3.50000e+00
2.08000e-02	2.96235e-01	3.50000e+00
2.64000e-02	2.71687e-01	3.50000e+00
1.46500e-05	9.95447e-01	2.00000e+00
3.51600e-05	8.74944e-01	2.00000e+00
5.56700e-05	8.16047e-01	2.00000e+00
7.61800e-05	7.77449e-01	2.00000e+00
9.66900e-05	7.48944e-01	2.00000e+00
2.61000e-05	1.37693e+00	4.50000e+00
6.26400e-05	1.18095e+00	4.50000e+00
9.91800e-05	1.08720e+00	4.50000e+00
1.35720e-04	1.02653e+00	4.50000e+00
1.72260e-04	9.82126e-01	4.50000e+00
1.63500e-05	9.79707e-01	2.00000e+00
3.92400e-05	8.60611e-01	2.00000e+00
6.21300e-05	8.02392e-01	2.00000e+00
8.50200e-05	7.64235e-01	2.00000e+00
1.07910e-04	7.36053e-01	2.00000e+00
2.96000e-05	1.34727e+00	4.50000e+00
7.10400e-05	1.15469e+00	4.50000e+00
1.12480e-04	1.06254e+00	4.50000e+00
1.53920e-04	1.00291e+00	4.50000e+00
1.95360e-04	9.59268e-01	4.50000e+00
2.50000e-05	9.20546e-01	2.00000e+00
6.00000e-05	8.06714e-01	2.00000e+00
9.50000e-05	7.51028e-01	2.00000e+00
1.30000e-04	7.14517e-01	2.00000e+00
1.65000e-04	6.87544e-01	2.00000e+00
3.09000e-05	1.33726e+00	4.50000e+00
7.41600e-05	1.14582e+00	4.50000e+00
1.17420e-04	1.05422e+00	4.50000e+00
1.60680e-04	9.94937e-01	4.50000e+00
2.03940e-04	9.51551e-01	4.50000e+00
2.50000e-05	9.20546e-01	2.00000e+00
6.00000e-05	8.06714e-01	2.00000e+00
9.50000e-05	7.51028e-01	2.00000e+00
1.30000e-04	7.14517e-01	2.00000e+00
1.65000e-04	6.87544e-01	2.00000e+00
3.41500e-05	1.31420e+00	4.50000e+00
8.19600e-05	1.12539e+00	4.50000e+00
1.29770e-04	1.03504e+00	4.50000e+00
1.77580e-04	9.76565e-01	4.50000e+00
2.25390e-04	9.33767e-01	4.50000e+00
4.00000e-05	8.58124e-01	2.00000e+00
9.60000e-05	7.49790e-01	2.00000e+00
1.52000e-04	6.96754e-01	2.00000e+00
2.08000e-04	6.61966e-01	2.00000e+00
2.64000e-04	6.36256e-01	2.00000e+00
3.66000e-05	1.29841e+00	4.50000e+00
8.78400e-05	1.11140e+00	4.50000e+00
1.39080e-04	1.02191e+00	4.50000e+00
1.90320e-04	9.63984e-01	4.50000e+00
2.41560e-04	9.21588e-01	4.50000e+00
6.50000e-05	7.96821e-01	2.00000e+00
1.56000e-04	6.93831e-01	2.00000e+00
2.47000e-04	6.43372e-01	2.00000e+00
3.38000e-04	6.10255e-01	2.00000e+00
4.29000e-04	5.85767e-01	2.00000e+00
4.09000e-05	1.27341e+00	4.50000e+00
9.81600e-05	1.08924e+00	4.50000e+00
1.55420e-04	1.00111e+00	4.50000e+00
2.12680e-04	9.44059e-01	4.50000e+00
2.69940e-04	9.02300e-01	4.50000e+00
1.00000e-04	7.44976e-01	2.00000e+00
2.40000e-04	6.46460e-01	2.00000e+00
3.80000e-04	5.98152e-01	2.00000e+00
5.20000e-04	5.66422e-01	2.00000e+00
6.60000e-04	5.42944e-01	2.00000e+00
4.09000e-05	1.27341e+00	4.50000e+00
9.81600e-05	1.08924e+00	4.50000e+00
1.55420e-04	1.00111e+00	4.50000e+00
2.12680e-04	9.44059e-01	4.50000e+00
2.69940e-04	9.02300e-01	4.50000e+00
1.60000e-04	6.90989e-01	2.00000e+00
3.84000e-04	5.97077e-01	2.00000e+00
6.08000e-04	5.50965e-01	2.00000e+00
8.32000e-04	5.20642e-01	2.00000e+00
1.05600e-03	4.98183e-01	2.00000e+00
6.50000e-05	1.17319e+00	4.50000e+00
1.56000e-04	1.00042e+00	4.50000e+00
2.47000e-04	9.17698e-01	4.50000e+00
3.38000e-04	8.64135e-01	4.50000e+00
4.29000e-04	8.24911e-01	4.50000e+00
2.50000e-04	6.42078e-01	2.00000e+00
6.00000e-04	5.52265e-01	2.00000e+00
9.50000e-04	5.08087e-01	2.00000e+00
1.30000e-03	4.78996e-01	2.00000e+00
1.65000e-03	4.57421e-01	2.00000e+00
6.50000e-05	1.17319e+00	4.50000e+00
1.56000e-04	1.00042e+00	4.50000e+00
2.47000e-04	9.17698e-01	4.50000e+00
3.38000e-04	8.64135e-01	4.50000e+00
4.29000e-04	8.24911e-01	4.50000e+00
5.00000e-04	5.70337e-01	2.00000e+00
1.20000e-03	4.86342e-01	2.00000e+00
1.90000e-03	4.44861e-01	2.00000e+00
2.60000e-03	4.17453e-01	2.00000e+00
3.30000e-03	3.97058e-01	2.00000e+00
1.00000e-04	1.08557e+00	4.50000e+00
2.40000e-04	9.22722e-01	4.50000e+00
3.80000e-04	8.44709e-01	4.50000e+00
5.20000e-04	7.94162e-01	4.50000e+00
6.60000e-04	7.57126e-01	4.50000e+00
1.60000e-03	4.60181e-01	2.00000e+00
3.84000e-03	3.84270e-01	2.00000e+00
6.08000e-03	3.46198e-01	2.00000e+00
8.32000e-03	3.20661e-01	2.00000e+00
1.05600e-02	3.01383e-01	2.00000e+00
1.60000e-04	9.95722e-01	4.50000e+00
3.84000e-04	8.42987e-01	4.50000e+00
6.08000e-04	7.69743e-01	4.50000e+00
8.32000e-04	7.22243e-01	4.50000e+00
1.05600e-03	6.87412e-01	4.50000e+00
6.50000e-04	5.44431e-01	2.00000e+00
1.56000e-03	4.62457e-01	2.00000e+00
2.47000e-03	4.21888e-01	2.00000e+00
3.38000e-03	3.95028e-01	2.00000e+00
4.29000e-03	3.74999e-01	2.00000e+00
2.50000e-04	9.15594e-01	4.50000e+00
6.00000e-04	7.71792e-01	4.50000e+00
9.50000e-04	7.02734e-01	4.50000e+00
1.30000e-03	6.57897e-01	4.50000e+00
1.65000e-03	6.24983e-01	4.50000e+00
1.54500e-05	1.15977e+00	2.70000e+00
3.70800e-05	1.01119e+00	2.70000e+00
5.87100e-05	9.39141e-01	2.70000e+00
8.03400e-05	8.92148e-01	2.70000e+00
1.01970e-04	8.57562e-01	2.70000e+00
4.00000e-04	8.36297e-01	4.50000e+00
9.60000e-04	7.01208e-01	4.50000e+00
1.52000e-03	6.36203e-01	4.50000e+00
2.08000e-03	5.93921e-01	4.50000e+00
2.64000e-03	5.62828e-01	4.50000e+00
1.83000e-05	1.12982e+00	2.70000e+00
4.39200e-05	9.84190e-01	2.70000e+00
6.95400e-05	9.13563e-01	2.70000e+00
9.51600e-05	8.67491e-01	2.70000e+00
1.20780e-04	8.33579e-01	2.70000e+00
6.50000e-04	7.59463e-01	4.50000e+00
1.56000e-03	6.32639e-01	4.50000e+00
2.47000e-03	5.71422e-01	4.50000e+00
3.38000e-03	5.31484e-01	4.50000e+00
4.29000e-03	5.02024e-01	4.50000e+00
2.04500e-05	1.11049e+00	2.70000e+00
4.90800e-05	9.66767e-01	2.70000e+00
7.77100e-05	8.97054e-01	2.70000e+00
1.06340e-04	8.51573e-01	2.70000e+00
1.34970e-04	8.18096e-01	2.70000e+00
1.00000e-03	6.95279e-01	4.50000e+00
2.40000e-03	5.75155e-01	4.50000e+00
3.80000e-03	5.16920e-01	4.50000e+00
5.20000e-03	4.78760e-01	4.50000e+00
6.60000e-03	4.50489e-01	4.50000e+00
2.04500e-05	1.11049e+00	2.70000e+00
4.90800e-05	9.66767e-01	2.70000e+00
7.77100e-05	8.97054e-01	2.70000e+00
1.06340e-04	8.51573e-01	2.70000e+00
1.34970e-04	8.18096e-01	2.70000e+00
1.60000e-03	6.29177e-01	4.50000e+00
3.84000e-03	5.15626e-01	4.50000e+00
6.08000e-03	4.60156e-01	4.50000e+00
8.32000e-03	4.23536e-01	4.50000e+00
1.05600e-02	3.96213e-01	4.50000e+00
2.50000e-05	1.07618e+00	2.70000e+00
6.00000e-05	9.35829e-01	2.70000e+00
9.50000e-05	8.67734e-01	2.70000e+00
1.30000e-04	8.23303e-01	2.70000e+00
1.65000e-04	7.90594e-01	2.70000e+00
2.50000e-05	1.07618e+00	2.70000e+00
6.00000e-05	9.35829e-01	2.70000e+00
9.50000e-05	8.67734e-01	2.70000e+00
1.30000e-04	8.23303e-01	2.70000e+00
1.65000e-04	7.90594e-01	2.70000e+00
3.77000e-05	1.53165e+00	6.50000e+00
9.04800e-05	1.29787e+00	6.50000e+00
1.43260e-04	1.18712e+00	6.50000e+00
1.96040e-04	1.11587e+00	6.50000e+00
2.48820e-04	1.06393e+00	6.50000e+00
6.96000e-05	1.76952e+00	1.20000e+01
1.67040e-04	1.46852e+00	1.20000e+01
2.64480e-04	1.32825e+00	1.20000e+01
3.61920e-04	1.23883e+00	1.20000e+01
4.59360e-04	1.17409e+00	1.20000e+01
4.01500e-05	1.51377e+00	6.50000e+00
9.63600e-05	1.28223e+00	6.50000e+00
1.52570e-04	1.17254e+00	6.50000e+00
2.08780e-04	1.10197e+00	6.50000e+00
2.64990e-04	1.05052e+00	6.50000e+00
8.05000e-05	1.71621e+00	1.20000e+01
1.93200e-04	1.42287e+00	1.20000e+01
3.05900e-04	1.28615e+00	1.20000e+01
4.18600e-04	1.19900e+00	1.20000e+01
5.31300e-04	1.13589e+00	1.20000e+01
4.27500e-05	1.49612e+00	6.50000e+00
1.02600e-04	1.26680e+00	6.50000e+00
1.62450e-04	1.15815e+00	6.50000e+00
2.22300e-04	1.08825e+00	6.50000e+00
2.82150e-04	1.03729e+00	6.50000e+00
8.05000e-05	1.71621e+00	1.20000e+01
1.93200e-04	1.42287e+00	1.20000e+01
3.05900e-04	1.28615e+00	1.20000e+01
4.18600e-04	1.19900e+00	1.20000e+01
5.31300e-04	1.13589e+00	1.20000e+01
4.76000e-05	1.46629e+00	6.50000e+00
1.14240e-04	1.24070e+00	6.50000e+00
1.80880e-04	1.13383e+00	6.50000e+00
2.47520e-04	1.06505e+00	6.50000e+00
3.14160e-04	1.01492e+00	6.50000e+00
9.10000e-05	1.67234e+00	1.20000e+01
2.18400e-04	1.38530e+00	1.20000e+01
3.45800e-04	1.25151e+00	1.20000e+01
4.73200e-04	1.16621e+00	1.20000e+01
6.00600e-04	1.10444e+00	1.20000e+01
4.93000e-05	1.45665e+00	6.50000e+00
1.18320e-04	1.23228e+00	6.50000e+00
1.87340e-04	1.12597e+00	6.50000e+00
2.56360e-04	1.05756e+00	6.50000e+00
3.25380e-04	1.00769e+00	6.50000e+00
1.00000e-04	1.63923e+00	1.20000e+01
2.40000e-04	1.35695e+00	1.20000e+01
3.80000e-04	1.22537e+00	1.20000e+01
5.20000e-04	1.14147e+00	1.20000e+01
6.60000e-04	1.08070e+00	1.20000e+01
4.93000e-05	1.45665e+00	6.50000e+00
1.18320e-04	1.23228e+00	6.50000e+00
1.87340e-04	1.12597e+00	6.50000e+00
2.56360e-04	1.05756e+00	6.50000e+00
3.25380e-04	1.00769e+00	6.50000e+00
1.00000e-04	1.63923e+00	1.20000e+01
2.40000e-04	1.35695e+00	1.20000e+01
3.80000e-04	1.22537e+00	1.20000e+01
5.20000e-04	1.14147e+00	1.20000e+01
6.60000e-04	1.08070e+00	1.20000e+01
6.50000e-05	1.38253e+00	6.50000e+00
1.56000e-04	1.16743e+00	6.50000e+00
2.47000e-04	1.06550e+00	6.50000e+00
3.38000e-04	9.99893e-01	6.50000e+00
4.29000e-04	9.52055e-01	6.50000e+00
1.60000e-04	1.48226e+00	1.20000e+01
3.84000e-04	1.22249e+00	1.20000e+01
6.08000e-04	1.10133e+00	1.20000e+01
8.32000e-04	1.02403e+00	1.20000e+01
1.05600e-03	9.68001e-01	1.20000e+01
6.50000e-05	1.38253e+00	6.50000e+00
1.56000e-04	1.16743e+00	6.50000e+00
2.47000e-04	1.06550e+00	6.50000e+00
3.38000e-04	9.99893e-01	6.50000e+00
4.29000e-04	9.52055e-01	6.50000e+00
1.60000e-04	1.48226e+00	1.20000e+01
3.84000e-04	1.22249e+00	1.20000e+01
6.08000e-04	1.10133e+00	1.20000e+01
8.32000e-04	1.02403e+00	1.20000e+01
1.05600e-03	9.68001e-01	1.20000e+01
1.00000e-04	1.27309e+00	6.50000e+00
2.40000e-04	1.07167e+00	6.50000e+00
3.80000e-04	9.76177e-01	6.50000e+00
5.20000e-04	9.14679e-01	6.50000e+00
6.60000e-04	8.69815e-01	6.50000e+00
2.50000e-04	1.34483e+00	1.20000e+01
6.00000e-04	1.10469e+00	1.20000e+01
9.50000e-04	9.92577e-01	1.20000e+01
1.30000e-03	9.20979e-01	1.20000e+01
1.65000e-03	8.69048e-01	1.20000e+01
1.00000e-04	1.27309e+00	6.50000e+00
2.40000e-04	1.07167e+00	6.50000e+00
3.80000e-04	9.76177e-01	6.50000e+00
5.20000e-04	9.14679e-01	6.50000e+00
6.60000e-04	8.69815e-01	6.50000e+00
4.00000e-04	1.21133e+00	1.20000e+01
9.60000e-04	9.90124e-01	1.20000e+01
1.52000e-03	8.86689e-01	1.20000e+01
2.08000e-03	8.20543e-01	1.20000e+01
2.64000e-03	7.72497e-01	1.20000e+01
1.60000e-04	1.16163e+00	6.50000e+00
3.84000e-04	9.74077e-01	6.50000e+00
6.08000e-04	8.85080e-01	6.50000e+00
8.32000e-04	8.27717e-01	6.50000e+00
1.05600e-03	7.85840e-01	6.50000e+00
6.50000e-04	1.08452e+00	1.20000e+01
1.56000e-03	8.81079e-01	1.20000e+01
2.47000e-03	7.85725e-01	1.20000e+01
3.38000e-03	7.24594e-01	1.20000e+01
4.29000e-03	6.80072e-01	1.20000e+01
2.50000e-04	1.06292e+00	6.50000e+00
6.00000e-04	8.87561e-01	6.50000e+00
9.50000e-04	8.04242e-01	6.50000e+00
1.30000e-03	7.50484e-01	6.50000e+00
1.65000e-03	7.11199e-01	6.50000e+00
1.00000e-03	9.80604e-01	1.20000e+01
2.40000e-03	7.91482e-01	1.20000e+01
3.80000e-03	7.02521e-01	1.20000e+01
5.20000e-03	6.45272e-01	1.20000e+01
6.60000e-03	6.03417e-01	1.20000e+01
4.00000e-04	9.65922e-01	6.50000e+00
9.60000e-04	8.02408e-01	6.50000e+00
1.52000e-03	7.24573e-01	6.50000e+00
2.08000e-03	6.74269e-01	6.50000e+00
2.64000e-03	6.37448e-01	6.50000e+00
1.60000e-03	8.75634e-01	1.20000e+01
3.84000e-03	7.00567e-01	1.20000e+01
6.08000e-03	6.17673e-01	1.20000e+01
8.32000e-03	5.63977e-01	1.20000e+01
1.05600e-02	5.24469e-01	1.20000e+01
6.50000e-04	8.72641e-01	6.50000e+00
1.56000e-03	7.20323e-01	6.50000e+00
2.47000e-03	6.47610e-01	6.50000e+00
3.38000e-03	6.00483e-01	6.50000e+00
4.29000e-03	5.65885e-01	6.50000e+00
2.50000e-03	7.83315e-01	1.20000e+01
6.00000e-03	6.19989e-01	1.20000e+01
9.50000e-03	5.41872e-01	1.20000e+01
1.30000e-02	4.90793e-01	1.20000e+01
1.65000e-02	4.52883e-01	1.20000e+01
1.00000e-03	7.95284e-01	6.50000e+00
2.40000e-03	6.52027e-01	6.50000e+00
3.80000e-03	5.83360e-01	6.50000e+00
5.20000e-03	5.38669e-01	6.50000e+00
6.60000e-03	5.05722e-01	6.50000e+00
1.60000e-03	7.16196e-01	6.50000e+00
3.84000e-03	5.81841e-01	6.50000e+00
6.08000e-03	5.16971e-01	6.50000e+00
8.32000e-03	4.74448e-01	6.50000e+00
1.05600e-02	4.42885e-01	6.50000e+00
8.70000e-05	1.84572e+00	1.50000e+01
2.08800e-04	1.51975e+00	1.50000e+01
3.30600e-04	1.36873e+00	1.50000e+01
4.52400e-04	1.27280e+00	1.50000e+01
5.74200e-04	1.20350e+00	1.50000e+01
2.50000e-03	6.45760e-01	6.50000e+00
6.00000e-03	5.18795e-01	6.50000e+00
9.50000e-03	4.56818e-01	6.50000e+00
1.30000e-02	4.15783e-01	6.50000e+00
1.65000e-02	3.85041e-01	6.50000e+00
1.00000e-04	1.79025e+00	1.50000e+01
2.40000e-04	1.47262e+00	1.50000e+01
3.80000e-04	1.32545e+00	1.50000e+01
5.20000e-04	1.23195e+00	1.50000e+01
6.60000e-04	1.16440e+00	1.50000e+01
1.00000e-04	1.79025e+00	1.50000e+01
2.40000e-04	1.47262e+00	1.50000e+01
3.80000e-04	1.32545e+00	1.50000e+01
5.20000e-04	1.23195e+00	1.50000e+01
6.60000e-04	1.16440e+00	1.50000e+01
1.14000e-04	1.73936e+00	1.50000e+01
2.73600e-04	1.42937e+00	1.50000e+01
4.33200e-04	1.28573e+00	1.50000e+01
5.92800e-04	1.19446e+00	1.50000e+01
7.52400e-04	1.12851e+00	1.50000e+01
4.93000e-05	1.63985e+00	8.50000e+00
1.18320e-04	1.37712e+00	8.50000e+00
1.87340e-04	1.25354e+00	8.50000e+00
2.56360e-04	1.17436e+00	8.50000e+00
3.25380e-04	1.11682e+00	8.50000e+00
1.23000e-04	1.71041e+00	1.50000e+01
2.95200e-04	1.40477e+00	1.50000e+01
4.67400e-04	1.26313e+00	1.50000e+01
6.39600e-04	1.17313e+00	1.50000e+01
8.11800e-04	1.10809e+00	1.50000e+01
5.25000e-05	1.61970e+00	8.50000e+00
1.26000e-04	1.35965e+00	8.50000e+00
1.99500e-04	1.23734e+00	8.50000e+00
2.73000e-04	1.15896e+00	8.50000e+00
3.46500e-04	1.10200e+00	8.50000e+00
1.60000e-04	1.61331e+00	1.50000e+01
3.84000e-04	1.32224e+00	1.50000e+01
6.08000e-04	1.18732e+00	1.50000e+01
8.32000e-04	1.10154e+00	1.50000e+01
1.05600e-03	1.03954e+00	1.50000e+01
5.60000e-05	1.59923e+00	8.50000e+00
1.34400e-04	1.34192e+00	8.50000e+00
2.12800e-04	1.22089e+00	8.50000e+00
2.91200e-04	1.14333e+00	8.50000e+00
3.69600e-04	1.08696e+00	8.50000e+00
1.60000e-04	1.61331e+00	1.50000e+01
3.84000e-04	1.32224e+00	1.50000e+01
6.08000e-04	1.18732e+00	1.50000e+01
8.32000e-04	1.10154e+00	1.50000e+01
1.05600e-03	1.03954e+00	1.50000e+01
6.20000e-05	1.56739e+00	8.50000e+00
1.48800e-04	1.31432e+00	8.50000e+00
2.35600e-04	1.19528e+00	8.50000e+00
3.22400e-04	1.11900e+00	8.50000e+00
4.09200e-04	1.06355e+00	8.50000e+00
2.50000e-04	1.45903e+00	1.50000e+01
6.00000e-04	1.19105e+00	1.50000e+01
9.50000e-04	1.06672e+00	1.50000e+01
1.30000e-03	9.87619e-01	1.50000e+01
1.65000e-03	9.30401e-01	1.50000e+01
6.45000e-05	1.55516e+00	8.50000e+00
1.54800e-04	1.30373e+00	8.50000e+00
2.45100e-04	1.18545e+00	8.50000e+00
3.35400e-04	1.10965e+00	8.50000e+00
4.25700e-04	1.05456e+00	8.50000e+00
4.00000e-04	1.30979e+00	1.50000e+01
9.60000e-04	1.06401e+00	1.50000e+01
1.52000e-03	9.49823e-01	1.50000e+01
2.08000e-03	8.77084e-01	1.50000e+01
2.64000e-03	8.24396e-01	1.50000e+01
6.95000e-05	1.53229e+00	8.50000e+00
1.66800e-04	1.28390e+00	8.50000e+00
2.64100e-04	1.16706e+00	8.50000e+00
3.61400e-04	1.09217e+00	8.50000e+00
4.58700e-04	1.03773e+00	8.50000e+00
6.50000e-04	1.16864e+00	1.50000e+01
1.56000e-03	9.43645e-01	1.50000e+01
2.47000e-03	8.38889e-01	1.50000e+01
3.38000e-03	7.71998e-01	1.50000e+01
4.29000e-03	7.23425e-01	1.50000e+01
6.95000e-05	1.53229e+00	8.50000e+00
1.66800e-04	1.28390e+00	8.50000e+00
2.64100e-04	1.16706e+00	8.50000e+00
3.61400e-04	1.09217e+00	8.50000e+00
4.58700e-04	1.03773e+00	8.50000e+00
1.00000e-03	1.05348e+00	1.50000e+01
2.40000e-03	8.45200e-01	1.50000e+01
3.80000e-03	7.47901e-01	1.50000e+01
5.20000e-03	6.85546e-01	1.50000e+01
6.60000e-03	6.40098e-01	1.50000e+01
1.00000e-04	1.42472e+00	8.50000e+00
2.40000e-04	1.19067e+00	8.50000e+00
3.80000e-04	1.08054e+00	8.50000e+00
5.20000e-04	1.00992e+00	8.50000e+00
6.60000e-04	9.58562e-01	8.50000e+00
1.60000e-03	9.37650e-01	1.50000e+01
3.84000e-03	7.45769e-01	1.50000e+01
6.08000e-03	6.55564e-01	1.50000e+01
8.32000e-03	5.97387e-01	1.50000e+01
1.05600e-02	5.54722e-01	1.50000e+01
1.00000e-04	1.42472e+00	8.50000e+00
2.40000e-04	1.19067e+00	8.50000e+00
3.80000e-04	1.08054e+00	8.50000e+00
5.20000e-04	1.00992e+00	8.50000e+00
6.60000e-04	9.58562e-01	8.50000e+00
2.50000e-03	8.36248e-01	1.50000e+01
6.00000e-03	6.58078e-01	1.50000e+01
9.50000e-03	5.73500e-01	1.50000e+01
1.30000e-02	5.18453e-01	1.50000e+01
1.65000e-02	4.77738e-01	1.50000e+01
1.60000e-04	1.29492e+00	8.50000e+00
3.84000e-04	1.07812e+00	8.50000e+00
6.08000e-04	9.76020e-01	8.50000e+00
8.32000e-04	9.10503e-01	8.50000e+00
1.05600e-03	8.62827e-01	8.50000e+00
4.00000e-03	7.37492e-01	1.50000e+01
9.60000e-03	5.71631e-01	1.50000e+01
1.52000e-02	4.91659e-01	1.50000e+01
2.08000e-02	4.38884e-01	1.50000e+01
2.64000e-02	3.99370e-01	1.50000e+01
2.50000e-04	1.18055e+00	8.50000e+00
6.00000e-04	9.78859e-01	8.50000e+00
9.50000e-04	8.83761e-01	8.50000e+00
1.30000e-03	8.22678e-01	8.50000e+00
1.65000e-03	7.78188e-01	8.50000e+00
4.00000e-04	1.06874e+00	8.50000e+00
9.60000e-04	8.81673e-01	8.50000e+00
1.52000e-03	7.93320e-01	8.50000e+00
2.08000e-03	7.36482e-01	8.50000e+00
2.64000e-03	6.95018e-01	8.50000e+00
1.04500e-04	1.90193e+00	1.80000e+01
2.50800e-04	1.55577e+00	1.80000e+01
3.97100e-04	1.39617e+00	1.80000e+01
5.43400e-04	1.29505e+00	1.80000e+01
6.89700e-04	1.22215e+00	1.80000e+01
6.50000e-04	9.61793e-01	8.50000e+00
1.56000e-03	7.88510e-01	8.50000e+00
2.47000e-03	7.06449e-01	8.50000e+00
3.38000e-03	6.53517e-01	8.50000e+00
4.29000e-03	6.14792e-01	8.50000e+00
1.18500e-04	1.84855e+00	1.80000e+01
2.84400e-04	1.51069e+00	1.80000e+01
4.50300e-04	1.35490e+00	1.80000e+01
6.16200e-04	1.25619e+00	1.80000e+01
7.82100e-04	1.18502e+00	1.80000e+01
1.00000e-03	8.73567e-01	8.50000e+00
2.40000e-03	7.11421e-01	8.50000e+00
3.80000e-03	6.34337e-01	8.50000e+00
5.20000e-03	5.84414e-01	8.50000e+00
6.60000e-03	5.47744e-01	8.50000e+00
1.34000e-04	1.79759e+00	1.80000e+01
3.21600e-04	1.46766e+00	1.80000e+01
5.09200e-04	1.31551e+00	1.80000e+01
6.96800e-04	1.21909e+00	1.80000e+01
8.84400e-04	1.14957e+00	1.80000e+01
1.60000e-03	7.83840e-01	8.50000e+00
3.84000e-03	6.32637e-01	8.50000e+00
6.08000e-03	5.60251e-01	8.50000e+00
8.32000e-03	5.13046e-01	8.50000e+00
1.05600e-02	4.78142e-01	8.50000e+00
1.34000e-04	1.79759e+00	1.80000e+01
3.21600e-04	1.46766e+00	1.80000e+01
5.09200e-04	1.31551e+00	1.80000e+01
6.96800e-04	1.21909e+00	1.80000e+01
8.84400e-04	1.14957e+00	1.80000e+01
2.50000e-03	7.04367e-01	8.50000e+00
6.00000e-03	5.62281e-01	8.50000e+00
9.50000e-03	4.93536e-01	8.50000e+00
1.30000e-02	4.48266e-01	8.50000e+00
1.65000e-02	4.14490e-01	8.50000e+00
1.64000e-04	1.71643e+00	1.80000e+01
3.93600e-04	1.39911e+00	1.80000e+01
6.23200e-04	1.25275e+00	1.80000e+01
8.52800e-04	1.15998e+00	1.80000e+01
1.08240e-03	1.09306e+00	1.80000e+01
1.64000e-04	1.71643e+00	1.80000e+01
3.93600e-04	1.39911e+00	1.80000e+01
6.23200e-04	1.25275e+00	1.80000e+01
8.52800e-04	1.15998e+00	1.80000e+01
1.08240e-03	1.09306e+00	1.80000e+01
6.50000e-05	1.66359e+00	1.00000e+01
1.56000e-04	1.38830e+00	1.00000e+01
2.47000e-04	1.25938e+00	1.00000e+01
3.38000e-04	1.17697e+00	1.00000e+01
4.29000e-04	1.11718e+00	1.00000e+01
2.50000e-04	1.55693e+00	1.80000e+01
6.00000e-04	1.26435e+00	1.80000e+01
9.50000e-04	1.12931e+00	1.80000e+01
1.30000e-03	1.04365e+00	1.80000e+01
1.65000e-03	9.81831e-01	1.80000e+01
1.00000e-04	1.52301e+00	1.00000e+01
2.40000e-04	1.26716e+00	1.00000e+01
3.80000e-04	1.14730e+00	1.00000e+01
5.20000e-04	1.07065e+00	1.00000e+01
6.60000e-04	1.01501e+00	1.00000e+01
2.50000e-04	1.55693e+00	1.80000e+01
6.00000e-04	1.26435e+00	1.80000e+01
9.50000e-04	1.12931e+00	1.80000e+01
1.30000e-03	1.04365e+00	1.80000e+01
1.65000e-03	9.81831e-01	1.80000e+01
1.60000e-04	1.38094e+00	1.00000e+01
3.84000e-04	1.14467e+00	1.00000e+01
6.08000e-04	1.03391e+00	1.00000e+01
8.32000e-04	9.63030e-01	1.00000e+01
1.05600e-03	9.11548e-01	1.00000e+01
4.00000e-04	1.39375e+00	1.80000e+01
9.60000e-04	1.12637e+00	1.80000e+01
1.52000e-03	1.00280e+00	1.80000e+01
2.08000e-03	9.24335e-01	1.80000e+01
2.64000e-03	8.67629e-01	1.80000e+01
2.50000e-04	1.25613e+00	1.00000e+01
6.00000e-04	1.03699e+00	1.00000e+01
9.50000e-04	9.34142e-01	1.00000e+01
1.30000e-03	8.68263e-01	1.00000e+01
1.65000e-03	8.20374e-01	1.00000e+01
6.50000e-04	1.23997e+00	1.80000e+01
1.56000e-03	9.96130e-01	1.80000e+01
2.47000e-03	8.83216e-01	1.80000e+01
3.38000e-03	8.11351e-01	1.80000e+01
4.29000e-03	7.59291e-01	1.80000e+01
4.00000e-04	1.13449e+00	1.00000e+01
9.60000e-04	9.31888e-01	1.00000e+01
1.52000e-03	8.36652e-01	1.00000e+01
2.08000e-03	7.75559e-01	1.00000e+01
2.64000e-03	7.31080e-01	1.00000e+01
1.00000e-03	1.11495e+00	1.80000e+01
2.40000e-03	8.90006e-01	1.80000e+01
3.80000e-03	7.85511e-01	1.80000e+01
5.20000e-03	7.18773e-01	1.80000e+01
6.60000e-03	6.70253e-01	1.80000e+01
6.50000e-04	1.01851e+00	1.00000e+01
1.56000e-03	8.31477e-01	1.00000e+01
2.47000e-03	7.43335e-01	1.00000e+01
3.38000e-03	6.86643e-01	1.00000e+01
4.29000e-03	6.45257e-01	1.00000e+01
1.60000e-03	9.89657e-01	1.80000e+01
3.84000e-03	7.83226e-01	1.80000e+01
6.08000e-03	6.86752e-01	1.80000e+01
8.32000e-03	6.24755e-01	1.80000e+01
1.05600e-02	5.79412e-01	1.80000e+01
1.00000e-03	9.23137e-01	1.00000e+01
2.40000e-03	7.48666e-01	1.00000e+01
3.80000e-03	6.66136e-01	1.00000e+01
5.20000e-03	6.12846e-01	1.00000e+01
6.60000e-03	5.73788e-01	1.00000e+01
2.50000e-03	8.80375e-01	1.80000e+01
6.00000e-03	6.89435e-01	1.80000e+01
9.50000e-03	5.99356e-01	1.80000e+01
1.30000e-02	5.40952e-01	1.80000e+01
1.65000e-02	4.97878e-01	1.80000e+01
2.50000e-03	7.41103e-01	1.00000e+01
6.00000e-03	5.89262e-01	1.00000e+01
9.50000e-03	5.16194e-01	1.00000e+01
1.30000e-02	4.68237e-01	1.00000e+01
1.65000e-02	4.32544e-01	1.00000e+01
4.00000e-03	7.74357e-01	1.80000e+01
9.60000e-03	5.97370e-01	1.80000e+01
1.52000e-02	5.12594e-01	1.80000e+01
2.08000e-02	4.56877e-01	1.80000e+01
2.64000e-02	4.15285e-01	1.80000e+01
1.45000e-04	1.89999e+00	2.20000e+01
3.48000e-04	1.54119e+00	2.20000e+01
5.51000e-04	1.37662e+00	2.20000e+01
7.54000e-04	1.27266e+00	2.20000e+01
9.57000e-04	1.19787e+00	2.20000e+01
1.00000e-03	1.35165e+00	3.50000e+01
2.40000e-03	1.05805e+00	3.50000e+01
3.80000e-03	9.24457e-01	3.50000e+01
5.20000e-03	8.40204e-01	3.50000e+01
6.60000e-03	7.79521e-01	3.50000e+01
1.60000e-04	1.85643e+00	2.20000e+01
3.84000e-04	1.50465e+00	2.20000e+01
6.08000e-04	1.34329e+00	2.20000e+01
8.32000e-04	1.24135e+00	2.20000e+01
1.05600e-03	1.16800e+00	2.20000e+01
1.60000e-03	1.18717e+00	3.50000e+01
3.84000e-03	9.21558e-01	3.50000e+01
6.08000e-03	8.00100e-01	3.50000e+01
8.32000e-03	7.23085e-01	3.50000e+01
1.05600e-02	6.67317e-01	3.50000e+01
1.72500e-04	1.82371e+00	2.20000e+01
4.14000e-04	1.47721e+00	2.20000e+01
6.55500e-04	1.31826e+00	2.20000e+01
8.97000e-04	1.21783e+00	2.20000e+01
1.13850e-03	1.14556e+00	2.20000e+01
2.50000e-03	1.04566e+00	3.50000e+01
6.00000e-03	8.03452e-01	3.50000e+01
9.50000e-03	6.91787e-01	3.50000e+01
1.30000e-02	6.20410e-01	3.50000e+01
1.65000e-02	5.68325e-01	3.50000e+01
1.94000e-04	1.77360e+00	2.20000e+01
4.65600e-04	1.43518e+00	2.20000e+01
7.37200e-04	1.27992e+00	2.20000e+01
1.00880e-03	1.18180e+00	2.20000e+01
1.28040e-03	1.11119e+00	2.20000e+01
4.00000e-03	9.10315e-01	3.50000e+01
9.60000e-03	6.89345e-01	3.50000e+01
1.52000e-02	5.86064e-01	3.50000e+01
2.08000e-02	5.19208e-01	3.50000e+01
2.64000e-02	4.69862e-01	3.50000e+01
2.50000e-04	1.66938e+00	2.20000e+01
6.00000e-04	1.34774e+00	2.20000e+01
9.50000e-04	1.20012e+00	2.20000e+01
1.30000e-03	1.10680e+00	2.20000e+01
1.65000e-03	1.03961e+00	2.20000e+01
2.50000e-04	1.66938e+00	2.20000e+01
6.00000e-04	1.34774e+00	2.20000e+01
9.50000e-04	1.20012e+00	2.20000e+01
1.30000e-03	1.10680e+00	2.20000e+01
1.65000e-03	1.03961e+00	2.20000e+01
2.96000e-04	1.60285e+00	2.20000e+01
7.10400e-04	1.29191e+00	2.20000e+01
1.12480e-03	1.14915e+00	2.20000e+01
1.53920e-03	1.05888e+00	2.20000e+01
1.95360e-03	9.93863e-01	2.20000e+01
4.00000e-04	1.48970e+00	2.20000e+01
9.60000e-04	1.19691e+00	2.20000e+01
1.52000e-03	1.06239e+00	2.20000e+01
2.08000e-03	9.77257e-01	2.20000e+01
2.64000e-03	9.15893e-01	2.20000e+01
6.50000e-04	1.32104e+00	2.20000e+01
1.56000e-03	1.05514e+00	2.20000e+01
2.47000e-03	9.32747e-01	2.20000e+01
3.38000e-03	8.55131e-01	2.20000e+01
4.29000e-03	7.99054e-01	2.20000e+01
2.95000e-04	2.01764e+00	4.50000e+01
7.08000e-04	1.59118e+00	4.50000e+01
1.12100e-03	1.39931e+00	4.50000e+01
1.53400e-03	1.27944e+00	4.50000e+01
1.94700e-03	1.19386e+00	4.50000e+01
1.00000e-03	1.18446e+00	2.20000e+01
2.40000e-03	9.40092e-01	2.20000e+01
3.80000e-03	8.27280e-01	2.20000e+01
5.20000e-03	7.55502e-01	2.20000e+01
6.60000e-03	7.03465e-01	2.20000e+01
3.17000e-04	1.97928e+00	4.50000e+01
7.60800e-04	1.55981e+00	4.50000e+01
1.20460e-03	1.37106e+00	4.50000e+01
1.64840e-03	1.25314e+00	4.50000e+01
2.09220e-03	1.16894e+00	4.50000e+01
1.60000e-03	1.04811e+00	2.20000e+01
3.84000e-03	8.24819e-01	2.20000e+01
6.08000e-03	7.21146e-01	2.20000e+01
8.32000e-03	6.54789e-01	2.20000e+01
1.05600e-02	6.06402e-01	2.20000e+01
3.50000e-04	1.92750e+00	4.50000e+01
8.40000e-04	1.51744e+00	4.50000e+01
1.33000e-03	1.33292e+00	4.50000e+01
1.82000e-03	1.21761e+00	4.50000e+01
2.31000e-03	1.13527e+00	4.50000e+01
2.50000e-03	9.29674e-01	2.20000e+01
6.00000e-03	7.24022e-01	2.20000e+01
9.50000e-03	6.27669e-01	2.20000e+01
1.30000e-02	5.65463e-01	2.20000e+01
1.65000e-02	5.19729e-01	2.20000e+01
4.00000e-04	1.85952e+00	4.50000e+01
9.60000e-04	1.46181e+00	4.50000e+01
1.52000e-03	1.28282e+00	4.50000e+01
2.08000e-03	1.17095e+00	4.50000e+01
2.64000e-03	1.09104e+00	4.50000e+01
4.00000e-03	8.15268e-01	2.20000e+01
9.60000e-03	6.25550e-01	2.20000e+01
1.52000e-02	5.35339e-01	2.20000e+01
2.08000e-02	4.76318e-01	2.20000e+01
2.64000e-02	4.32408e-01	2.20000e+01
4.00000e-04	1.85952e+00	4.50000e+01
9.60000e-04	1.46181e+00	4.50000e+01
1.52000e-03	1.28282e+00	4.50000e+01
2.08000e-03	1.17095e+00	4.50000e+01
2.64000e-03	1.09104e+00	4.50000e+01
4.60000e-04	1.79055e+00	4.50000e+01
1.10400e-03	1.40538e+00	4.50000e+01
1.74800e-03	1.23199e+00	4.50000e+01
2.39200e-03	1.12359e+00	4.50000e+01
3.03600e-03	1.04612e+00	4.50000e+01
5.50000e-04	1.70554e+00	4.50000e+01
1.32000e-03	1.33579e+00	4.50000e+01
2.09000e-03	1.16930e+00	4.50000e+01
2.86000e-03	1.06514e+00	4.50000e+01
3.63000e-03	9.90664e-01	4.50000e+01
1.57000e-04	2.00498e+00	2.70000e+01
3.76800e-04	1.61538e+00	2.70000e+01
5.96600e-04	1.43768e+00	2.70000e+01
8.16400e-04	1.32578e+00	2.70000e+01
1.03620e-03	1.24547e+00	2.70000e+01
6.50000e-04	1.62915e+00	4.50000e+01
1.56000e-03	1.27326e+00	4.50000e+01
2.47000e-03	1.11292e+00	4.50000e+01
3.38000e-03	1.01255e+00	4.50000e+01
4.29000e-03	9.40725e-01	4.50000e+01
1.67500e-04	1.97367e+00	2.70000e+01
4.02000e-04	1.58931e+00	2.70000e+01
6.36500e-04	1.41398e+00	2.70000e+01
8.71000e-04	1.30358e+00	2.70000e+01
1.10550e-03	1.22433e+00	2.70000e+01
6.50000e-04	1.62915e+00	4.50000e+01
1.56000e-03	1.27326e+00	4.50000e+01
2.47000e-03	1.11292e+00	4.50000e+01
3.38000e-03	1.01255e+00	4.50000e+01
4.29000e-03	9.40725e-01	4.50000e+01
1.77500e-04	1.94597e+00	2.70000e+01
4.26000e-04	1.56625e+00	2.70000e+01
6.74500e-04	1.39303e+00	2.70000e+01
9.23000e-04	1.28395e+00	2.70000e+01
1.17150e-03	1.20564e+00	2.70000e+01
1.00000e-03	1.44514e+00	4.50000e+01
2.40000e-03	1.12247e+00	4.50000e+01
3.80000e-03	9.76804e-01	4.50000e+01
5.20000e-03	8.85369e-01	4.50000e+01
6.60000e-03	8.19748e-01	4.50000e+01
2.05000e-04	1.87863e+00	2.70000e+01
4.92000e-04	1.51016e+00	2.70000e+01
7.79000e-04	1.34205e+00	2.70000e+01
1.06600e-03	1.23618e+00	2.70000e+01
1.35300e-03	1.16016e+00	2.70000e+01
1.60000e-03	1.26398e+00	4.50000e+01
3.84000e-03	9.73652e-01	4.50000e+01
6.08000e-03	8.41979e-01	4.50000e+01
8.32000e-03	7.58911e-01	4.50000e+01
1.05600e-02	6.98989e-01	4.50000e+01
2.05000e-04	1.87863e+00	2.70000e+01
4.92000e-04	1.51016e+00	2.70000e+01
7.79000e-04	1.34205e+00	2.70000e+01
1.06600e-03	1.23618e+00	2.70000e+01
1.35300e-03	1.16016e+00	2.70000e+01
2.50000e-03	1.10893e+00	4.50000e+01
6.00000e-03	8.45602e-01	4.50000e+01
9.50000e-03	7.25256e-01	4.50000e+01
1.30000e-02	6.48747e-01	4.50000e+01
1.65000e-02	5.93145e-01	4.50000e+01
2.50000e-04	1.78910e+00	2.70000e+01
6.00000e-04	1.43559e+00	2.70000e+01
9.50000e-04	1.27427e+00	2.70000e+01
1.30000e-03	1.17264e+00	2.70000e+01
1.65000e-03	1.09965e+00	2.70000e+01
4.00000e-03	9.61431e-01	4.50000e+01
9.60000e-03	7.22633e-01	4.50000e+01
1.52000e-02	6.12059e-01	4.50000e+01
2.08000e-02	5.40899e-01	4.50000e+01
2.64000e-02	4.88602e-01	4.50000e+01
2.50000e-04	1.78910e+00	2.70000e+01
6.00000e-04	1.43559e+00	2.70000e+01
9.50000e-04	1.27427e+00	2.70000e+01
1.30000e-03	1.17264e+00	2.70000e+01
1.65000e-03	1.09965e+00	2.70000e+01
4.00000e-04	1.59130e+00	2.70000e+01
9.60000e-04	1.27077e+00	2.70000e+01
1.52000e-03	1.12438e+00	2.70000e+01
2.08000e-03	1.03206e+00	2.70000e+01
2.64000e-03	9.65692e-01	2.70000e+01
4.00000e-04	1.59130e+00	2.70000e+01
9.60000e-04	1.27077e+00	2.70000e+01
1.52000e-03	1.12438e+00	2.70000e+01
2.08000e-03	1.03206e+00	2.70000e+01
2.64000e-03	9.65692e-01	2.70000e+01
6.50000e-04	1.40637e+00	2.70000e+01
1.56000e-03	1.11651e+00	2.70000e+01
2.47000e-03	9.83905e-01	2.70000e+01
3.38000e-03	9.00126e-01	2.70000e+01
4.29000e-03	8.39762e-01	2.70000e+01
1.00000e-03	1.25720e+00	2.70000e+01
2.40000e-03	9.91847e-01	2.70000e+01
3.80000e-03	8.70128e-01	2.70000e+01
5.20000e-03	7.92983e-01	2.70000e+01
6.60000e-03	7.37215e-01	2.70000e+01
4.00000e-04	2.01865e+00	6.00000e+01
9.60000e-04	1.57261e+00	6.00000e+01
1.52000e-03	1.37350e+00	6.00000e+01
2.08000e-03	1.24966e+00	6.00000e+01
2.64000e-03	1.16152e+00	6.00000e+01
1.60000e-03	1.10888e+00	2.70000e+01
3.84000e-03	8.67479e-01	2.70000e+01
6.08000e-03	7.56148e-01	2.70000e+01
8.32000e-03	6.85182e-01	2.70000e+01
1.05600e-02	6.33593e-01	2.70000e+01
4.30000e-04	1.97814e+00	6.00000e+01
1.03200e-03	1.53980e+00	6.00000e+01
1.63400e-03	1.34412e+00	6.00000e+01
2.23600e-03	1.22240e+00	6.00000e+01
2.83800e-03	1.13575e+00	6.00000e+01
2.50000e-03	9.80584e-01	2.70000e+01
6.00000e-03	7.59229e-01	2.70000e+01
9.50000e-03	6.56251e-01	2.70000e+01
1.30000e-02	5.90057e-01	2.70000e+01
1.65000e-02	5.41552e-01	2.70000e+01
4.70000e-04	1.92927e+00	6.00000e+01
1.12800e-03	1.50022e+00	6.00000e+01
1.78600e-03	1.30867e+00	6.00000e+01
2.44400e-03	1.18950e+00	6.00000e+01
3.10200e-03	1.10464e+00	6.00000e+01
4.00000e-03	8.57201e-01	2.70000e+01
9.60000e-03	6.53992e-01	2.70000e+01
1.52000e-02	5.58092e-01	2.70000e+01
2.08000e-02	4.95642e-01	2.70000e+01
2.64000e-02	4.49342e-01	2.70000e+01
5.50000e-04	1.84542e+00	6.00000e+01
1.32000e-03	1.43231e+00	6.00000e+01
2.09000e-03	1.24784e+00	6.00000e+01
2.86000e-03	1.13302e+00	6.00000e+01
3.63000e-03	1.05123e+00	6.00000e+01
6.50000e-04	1.75973e+00	6.00000e+01
1.56000e-03	1.36289e+00	6.00000e+01
2.47000e-03	1.18563e+00	6.00000e+01
3.38000e-03	1.07524e+00	6.00000e+01
4.29000e-03	9.96538e-01	6.00000e+01
6.50000e-04	1.75973e+00	6.00000e+01
1.56000e-03	1.36289e+00	6.00000e+01
2.47000e-03	1.18563e+00	6.00000e+01
3.38000e-03	1.07524e+00	6.00000e+01
4.29000e-03	9.96538e-01	6.00000e+01
7.50000e-04	1.68901e+00	6.00000e+01
1.80000e-03	1.30560e+00	6.00000e+01
2.85000e-03	1.13426e+00	6.00000e+01
3.90000e-03	1.02748e+00	6.00000e+01
4.95000e-03	9.51311e-01	6.00000e+01
2.30000e-04	1.98969e+00	3.50000e+01
5.52000e-04	1.58520e+00	3.50000e+01
8.74000e-04	1.40196e+00	3.50000e+01
1.19600e-03	1.28703e+00	3.50000e+01
1.51800e-03	1.20476e+00	3.50000e+01
1.00000e-03	1.55402e+00	6.00000e+01
2.40000e-03	1.19616e+00	6.00000e+01
3.80000e-03	1.03604e+00	6.00000e+01
5.20000e-03	9.36072e-01	6.00000e+01
6.60000e-03	8.64619e-01	6.00000e+01
2.50000e-04	1.94774e+00	3.50000e+01
6.00000e-04	1.55057e+00	3.50000e+01
9.50000e-04	1.37064e+00	3.50000e+01
1.30000e-03	1.25777e+00	3.50000e+01
1.65000e-03	1.17697e+00	3.50000e+01
1.60000e-03	1.35261e+00	6.00000e+01
3.84000e-03	1.03258e+00	6.00000e+01
6.08000e-03	8.88797e-01	6.00000e+01
8.32000e-03	7.98611e-01	6.00000e+01
1.05600e-02	7.33837e-01	6.00000e+01
2.65500e-04	1.91794e+00	3.50000e+01
6.37200e-04	1.52597e+00	3.50000e+01
1.00890e-03	1.34839e+00	3.50000e+01
1.38060e-03	1.23699e+00	3.50000e+01
1.75230e-03	1.15723e+00	3.50000e+01
2.50000e-03	1.18123e+00	6.00000e+01
6.00000e-03	8.92739e-01	6.00000e+01
9.50000e-03	7.62200e-01	6.00000e+01
1.30000e-02	6.79725e-01	6.00000e+01
1.65000e-02	6.20064e-01	6.00000e+01
2.87000e-04	1.87995e+00	3.50000e+01
6.88800e-04	1.49461e+00	3.50000e+01
1.09060e-03	1.32002e+00	3.50000e+01
1.49240e-03	1.21049e+00	3.50000e+01
1.89420e-03	1.13205e+00	3.50000e+01
4.00000e-03	1.01920e+00	6.00000e+01
9.60000e-03	7.59366e-01	6.00000e+01
1.52000e-02	6.40331e-01	6.00000e+01
2.08000e-02	5.64234e-01	6.00000e+01
2.64000e-02	5.08586e-01	6.00000e+01
3.08000e-04	1.84605e+00	3.50000e+01
7.39200e-04	1.46663e+00	3.50000e+01
1.17040e-03	1.29471e+00	3.50000e+01
1.60160e-03	1.18683e+00	3.50000e+01
2.03280e-03	1.10958e+00	3.50000e+01
3.28500e-04	1.81558e+00	3.50000e+01
7.88400e-04	1.44147e+00	3.50000e+01
1.24830e-03	1.27194e+00	3.50000e+01
1.70820e-03	1.16556e+00	3.50000e+01
2.16810e-03	1.08937e+00	3.50000e+01
4.00000e-04	1.72506e+00	3.50000e+01
9.60000e-04	1.36674e+00	3.50000e+01
1.52000e-03	1.20431e+00	3.50000e+01
2.08000e-03	1.10235e+00	3.50000e+01
2.64000e-03	1.02928e+00	3.50000e+01
4.00000e-04	1.72506e+00	3.50000e+01
9.60000e-04	1.36674e+00	3.50000e+01
1.52000e-03	1.20431e+00	3.50000e+01
2.08000e-03	1.10235e+00	3.50000e+01
2.64000e-03	1.02928e+00	3.50000e+01
5.00000e-04	1.62712e+00	3.50000e+01
1.20000e-03	1.28585e+00	3.50000e+01
1.90000e-03	1.13107e+00	3.50000e+01
2.60000e-03	1.03385e+00	3.50000e+01
3.30000e-03	9.64126e-01	3.50000e+01
6.50000e-04	1.51791e+00	3.50000e+01
1.56000e-03	1.19561e+00	3.50000e+01
2.47000e-03	1.04931e+00	3.50000e+01
3.38000e-03	9.57309e-01	3.50000e+01
4.29000e-03	8.91252e-01	3.50000e+01
4.61000e-04	2.02205e+00	7.00000e+01
1.10640e-03	1.56506e+00	7.00000e+01
1.75180e-03	1.36194e+00	7.00000e+01
2.39720e-03	1.23591e+00	7.00000e+01
3.04260e-03	1.14635e+00	7.00000e+01
5.00000e-04	1.97538e+00	7.00000e+01
1.20000e-03	1.52747e+00	7.00000e+01
1.90000e-03	1.32838e+00	7.00000e+01
2.60000e-03	1.20482e+00	7.00000e+01
3.30000e-03	1.11700e+00	7.00000e+01
5.50000e-04	1.92178e+00	7.00000e+01
1.32000e-03	1.48430e+00	7.00000e+01
2.09000e-03	1.28982e+00	7.00000e+01
2.86000e-03	1.16910e+00	7.00000e+01
3.63000e-03	1.08327e+00	7.00000e+01
6.20000e-04	1.85618e+00	7.00000e+01
1.48800e-03	1.43147e+00	7.00000e+01
2.35600e-03	1.24262e+00	7.00000e+01
3.22400e-03	1.12536e+00	7.00000e+01
4.09200e-03	1.04195e+00	7.00000e+01
1.00000e-03	1.90560e+00	1.50000e+02
2.40000e-03	1.42506e+00	1.50000e+02
3.80000e-03	1.21580e+00	1.50000e+02
5.20000e-03	1.08731e+00	1.50000e+02
6.60000e-03	9.96597e-01	1.50000e+02
6.50000e-04	1.83084e+00	7.00000e+01
1.56000e-03	1.41105e+00	7.00000e+01
2.47000e-03	1.22438e+00	7.00000e+01
3.38000e-03	1.10845e+00	7.00000e+01
4.29000e-03	1.02597e+00	7.00000e+01
1.60000e-03	1.63313e+00	1.50000e+02
3.84000e-03	1.21133e+00	1.50000e+02
6.08000e-03	1.02718e+00	1.50000e+02
8.32000e-03	9.13706e-01	1.50000e+02
1.05600e-02	8.33277e-01	1.50000e+02
6.50000e-04	1.83084e+00	7.00000e+01
1.56000e-03	1.41105e+00	7.00000e+01
2.47000e-03	1.22438e+00	7.00000e+01
3.38000e-03	1.10845e+00	7.00000e+01
4.29000e-03	1.02597e+00	7.00000e+01
1.60000e-03	1.63313e+00	1.50000e+02
3.84000e-03	1.21133e+00	1.50000e+02
6.08000e-03	1.02718e+00	1.50000e+02
8.32000e-03	9.13706e-01	1.50000e+02
1.05600e-02	8.33277e-01	1.50000e+02
1.00000e-03	1.61293e+00	7.00000e+01
2.40000e-03	1.23546e+00	7.00000e+01
3.80000e-03	1.06734e+00	7.00000e+01
5.20000e-03	9.62697e-01	7.00000e+01
6.60000e-03	8.88057e-01	7.00000e+01
2.50000e-03	1.40538e+00	1.50000e+02
6.00000e-03	1.03218e+00	1.50000e+02
9.50000e-03	8.68380e-01	1.50000e+02
1.30000e-02	7.66833e-01	1.50000e+02
1.65000e-02	6.94414e-01	1.50000e+02
1.00000e-03	1.61293e+00	7.00000e+01
2.40000e-03	1.23546e+00	7.00000e+01
3.80000e-03	1.06734e+00	7.00000e+01
5.20000e-03	9.62697e-01	7.00000e+01
6.60000e-03	8.88057e-01	7.00000e+01
4.00000e-03	1.19403e+00	1.50000e+02
9.60000e-03	8.64864e-01	1.50000e+02
1.52000e-02	7.18913e-01	1.50000e+02
2.08000e-02	6.27494e-01	1.50000e+02
2.64000e-02	5.61653e-01	1.50000e+02
1.25000e-03	1.50886e+00	7.00000e+01
3.00000e-03	1.15150e+00	7.00000e+01
4.75000e-03	9.92115e-01	7.00000e+01
6.50000e-03	8.92718e-01	7.00000e+01
8.25000e-03	8.21687e-01	7.00000e+01
1.60000e-03	1.40021e+00	7.00000e+01
3.84000e-03	1.06372e+00	7.00000e+01
6.08000e-03	9.13298e-01	7.00000e+01
8.32000e-03	8.19236e-01	7.00000e+01
1.05600e-02	7.51833e-01	7.00000e+01
2.50000e-03	1.21976e+00	7.00000e+01
6.00000e-03	9.17415e-01	7.00000e+01
9.50000e-03	7.81331e-01	7.00000e+01
1.30000e-02	6.95634e-01	7.00000e+01
1.65000e-02	6.33796e-01	7.00000e+01
4.00000e-03	1.04970e+00	7.00000e+01
9.60000e-03	7.78382e-01	7.00000e+01
1.52000e-02	6.54788e-01	7.00000e+01
2.08000e-02	5.76056e-01	7.00000e+01
2.64000e-02	5.18632e-01	7.00000e+01
1.30000e-03	1.84442e+00	2.00000e+02
3.12000e-03	1.36137e+00	2.00000e+02
4.94000e-03	1.15251e+00	2.00000e+02
6.76000e-03	1.02468e+00	2.00000e+02
8.58000e-03	9.34608e-01	2.00000e+02
1.60000e-03	1.71855e+00	2.00000e+02
3.84000e-03	1.26361e+00	2.00000e+02
6.08000e-03	1.06665e+00	2.00000e+02
8.32000e-03	9.45912e-01	2.00000e+02
1.05600e-02	8.60665e-01	2.00000e+02
6.50000e-04	1.94803e+00	9.00000e+01
1.56000e-03	1.48946e+00	9.00000e+01
2.47000e-03	1.28702e+00	9.00000e+01
3.38000e-03	1.16184e+00	9.00000e+01
4.29000e-03	1.07307e+00	9.00000e+01
1.60000e-03	1.71855e+00	2.00000e+02
3.84000e-03	1.26361e+00	2.00000e+02
6.08000e-03	1.06665e+00	2.00000e+02
8.32000e-03	9.45912e-01	2.00000e+02
1.05600e-02	8.60665e-01	2.00000e+02
7.50000e-04	1.86583e+00	9.00000e+01
1.80000e-03	1.42384e+00	9.00000e+01
2.85000e-03	1.22868e+00	9.00000e+01
3.90000e-03	1.10793e+00	9.00000e+01
4.95000e-03	1.02225e+00	9.00000e+01
2.50000e-03	1.47231e+00	2.00000e+02
6.00000e-03	1.07198e+00	2.00000e+02
9.50000e-03	8.97835e-01	2.00000e+02
1.30000e-02	7.90468e-01	2.00000e+02
1.65000e-02	7.14216e-01	2.00000e+02
1.00000e-03	1.70947e+00	9.00000e+01
2.40000e-03	1.29900e+00	9.00000e+01
3.80000e-03	1.11757e+00	9.00000e+01
5.20000e-03	1.00516e+00	9.00000e+01
6.60000e-03	9.25257e-01	9.00000e+01
2.50000e-03	1.47231e+00	2.00000e+02
6.00000e-03	1.07198e+00	2.00000e+02
9.50000e-03	8.97835e-01	2.00000e+02
1.30000e-02	7.90468e-01	2.00000e+02
1.65000e-02	7.14216e-01	2.00000e+02
1.00000e-03	1.70947e+00	9.00000e+01
2.40000e-03	1.29900e+00	9.00000e+01
3.80000e-03	1.11757e+00	9.00000e+01
5.20000e-03	1.00516e+00	9.00000e+01
6.60000e-03	9.25257e-01	9.00000e+01
4.00000e-03	1.24506e+00	2.00000e+02
9.60000e-03	8.94110e-01	2.00000e+02
1.52000e-02	7.39981e-01	2.00000e+02
2.08000e-02	6.44012e-01	2.00000e+02
2.64000e-02	5.75202e-01	2.00000e+02
1.60000e-03	1.47767e+00	9.00000e+01
3.84000e-03	1.11368e+00	9.00000e+01
6.08000e-03	9.52250e-01	9.00000e+01
8.32000e-03	8.51807e-01	9.00000e+01
1.05600e-02	7.80098e-01	9.00000e+01
2.50000e-03	1.28201e+00	9.00000e+01
6.00000e-03	9.56656e-01	9.00000e+01
9.50000e-03	8.11451e-01	9.00000e+01
1.30000e-02	7.20495e-01	9.00000e+01
1.65000e-02	6.55122e-01	9.00000e+01
4.00000e-03	1.09859e+00	9.00000e+01
9.60000e-03	8.08316e-01	9.00000e+01
1.52000e-02	6.77288e-01	9.00000e+01
2.08000e-02	5.94295e-01	9.00000e+01
2.64000e-02	5.34021e-01	9.00000e+01
8.00000e-04	1.95268e+00	1.20000e+02
1.92000e-03	1.47534e+00	1.20000e+02
3.04000e-03	1.26626e+00	1.20000e+02
4.16000e-03	1.13753e+00	1.20000e+02
5.28000e-03	1.04649e+00	1.20000e+02
1.65000e-03	1.76425e+00	2.50000e+02
3.96000e-03	1.28792e+00	2.50000e+02
6.27000e-03	1.08296e+00	2.50000e+02
8.58000e-03	9.57758e-01	2.50000e+02
1.08900e-02	8.69589e-01	2.50000e+02
8.60000e-04	1.90885e+00	1.20000e+02
2.06400e-03	1.44071e+00	1.20000e+02
3.26800e-03	1.23563e+00	1.20000e+02
4.47200e-03	1.10932e+00	1.20000e+02
5.67600e-03	1.01996e+00	1.20000e+02
2.50000e-03	1.52270e+00	2.50000e+02
6.00000e-03	1.10143e+00	2.50000e+02
9.50000e-03	9.19391e-01	2.50000e+02
1.30000e-02	8.07617e-01	2.50000e+02
1.65000e-02	7.28480e-01	2.50000e+02
9.40000e-04	1.85609e+00	1.20000e+02
2.25600e-03	1.39902e+00	1.20000e+02
3.57200e-03	1.19875e+00	1.20000e+02
4.88800e-03	1.07534e+00	1.20000e+02
6.20400e-03	9.87993e-01	1.20000e+02
2.50000e-03	1.52270e+00	2.50000e+02
6.00000e-03	1.10143e+00	2.50000e+02
9.50000e-03	9.19391e-01	2.50000e+02
1.30000e-02	8.07617e-01	2.50000e+02
1.65000e-02	7.28480e-01	2.50000e+02
1.00000e-03	1.82013e+00	1.20000e+02
2.40000e-03	1.37061e+00	1.20000e+02
3.80000e-03	1.17360e+00	1.20000e+02
5.20000e-03	1.05216e+00	1.20000e+02
6.60000e-03	9.66171e-01	1.20000e+02
4.00000e-03	1.28314e+00	2.50000e+02
9.60000e-03	9.15507e-01	2.50000e+02
1.52000e-02	7.55195e-01	2.50000e+02
2.08000e-02	6.55818e-01	2.50000e+02
2.64000e-02	5.84799e-01	2.50000e+02
1.06000e-03	1.78681e+00	1.20000e+02
2.54400e-03	1.34427e+00	1.20000e+02
4.02800e-03	1.15028e+00	1.20000e+02
5.51200e-03	1.03066e+00	1.20000e+02
6.99600e-03	9.45927e-01	1.20000e+02
1.06000e-03	1.78681e+00	1.20000e+02
2.54400e-03	1.34427e+00	1.20000e+02
4.02800e-03	1.15028e+00	1.20000e+02
5.51200e-03	1.03066e+00	1.20000e+02
6.99600e-03	9.45927e-01	1.20000e+02
1.35000e-03	1.65397e+00	1.20000e+02
3.24000e-03	1.23924e+00	1.20000e+02
5.13000e-03	1.05720e+00	1.20000e+02
7.02000e-03	9.44746e-01	1.20000e+02
8.91000e-03	8.64931e-01	1.20000e+02
1.60000e-03	1.56569e+00	1.20000e+02
3.84000e-03	1.16938e+00	1.20000e+02
6.08000e-03	9.95186e-01	1.20000e+02
8.32000e-03	8.87398e-01	1.20000e+02
1.05600e-02	8.10762e-01	1.20000e+02
1.60000e-03	1.56569e+00	1.20000e+02
3.84000e-03	1.16938e+00	1.20000e+02
6.08000e-03	9.95186e-01	1.20000e+02
8.32000e-03	8.87398e-01	1.20000e+02
1.05600e-02	8.10762e-01	1.20000e+02
2.50000e-03	1.35211e+00	1.20000e+02
6.00000e-03	9.99926e-01	1.20000e+02
9.50000e-03	8.44235e-01	1.20000e+02
1.30000e-02	7.47284e-01	1.20000e+02
1.65000e-02	6.77912e-01	1.20000e+02
4.00000e-03	1.15305e+00	1.20000e+02
9.60000e-03	8.40884e-01	1.20000e+02
1.52000e-02	7.01404e-01	1.20000e+02
2.08000e-02	6.13618e-01	1.20000e+02
2.64000e-02	5.50166e-01	1.20000e+02
1.95000e-03	1.70989e+00	3.00000e+02
4.68000e-03	1.23746e+00	3.00000e+02
7.41000e-03	1.03494e+00	3.00000e+02
1.01400e-02	9.11394e-01	3.00000e+02
1.28700e-02	8.24433e-01	3.00000e+02
2.50000e-03	1.56281e+00	3.00000e+02
6.00000e-03	1.12457e+00	3.00000e+02
9.50000e-03	9.36182e-01	3.00000e+02
1.30000e-02	8.20888e-01	3.00000e+02
1.65000e-02	7.39457e-01	3.00000e+02
2.50000e-03	1.56281e+00	3.00000e+02
6.00000e-03	1.12457e+00	3.00000e+02
9.50000e-03	9.36182e-01	3.00000e+02
1.30000e-02	8.20888e-01	3.00000e+02
1.65000e-02	7.39457e-01	3.00000e+02
4.00000e-03	1.31324e+00	3.00000e+02
9.60000e-03	9.32170e-01	3.00000e+02
1.52000e-02	7.66927e-01	3.00000e+02
2.08000e-02	6.64849e-01	3.00000e+02
2.64000e-02	5.92090e-01	3.00000e+02
4.00000e-03	1.31324e+00	3.00000e+02
9.60000e-03	9.32170e-01	3.00000e+02
1.52000e-02	7.66927e-01	3.00000e+02
2.08000e-02	6.64849e-01	3.00000e+02
2.64000e-02	5.92090e-01	3.00000e+02
2.65000e-03	1.58898e+00	4.00000e+02
6.36000e-03	1.13270e+00	4.00000e+02
1.00700e-02	9.37966e-01	4.00000e+02
1.37800e-02	8.19268e-01	4.00000e+02
1.74900e-02	7.35662e-01	4.00000e+02
4.00000e-03	1.35885e+00	4.00000e+02
9.60000e-03	9.57008e-01	4.00000e+02
1.52000e-02	7.84228e-01	4.00000e+02
2.08000e-02	6.78053e-01	4.00000e+02
2.64000e-02	6.02670e-01	4.00000e+02
4.00000e-03	1.35885e+00	4.00000e+02
9.60000e-03	9.57008e-01	4.00000e+02
1.52000e-02	7.84228e-01	4.00000e+02
2.08000e-02	6.78053e-01	4.00000e+02
2.64000e-02	6.02670e-01	4.00000e+02
3.30000e-03	1.50100e+00	5.00000e+02
7.92000e-03	1.05733e+00	5.00000e+02
1.25400e-02	8.68492e-01	5.00000e+02
1.71600e-02	7.53369e-01	5.00000e+02
2.17800e-02	6.72194e-01	5.00000e+02
4.00000e-03	1.39264e+00	5.00000e+02
9.60000e-03	9.75099e-01	5.00000e+02
1.52000e-02	7.96692e-01	5.00000e+02
2.08000e-02	6.87481e-01	5.00000e+02
2.64000e-02	6.10167e-01	5.00000e+02
4.00000e-03	1.39264e+00	5.00000e+02
9.60000e-03	9.75099e-01	5.00000e+02
1.52000e-02	7.96692e-01	5.00000e+02
2.08000e-02	6.87481e-01	5.00000e+02
2.64000e-02	6.10167e-01	5.00000e+02
4.25000e-03	1.39630e+00	6.50000e+02
1.02000e-02	9.69252e-01	6.50000e+02
1.61500e-02	7.87814e-01	6.50000e+02
2.21000e-02	6.77068e-01	6.50000e+02
2.80500e-02	5.98814e-01	6.50000e+02
4.25000e-03	1.39630e+00	6.50000e+02
1.02000e-02	9.69252e-01	6.50000e+02
1.61500e-02	7.87814e-01	6.50000e+02
2.21000e-02	6.77068e-01	6.50000e+02
2.80500e-02	5.98814e-01	6.50000e+02
