3.10500e-07	7.99307e-02	4.50000e-02
7.45200e-07	7.62185e-02	4.50000e-02
1.17990e-06	7.43109e-02	4.50000e-02
1.61460e-06	7.30237e-02	4.50000e-02
2.04930e-06	7.20531e-02	4.50000e-02
3.31000e-05	2.97075e-01	3.50000e-01
7.94400e-05	2.71204e-01	3.50000e-01
1.25780e-04	2.58036e-01	3.50000e-01
1.72120e-04	2.49213e-01	3.50000e-01
2.18460e-04	2.42597e-01	3.50000e-01
4.48500e-07	1.07839e-01	6.50000e-02
1.07640e-06	1.02455e-01	6.50000e-02
1.70430e-06	9.96876e-02	6.50000e-02
2.33220e-06	9.78204e-02	6.50000e-02
2.96010e-06	9.64122e-02	6.50000e-02
6.50000e-05	2.77042e-01	3.50000e-01
1.56000e-04	2.51964e-01	3.50000e-01
2.47000e-04	2.39221e-01	3.50000e-01
3.38000e-04	2.30693e-01	3.50000e-01
4.29000e-04	2.24305e-01	3.50000e-01
5.10000e-07	1.07039e-01	6.50000e-02
1.22400e-06	1.01677e-01	6.50000e-02
1.93800e-06	9.89206e-02	6.50000e-02
2.65200e-06	9.70602e-02	6.50000e-02
3.36600e-06	9.56571e-02	6.50000e-02
1.10000e-04	2.61848e-01	3.50000e-01
2.64000e-04	2.37400e-01	3.50000e-01
4.18000e-04	2.24997e-01	3.50000e-01
5.72000e-04	2.16707e-01	3.50000e-01
7.26000e-04	2.10503e-01	3.50000e-01
5.85000e-07	1.33558e-01	8.50000e-02
1.40400e-06	1.26496e-01	8.50000e-02
2.22300e-06	1.22867e-01	8.50000e-02
3.04200e-06	1.20418e-01	8.50000e-02
3.86100e-06	1.18571e-01	8.50000e-02
2.50000e-04	2.38890e-01	3.50000e-01
6.00000e-04	2.15457e-01	3.50000e-01
9.50000e-04	2.03608e-01	3.50000e-01
1.30000e-03	1.95705e-01	3.50000e-01
1.65000e-03	1.89800e-01	3.50000e-01
6.70000e-07	1.32450e-01	8.50000e-02
1.60800e-06	1.25419e-01	8.50000e-02
2.54600e-06	1.21805e-01	8.50000e-02
3.48400e-06	1.19365e-01	8.50000e-02
4.42200e-06	1.17526e-01	8.50000e-02
1.25500e-03	1.96585e-01	3.50000e-01
3.01200e-03	1.75297e-01	3.50000e-01
4.76900e-03	1.64625e-01	3.50000e-01
6.52600e-03	1.57545e-01	3.50000e-01
8.28300e-03	1.52277e-01	3.50000e-01
7.80000e-07	1.31215e-01	8.50000e-02
1.87200e-06	1.24218e-01	8.50000e-02
2.96400e-06	1.20620e-01	8.50000e-02
4.05600e-06	1.18191e-01	8.50000e-02
5.14800e-06	1.16359e-01	8.50000e-02
4.41500e-06	3.98555e-01	4.00000e-01
1.05960e-05	3.66341e-01	4.00000e-01
1.67770e-05	3.49925e-01	4.00000e-01
2.29580e-05	3.38914e-01	4.00000e-01
2.91390e-05	3.30651e-01	4.00000e-01
7.55000e-07	1.63389e-01	1.10000e-01
1.81200e-06	1.54227e-01	1.10000e-01
2.86900e-06	1.49520e-01	1.10000e-01
3.92600e-06	1.46344e-01	1.10000e-01
4.98300e-06	1.43950e-01	1.10000e-01
5.50000e-06	3.90353e-01	4.00000e-01
1.32000e-05	3.58449e-01	4.00000e-01
2.09000e-05	3.42195e-01	4.00000e-01
2.86000e-05	3.31295e-01	4.00000e-01
3.63000e-05	3.23116e-01	4.00000e-01
8.65000e-07	1.61948e-01	1.10000e-01
2.07600e-06	1.52827e-01	1.10000e-01
3.28700e-06	1.48139e-01	1.10000e-01
4.49800e-06	1.44976e-01	1.10000e-01
5.70900e-06	1.42592e-01	1.10000e-01
6.65000e-06	3.83330e-01	4.00000e-01
1.59600e-05	3.51692e-01	4.00000e-01
2.52700e-05	3.35578e-01	4.00000e-01
3.45800e-05	3.24773e-01	4.00000e-01
4.38900e-05	3.16668e-01	4.00000e-01
1.01000e-06	1.60315e-01	1.10000e-01
2.42400e-06	1.51239e-01	1.10000e-01
3.83800e-06	1.46573e-01	1.10000e-01
5.25200e-06	1.43424e-01	1.10000e-01
6.66600e-06	1.41050e-01	1.10000e-01
8.50000e-06	3.74335e-01	4.00000e-01
2.04000e-05	3.43043e-01	4.00000e-01
3.23000e-05	3.27109e-01	4.00000e-01
4.42000e-05	3.16430e-01	4.00000e-01
5.61000e-05	3.08419e-01	4.00000e-01
1.21500e-06	1.58377e-01	1.10000e-01
2.91600e-06	1.49355e-01	1.10000e-01
4.61700e-06	1.44714e-01	1.10000e-01
6.31800e-06	1.41583e-01	1.10000e-01
8.01900e-06	1.39220e-01	1.10000e-01
1.10000e-05	3.64992e-01	4.00000e-01
2.64000e-05	3.34061e-01	4.00000e-01
4.18000e-05	3.18319e-01	4.00000e-01
5.72000e-05	3.07770e-01	4.00000e-01
7.26000e-05	2.99859e-01	4.00000e-01
1.03500e-06	2.06941e-01	1.50000e-01
2.48400e-06	1.94427e-01	1.50000e-01
3.93300e-06	1.88001e-01	1.50000e-01
5.38200e-06	1.83669e-01	1.50000e-01
6.83100e-06	1.80404e-01	1.50000e-01
1.84000e-05	3.46667e-01	4.00000e-01
4.41600e-05	3.16460e-01	4.00000e-01
6.99200e-05	3.01101e-01	4.00000e-01
9.56800e-05	2.90817e-01	4.00000e-01
1.21440e-04	2.83108e-01	4.00000e-01
1.18000e-06	2.05043e-01	1.50000e-01
2.83200e-06	1.92584e-01	1.50000e-01
4.48400e-06	1.86185e-01	1.50000e-01
6.13600e-06	1.81870e-01	1.50000e-01
7.78800e-06	1.78618e-01	1.50000e-01
4.41500e-05	3.16468e-01	4.00000e-01
1.05960e-04	2.87506e-01	4.00000e-01
1.67770e-04	2.72812e-01	4.00000e-01
2.29580e-04	2.62987e-01	4.00000e-01
2.91390e-04	2.55633e-01	4.00000e-01
1.38000e-06	2.02788e-01	1.50000e-01
3.31200e-06	1.90393e-01	1.50000e-01
5.24400e-06	1.84026e-01	1.50000e-01
7.17600e-06	1.79732e-01	1.50000e-01
9.10800e-06	1.76496e-01	1.50000e-01
8.80000e-05	2.93544e-01	4.00000e-01
2.11200e-04	2.65585e-01	4.00000e-01
3.34400e-04	2.51431e-01	4.00000e-01
4.57600e-04	2.41982e-01	4.00000e-01
5.80800e-04	2.34918e-01	4.00000e-01
1.65500e-06	2.00186e-01	1.50000e-01
3.97200e-06	1.87864e-01	1.50000e-01
6.28900e-06	1.81533e-01	1.50000e-01
8.60600e-06	1.77263e-01	1.50000e-01
1.09230e-05	1.74044e-01	1.50000e-01
1.47000e-04	2.77001e-01	4.00000e-01
3.52800e-04	2.49805e-01	4.00000e-01
5.58600e-04	2.36065e-01	4.00000e-01
7.64400e-04	2.26906e-01	4.00000e-01
9.70200e-04	2.20064e-01	4.00000e-01
2.07000e-06	1.97003e-01	1.50000e-01
4.96800e-06	1.84770e-01	1.50000e-01
7.86600e-06	1.78483e-01	1.50000e-01
1.07640e-05	1.74241e-01	1.50000e-01
1.36620e-05	1.71044e-01	1.50000e-01
3.15500e-04	2.53203e-01	4.00000e-01
7.57200e-04	2.27179e-01	4.00000e-01
1.19890e-03	2.14078e-01	4.00000e-01
1.64060e-03	2.05364e-01	4.00000e-01
2.08230e-03	1.98867e-01	4.00000e-01
2.51000e-06	1.94280e-01	1.50000e-01
6.02400e-06	1.82123e-01	1.50000e-01
9.53800e-06	1.75872e-01	1.50000e-01
1.30520e-05	1.71655e-01	1.50000e-01
1.65660e-05	1.68475e-01	1.50000e-01
3.66000e-06	4.79148e-01	5.00000e-01
8.78400e-06	4.38647e-01	5.00000e-01
1.39080e-05	4.18064e-01	5.00000e-01
1.90320e-05	4.04283e-01	5.00000e-01
2.41560e-05	3.93955e-01	5.00000e-01
1.57500e-06	2.53619e-01	2.00000e-01
3.78000e-06	2.37013e-01	2.00000e-01
5.98500e-06	2.28495e-01	2.00000e-01
8.19000e-06	2.22756e-01	2.00000e-01
1.03950e-05	2.18434e-01	2.00000e-01
4.30000e-06	4.71566e-01	5.00000e-01
1.03200e-05	4.31376e-01	5.00000e-01
1.63400e-05	4.10956e-01	5.00000e-01
2.23600e-05	3.97288e-01	5.00000e-01
2.83800e-05	3.87045e-01	5.00000e-01
1.84000e-06	2.50632e-01	2.00000e-01
4.41600e-06	2.34115e-01	2.00000e-01
6.99200e-06	2.25642e-01	2.00000e-01
9.56800e-06	2.19933e-01	2.00000e-01
1.21440e-05	2.15633e-01	2.00000e-01
7.90000e-06	4.43464e-01	5.00000e-01
1.89600e-05	4.04448e-01	5.00000e-01
3.00200e-05	3.84650e-01	5.00000e-01
4.10800e-05	3.71408e-01	5.00000e-01
5.21400e-05	3.61491e-01	5.00000e-01
2.20500e-06	2.47177e-01	2.00000e-01
5.29200e-06	2.30763e-01	2.00000e-01
8.37900e-06	2.22341e-01	2.00000e-01
1.14660e-05	2.16666e-01	2.00000e-01
1.45530e-05	2.12392e-01	2.00000e-01
1.06000e-05	4.30174e-01	5.00000e-01
2.54400e-05	3.91728e-01	5.00000e-01
4.02800e-05	3.72232e-01	5.00000e-01
5.51200e-05	3.59198e-01	5.00000e-01
6.99600e-05	3.49441e-01	5.00000e-01
2.76000e-06	2.42920e-01	2.00000e-01
6.62400e-06	2.26632e-01	2.00000e-01
1.04880e-05	2.18273e-01	2.00000e-01
1.43520e-05	2.12640e-01	2.00000e-01
1.82160e-05	2.08398e-01	2.00000e-01
1.38000e-05	4.18409e-01	5.00000e-01
3.31200e-05	3.80477e-01	5.00000e-01
5.24400e-05	3.61254e-01	5.00000e-01
7.17600e-05	3.48409e-01	5.00000e-01
9.10800e-05	3.38796e-01	5.00000e-01
3.34500e-06	2.39302e-01	2.00000e-01
8.02800e-06	2.23120e-01	2.00000e-01
1.27110e-05	2.14814e-01	2.00000e-01
1.73940e-05	2.09217e-01	2.00000e-01
2.20770e-05	2.05000e-01	2.00000e-01
1.99000e-05	4.02342e-01	5.00000e-01
4.77600e-05	3.65126e-01	5.00000e-01
7.56200e-05	3.46285e-01	5.00000e-01
1.03480e-04	3.33703e-01	5.00000e-01
1.31340e-04	3.24293e-01	5.00000e-01
4.24500e-06	2.34850e-01	2.00000e-01
1.01880e-05	2.18797e-01	2.00000e-01
1.61310e-05	2.10557e-01	2.00000e-01
2.20740e-05	2.05003e-01	2.00000e-01
2.80170e-05	2.00819e-01	2.00000e-01
5.00000e-05	3.63225e-01	5.00000e-01
1.20000e-04	3.27842e-01	5.00000e-01
1.90000e-04	3.09982e-01	5.00000e-01
2.60000e-04	2.98080e-01	5.00000e-01
3.30000e-04	2.89192e-01	5.00000e-01
5.50000e-06	2.30051e-01	2.00000e-01
1.32000e-05	2.14137e-01	2.00000e-01
2.09000e-05	2.05966e-01	2.00000e-01
2.86000e-05	2.00459e-01	2.00000e-01
3.63000e-05	1.96311e-01	2.00000e-01
1.25500e-04	3.26078e-01	5.00000e-01
3.01200e-04	2.92580e-01	5.00000e-01
4.76900e-04	2.75737e-01	5.00000e-01
6.52600e-04	2.64541e-01	5.00000e-01
8.28300e-04	2.56196e-01	5.00000e-01
1.99000e-05	2.06832e-01	2.00000e-01
4.77600e-05	1.91576e-01	2.00000e-01
7.56200e-05	1.83741e-01	2.00000e-01
1.03480e-04	1.78461e-01	2.00000e-01
1.31340e-04	1.74484e-01	2.00000e-01
1.84000e-04	3.11213e-01	5.00000e-01
4.41600e-04	2.78520e-01	5.00000e-01
6.99200e-04	2.62112e-01	5.00000e-01
9.56800e-04	2.51218e-01	5.00000e-01
1.21440e-03	2.43106e-01	5.00000e-01
1.25500e-04	1.75241e-01	2.00000e-01
3.01200e-04	1.60892e-01	2.00000e-01
4.76900e-04	1.53537e-01	2.00000e-01
6.52600e-04	1.48589e-01	2.00000e-01
8.28300e-04	1.44869e-01	2.00000e-01
4.00000e-04	2.82121e-01	5.00000e-01
9.60000e-04	2.51103e-01	5.00000e-01
1.52000e-03	2.35602e-01	5.00000e-01
2.08000e-03	2.25338e-01	5.00000e-01
2.64000e-03	2.17710e-01	5.00000e-01
1.97000e-06	2.97736e-01	2.50000e-01
4.72800e-06	2.77026e-01	2.50000e-01
7.48600e-06	2.66417e-01	2.50000e-01
1.02440e-05	2.59278e-01	2.50000e-01
1.30020e-05	2.53905e-01	2.50000e-01
1.60000e-03	2.33906e-01	5.00000e-01
3.84000e-03	2.06030e-01	5.00000e-01
6.08000e-03	1.92223e-01	5.00000e-01
8.32000e-03	1.83132e-01	5.00000e-01
1.05600e-02	1.76404e-01	5.00000e-01
2.30000e-06	2.94023e-01	2.50000e-01
5.52000e-06	2.73430e-01	2.50000e-01
8.74000e-06	2.62882e-01	2.50000e-01
1.19600e-05	2.55782e-01	2.50000e-01
1.51800e-05	2.50439e-01	2.50000e-01
4.76000e-06	5.64658e-01	6.50000e-01
1.14240e-05	5.13082e-01	6.50000e-01
1.80880e-05	4.86993e-01	6.50000e-01
2.47520e-05	4.69579e-01	6.50000e-01
3.14160e-05	4.56557e-01	6.50000e-01
2.76000e-06	2.89680e-01	2.50000e-01
6.62400e-06	2.69224e-01	2.50000e-01
1.04880e-05	2.58745e-01	2.50000e-01
1.43520e-05	2.51692e-01	2.50000e-01
1.82160e-05	2.46384e-01	2.50000e-01
5.60000e-06	5.54899e-01	6.50000e-01
1.34400e-05	5.03778e-01	6.50000e-01
2.12800e-05	4.77930e-01	6.50000e-01
2.91200e-05	4.60682e-01	6.50000e-01
3.69600e-05	4.47787e-01	6.50000e-01
3.45000e-06	2.84404e-01	2.50000e-01
8.28000e-06	2.64114e-01	2.50000e-01
1.31100e-05	2.53719e-01	2.50000e-01
1.79400e-05	2.46723e-01	2.50000e-01
2.27700e-05	2.41458e-01	2.50000e-01
7.90000e-06	5.34514e-01	6.50000e-01
1.89600e-05	4.84359e-01	6.50000e-01
3.00200e-05	4.59025e-01	6.50000e-01
4.10800e-05	4.42131e-01	6.50000e-01
5.21400e-05	4.29508e-01	6.50000e-01
4.18000e-06	2.79900e-01	2.50000e-01
1.00320e-05	2.59751e-01	2.50000e-01
1.58840e-05	2.49428e-01	2.50000e-01
2.17360e-05	2.42480e-01	2.50000e-01
2.75880e-05	2.37252e-01	2.50000e-01
8.20000e-06	5.32329e-01	6.50000e-01
1.96800e-05	4.82278e-01	6.50000e-01
3.11600e-05	4.57001e-01	6.50000e-01
4.26400e-05	4.40145e-01	6.50000e-01
5.41200e-05	4.27551e-01	6.50000e-01
5.30000e-06	2.74373e-01	2.50000e-01
1.27200e-05	2.54397e-01	2.50000e-01
2.01400e-05	2.44163e-01	2.50000e-01
2.75600e-05	2.37274e-01	2.50000e-01
3.49800e-05	2.32091e-01	2.50000e-01
1.99000e-05	4.81659e-01	6.50000e-01
4.77600e-05	4.34132e-01	6.50000e-01
7.56200e-05	4.10201e-01	6.50000e-01
1.03480e-04	3.94274e-01	6.50000e-01
1.31340e-04	3.82393e-01	6.50000e-01
6.90000e-06	2.68286e-01	2.50000e-01
1.65600e-05	2.48501e-01	2.50000e-01
2.62200e-05	2.38364e-01	2.50000e-01
3.58800e-05	2.31541e-01	2.50000e-01
4.55400e-05	2.26408e-01	2.50000e-01
2.99000e-05	4.59243e-01	6.50000e-01
7.17600e-05	4.12893e-01	6.50000e-01
1.13620e-04	3.89592e-01	6.50000e-01
1.55480e-04	3.74101e-01	6.50000e-01
1.97340e-04	3.62554e-01	6.50000e-01
1.15000e-05	2.56665e-01	2.50000e-01
2.76000e-05	2.37243e-01	2.50000e-01
4.37000e-05	2.27293e-01	2.50000e-01
5.98000e-05	2.20598e-01	2.50000e-01
7.59000e-05	2.15561e-01	2.50000e-01
5.00000e-05	4.31713e-01	6.50000e-01
1.20000e-04	3.86870e-01	6.50000e-01
1.90000e-04	3.64376e-01	6.50000e-01
2.60000e-04	3.49443e-01	6.50000e-01
3.30000e-04	3.38323e-01	6.50000e-01
1.99000e-05	2.44427e-01	2.50000e-01
4.77600e-05	2.25388e-01	2.50000e-01
7.56200e-05	2.15638e-01	2.50000e-01
1.03480e-04	2.09080e-01	2.50000e-01
1.31340e-04	2.04147e-01	2.50000e-01
1.25500e-04	3.84644e-01	6.50000e-01
3.01200e-04	3.42559e-01	6.50000e-01
4.76900e-04	3.21545e-01	6.50000e-01
6.52600e-04	3.07634e-01	6.50000e-01
8.28300e-04	2.97299e-01	6.50000e-01
5.50000e-05	2.22376e-01	2.50000e-01
1.32000e-04	2.04044e-01	2.50000e-01
2.09000e-04	1.94668e-01	2.50000e-01
2.86000e-04	1.88367e-01	2.50000e-01
3.63000e-04	1.83633e-01	2.50000e-01
2.39000e-04	3.53419e-01	6.50000e-01
5.73600e-04	3.13314e-01	6.50000e-01
9.08200e-04	2.93362e-01	6.50000e-01
1.24280e-03	2.80185e-01	6.50000e-01
1.57740e-03	2.70411e-01	6.50000e-01
1.25500e-04	2.05085e-01	2.50000e-01
3.01200e-04	1.87335e-01	2.50000e-01
4.76900e-04	1.78273e-01	2.50000e-01
6.52600e-04	1.72192e-01	2.50000e-01
8.28300e-04	1.67628e-01	2.50000e-01
4.00000e-04	3.29497e-01	6.50000e-01
9.60000e-04	2.91005e-01	6.50000e-01
1.52000e-03	2.71917e-01	6.50000e-01
2.08000e-03	2.59335e-01	6.50000e-01
2.64000e-03	2.50017e-01	6.50000e-01
1.97000e-04	1.95865e-01	2.50000e-01
4.72800e-04	1.78442e-01	2.50000e-01
7.48600e-04	1.69559e-01	2.50000e-01
1.02440e-03	1.63603e-01	2.50000e-01
1.30020e-03	1.59136e-01	2.50000e-01
1.60000e-03	2.69834e-01	6.50000e-01
3.84000e-03	2.35802e-01	6.50000e-01
6.08000e-03	2.19088e-01	6.50000e-01
8.32000e-03	2.08137e-01	6.50000e-01
1.05600e-02	2.00062e-01	6.50000e-01
7.90000e-04	1.68530e-01	2.50000e-01
1.89600e-03	1.52176e-01	2.50000e-01
3.00200e-03	1.43884e-01	2.50000e-01
4.10800e-03	1.38345e-01	2.50000e-01
5.21400e-03	1.34202e-01	2.50000e-01
6.20000e-06	6.62289e-01	8.50000e-01
1.48800e-05	5.96821e-01	8.50000e-01
2.35600e-05	5.63898e-01	8.50000e-01
3.22400e-05	5.42003e-01	8.50000e-01
4.09200e-05	5.25677e-01	8.50000e-01
2.56000e-06	3.78534e-01	3.50000e-01
6.14400e-06	3.49690e-01	3.50000e-01
9.72800e-06	3.34960e-01	3.50000e-01
1.33120e-05	3.25068e-01	3.50000e-01
1.68960e-05	3.17635e-01	3.50000e-01
6.90000e-06	6.54099e-01	8.50000e-01
1.65600e-05	5.89068e-01	8.50000e-01
2.62200e-05	5.56378e-01	8.50000e-01
3.58800e-05	5.34644e-01	8.50000e-01
4.55400e-05	5.18441e-01	8.50000e-01
2.56000e-06	3.78534e-01	3.50000e-01
6.14400e-06	3.49690e-01	3.50000e-01
9.72800e-06	3.34960e-01	3.50000e-01
1.33120e-05	3.25068e-01	3.50000e-01
1.68960e-05	3.17635e-01	3.50000e-01
1.00000e-05	6.26098e-01	8.50000e-01
2.40000e-05	5.62593e-01	8.50000e-01
3.80000e-05	5.30718e-01	8.50000e-01
5.20000e-05	5.09545e-01	8.50000e-01
6.60000e-05	4.93772e-01	8.50000e-01
3.05000e-06	3.72681e-01	3.50000e-01
7.32000e-06	3.44043e-01	3.50000e-01
1.15900e-05	3.29421e-01	3.50000e-01
1.58600e-05	3.19600e-01	3.50000e-01
2.01300e-05	3.12223e-01	3.50000e-01
1.00000e-05	6.26098e-01	8.50000e-01
2.40000e-05	5.62593e-01	8.50000e-01
3.80000e-05	5.30718e-01	8.50000e-01
5.20000e-05	5.09545e-01	8.50000e-01
6.60000e-05	4.93772e-01	8.50000e-01
3.31000e-06	3.69961e-01	3.50000e-01
7.94400e-06	3.41419e-01	3.50000e-01
1.25780e-05	3.26847e-01	3.50000e-01
1.72120e-05	3.17060e-01	3.50000e-01
2.18460e-05	3.09709e-01	3.50000e-01
1.99000e-05	5.75877e-01	8.50000e-01
4.77600e-05	5.15239e-01	8.50000e-01
7.56200e-05	4.84895e-01	8.50000e-01
1.03480e-04	4.64777e-01	8.50000e-01
1.31340e-04	4.49812e-01	8.50000e-01
4.14000e-06	3.62569e-01	3.50000e-01
9.93600e-06	3.34289e-01	3.50000e-01
1.57320e-05	3.19852e-01	3.50000e-01
2.15280e-05	3.10159e-01	3.50000e-01
2.73240e-05	3.02877e-01	3.50000e-01
2.50000e-05	5.59720e-01	8.50000e-01
6.00000e-05	5.00044e-01	8.50000e-01
9.50000e-05	4.70213e-01	8.50000e-01
1.30000e-04	4.50450e-01	8.50000e-01
1.65000e-04	4.35755e-01	8.50000e-01
5.00000e-06	3.56385e-01	3.50000e-01
1.20000e-05	3.28326e-01	3.50000e-01
1.90000e-05	3.14004e-01	3.50000e-01
2.60000e-05	3.04388e-01	3.50000e-01
3.30000e-05	2.97166e-01	3.50000e-01
5.00000e-05	5.12167e-01	8.50000e-01
1.20000e-04	4.55447e-01	8.50000e-01
1.90000e-04	4.27193e-01	8.50000e-01
2.60000e-04	4.08515e-01	8.50000e-01
3.30000e-04	3.94651e-01	8.50000e-01
6.35000e-06	3.48623e-01	3.50000e-01
1.52400e-05	3.20842e-01	3.50000e-01
2.41300e-05	3.06665e-01	3.50000e-01
3.30200e-05	2.97148e-01	3.50000e-01
4.19100e-05	2.90001e-01	3.50000e-01
1.25500e-04	4.52645e-01	8.50000e-01
3.01200e-04	3.99927e-01	8.50000e-01
4.76900e-04	3.73804e-01	8.50000e-01
6.52600e-04	3.56592e-01	8.50000e-01
8.28300e-04	3.43847e-01	8.50000e-01
8.25000e-06	3.40210e-01	3.50000e-01
1.98000e-05	3.12732e-01	3.50000e-01
3.13500e-05	2.98714e-01	3.50000e-01
4.29000e-05	2.89305e-01	3.50000e-01
5.44500e-05	2.82241e-01	3.50000e-01
4.00000e-04	3.83674e-01	8.50000e-01
9.60000e-04	3.36104e-01	8.50000e-01
1.52000e-03	3.12711e-01	8.50000e-01
2.08000e-03	2.97368e-01	8.50000e-01
2.64000e-03	2.86046e-01	8.50000e-01
1.60000e-05	3.19327e-01	3.50000e-01
3.84000e-05	2.92614e-01	3.50000e-01
6.08000e-05	2.78998e-01	3.50000e-01
8.32000e-05	2.69866e-01	3.50000e-01
1.05600e-04	2.63013e-01	3.50000e-01
1.60000e-03	3.10167e-01	8.50000e-01
3.84000e-03	2.68843e-01	8.50000e-01
6.08000e-03	2.48729e-01	8.50000e-01
8.32000e-03	2.35618e-01	8.50000e-01
1.05600e-02	2.25986e-01	8.50000e-01
8.80000e-06	8.00290e-01	1.20000e+00
2.11200e-05	7.12823e-01	1.20000e+00
3.34400e-05	6.69239e-01	1.20000e+00
4.57600e-05	6.40422e-01	1.20000e+00
5.80800e-05	6.19026e-01	1.20000e+00
4.00000e-05	1.03630e+00	2.70000e+00
9.60000e-05	8.91167e-01	2.70000e+00
1.52000e-04	8.21204e-01	2.70000e+00
2.08000e-04	7.75855e-01	2.70000e+00
2.64000e-04	7.42669e-01	2.70000e+00
1.00000e-05	7.87159e-01	1.20000e+00
2.40000e-05	7.00536e-01	1.20000e+00
3.80000e-05	6.57403e-01	1.20000e+00
5.20000e-05	6.28895e-01	1.20000e+00
6.60000e-05	6.07735e-01	1.20000e+00
4.00000e-05	1.03630e+00	2.70000e+00
9.60000e-05	8.91167e-01	2.70000e+00
1.52000e-04	8.21204e-01	2.70000e+00
2.08000e-04	7.75855e-01	2.70000e+00
2.64000e-04	7.42669e-01	2.70000e+00
1.00000e-05	7.87159e-01	1.20000e+00
2.40000e-05	7.00536e-01	1.20000e+00
3.80000e-05	6.57403e-01	1.20000e+00
5.20000e-05	6.28895e-01	1.20000e+00
6.60000e-05	6.07735e-01	1.20000e+00
6.50000e-05	9.53876e-01	2.70000e+00
1.56000e-04	8.17375e-01	2.70000e+00
2.47000e-04	7.51824e-01	2.70000e+00
3.38000e-04	7.09428e-01	2.70000e+00
4.29000e-04	6.78451e-01	2.70000e+00
1.60000e-05	7.39934e-01	1.20000e+00
3.84000e-05	6.56439e-01	1.20000e+00
6.08000e-05	6.14969e-01	1.20000e+00
8.32000e-05	5.87603e-01	1.20000e+00
1.05600e-04	5.67315e-01	1.20000e+00
1.00000e-04	8.84780e-01	2.70000e+00
2.40000e-04	7.55804e-01	2.70000e+00
3.80000e-04	6.94076e-01	2.70000e+00
5.20000e-04	6.54231e-01	2.70000e+00
6.60000e-04	6.25158e-01	2.70000e+00
1.60000e-05	7.39934e-01	1.20000e+00
3.84000e-05	6.56439e-01	1.20000e+00
6.08000e-05	6.14969e-01	1.20000e+00
8.32000e-05	5.87603e-01	1.20000e+00
1.05600e-04	5.67315e-01	1.20000e+00
1.60000e-04	8.13656e-01	2.70000e+00
3.84000e-04	6.92716e-01	2.70000e+00
6.08000e-04	6.35048e-01	2.70000e+00
8.32000e-04	5.97901e-01	2.70000e+00
1.05600e-03	5.70838e-01	2.70000e+00
3.15500e-05	6.74668e-01	1.20000e+00
7.57200e-05	5.95742e-01	1.20000e+00
1.19890e-04	5.56695e-01	1.20000e+00
1.64060e-04	5.30991e-01	1.20000e+00
2.08230e-04	5.11968e-01	1.20000e+00
2.50000e-04	7.50157e-01	2.70000e+00
6.00000e-04	6.36656e-01	2.70000e+00
9.50000e-04	5.82722e-01	2.70000e+00
1.30000e-03	5.48050e-01	2.70000e+00
1.65000e-03	5.22825e-01	2.70000e+00
4.00000e-05	6.52689e-01	1.20000e+00
9.60000e-05	5.75372e-01	1.20000e+00
1.52000e-04	5.37177e-01	1.20000e+00
2.08000e-04	5.12055e-01	1.20000e+00
2.64000e-04	4.93475e-01	1.20000e+00
4.00000e-04	6.87435e-01	2.70000e+00
9.60000e-04	5.81537e-01	2.70000e+00
1.52000e-03	5.31399e-01	2.70000e+00
2.08000e-03	4.99233e-01	2.70000e+00
2.64000e-03	4.75864e-01	2.70000e+00
6.50000e-05	6.09077e-01	1.20000e+00
1.56000e-04	5.35067e-01	1.20000e+00
2.47000e-04	4.98617e-01	1.20000e+00
3.38000e-04	4.74688e-01	1.20000e+00
4.29000e-04	4.57014e-01	1.20000e+00
6.50000e-04	6.26989e-01	2.70000e+00
1.56000e-03	5.28673e-01	2.70000e+00
2.47000e-03	4.82296e-01	2.70000e+00
3.38000e-03	4.52604e-01	2.70000e+00
4.29000e-03	4.31064e-01	2.70000e+00
7.90000e-05	5.92070e-01	1.20000e+00
1.89600e-04	5.19393e-01	1.20000e+00
3.00200e-04	4.83645e-01	1.20000e+00
4.10800e-04	4.60195e-01	1.20000e+00
5.21400e-04	4.42885e-01	1.20000e+00
1.00000e-03	5.76935e-01	2.70000e+00
2.40000e-03	4.85096e-01	2.70000e+00
3.80000e-03	4.41913e-01	2.70000e+00
5.20000e-03	4.14315e-01	2.70000e+00
6.60000e-03	3.94321e-01	2.70000e+00
1.99000e-04	5.15551e-01	1.20000e+00
4.77600e-04	4.49204e-01	1.20000e+00
7.56200e-04	4.16775e-01	1.20000e+00
1.03480e-03	3.95583e-01	1.20000e+00
1.31340e-03	3.79984e-01	1.20000e+00
2.50000e-03	4.81124e-01	2.70000e+00
6.00000e-03	4.02214e-01	2.70000e+00
9.50000e-03	3.65355e-01	2.70000e+00
1.30000e-02	3.41886e-01	2.70000e+00
1.65000e-02	3.24926e-01	2.70000e+00
6.50000e-04	4.27273e-01	1.20000e+00
1.56000e-03	3.68997e-01	1.20000e+00
2.47000e-03	3.40762e-01	1.20000e+00
3.38000e-03	3.22406e-01	1.20000e+00
4.29000e-03	3.08945e-01	1.20000e+00
2.50000e-03	3.40042e-01	1.20000e+00
6.00000e-03	2.90714e-01	1.20000e+00
9.50000e-03	2.67066e-01	1.20000e+00
1.30000e-02	2.51786e-01	1.20000e+00
1.65000e-02	2.40631e-01	1.20000e+00
2.03000e-05	1.33635e+00	3.50000e+00
4.87200e-05	1.14578e+00	3.50000e+00
7.71400e-05	1.05416e+00	3.50000e+00
1.05560e-04	9.94862e-01	3.50000e+00
1.33980e-04	9.51523e-01	3.50000e+00
9.25000e-06	9.18069e-01	1.50000e+00
2.22000e-05	8.12205e-01	1.50000e+00
3.51500e-05	7.59761e-01	1.50000e+00
4.81000e-05	7.25210e-01	1.50000e+00
6.10500e-05	6.99625e-01	1.50000e+00
2.16000e-05	1.32214e+00	3.50000e+00
5.18400e-05	1.13307e+00	3.50000e+00
8.20800e-05	1.04221e+00	3.50000e+00
1.12320e-04	9.83435e-01	3.50000e+00
1.42560e-04	9.40481e-01	3.50000e+00
1.10000e-05	8.96501e-01	1.50000e+00
2.64000e-05	7.92176e-01	1.50000e+00
4.18000e-05	7.40549e-01	1.50000e+00
5.72000e-05	7.06557e-01	1.50000e+00
7.26000e-05	6.81398e-01	1.50000e+00
2.30000e-05	1.30787e+00	3.50000e+00
5.52000e-05	1.12032e+00	3.50000e+00
8.74000e-05	1.03024e+00	3.50000e+00
1.19600e-04	9.71977e-01	3.50000e+00
1.51800e-04	9.29411e-01	3.50000e+00
1.60000e-05	8.50898e-01	1.50000e+00
3.84000e-05	7.49917e-01	1.50000e+00
6.08000e-05	7.00060e-01	1.50000e+00
8.32000e-05	6.67279e-01	1.50000e+00
1.05600e-04	6.43041e-01	1.50000e+00
2.56000e-05	1.28379e+00	3.50000e+00
6.14400e-05	1.09882e+00	3.50000e+00
9.72800e-05	1.01005e+00	3.50000e+00
1.33120e-04	9.52674e-01	3.50000e+00
1.68960e-04	9.10767e-01	3.50000e+00
1.60000e-05	8.50898e-01	1.50000e+00
3.84000e-05	7.49917e-01	1.50000e+00
6.08000e-05	7.00060e-01	1.50000e+00
8.32000e-05	6.67279e-01	1.50000e+00
1.05600e-04	6.43041e-01	1.50000e+00
2.65500e-05	1.27567e+00	3.50000e+00
6.37200e-05	1.09157e+00	3.50000e+00
1.00890e-04	1.00325e+00	3.50000e+00
1.38060e-04	9.46174e-01	3.50000e+00
1.75230e-04	9.04491e-01	3.50000e+00
2.50000e-05	7.98442e-01	1.50000e+00
6.00000e-05	7.01467e-01	1.50000e+00
9.50000e-05	6.53723e-01	1.50000e+00
1.30000e-04	6.22386e-01	1.50000e+00
1.65000e-04	5.99244e-01	1.50000e+00
2.86500e-05	1.25882e+00	3.50000e+00
6.87600e-05	1.07655e+00	3.50000e+00
1.08870e-04	9.89165e-01	3.50000e+00
1.48980e-04	9.32706e-01	3.50000e+00
1.89090e-04	8.91487e-01	3.50000e+00
4.00000e-05	7.45400e-01	1.50000e+00
9.60000e-05	6.52661e-01	1.50000e+00
1.52000e-04	6.07144e-01	1.50000e+00
2.08000e-04	5.77324e-01	1.50000e+00
2.64000e-04	5.55332e-01	1.50000e+00
4.00000e-05	1.18686e+00	3.50000e+00
9.60000e-05	1.01253e+00	3.50000e+00
1.52000e-04	9.29180e-01	3.50000e+00
2.08000e-04	8.75412e-01	3.50000e+00
2.64000e-04	8.36200e-01	3.50000e+00
6.50000e-05	6.92994e-01	1.50000e+00
1.56000e-04	6.04636e-01	1.50000e+00
2.47000e-04	5.61413e-01	1.50000e+00
3.38000e-04	5.33152e-01	1.50000e+00
4.29000e-04	5.12341e-01	1.50000e+00
4.00000e-05	1.18686e+00	3.50000e+00
9.60000e-05	1.01253e+00	3.50000e+00
1.52000e-04	9.29180e-01	3.50000e+00
2.08000e-04	8.75412e-01	3.50000e+00
2.64000e-04	8.36200e-01	3.50000e+00
1.00000e-04	6.48529e-01	1.50000e+00
2.40000e-04	5.64054e-01	1.50000e+00
3.80000e-04	5.22856e-01	1.50000e+00
5.20000e-04	4.95968e-01	1.50000e+00
6.60000e-04	4.76193e-01	1.50000e+00
6.50000e-05	1.08763e+00	3.50000e+00
1.56000e-04	9.24632e-01	3.50000e+00
2.47000e-04	8.47005e-01	3.50000e+00
3.38000e-04	7.97041e-01	3.50000e+00
4.29000e-04	7.60662e-01	3.50000e+00
1.60000e-04	6.02198e-01	1.50000e+00
3.84000e-04	5.21942e-01	1.50000e+00
6.08000e-04	4.82935e-01	1.50000e+00
8.32000e-04	4.57528e-01	1.50000e+00
1.05600e-03	4.38871e-01	1.50000e+00
1.00000e-04	1.00490e+00	3.50000e+00
2.40000e-04	8.51706e-01	3.50000e+00
3.80000e-04	7.78998e-01	3.50000e+00
5.20000e-04	7.32293e-01	3.50000e+00
6.60000e-04	6.98332e-01	3.50000e+00
2.50000e-04	5.60307e-01	1.50000e+00
6.00000e-04	4.84030e-01	1.50000e+00
9.50000e-04	4.47080e-01	1.50000e+00
1.30000e-03	4.23059e-01	1.50000e+00
1.65000e-03	4.05445e-01	1.50000e+00
1.60000e-04	9.20216e-01	3.50000e+00
3.84000e-04	7.77401e-01	3.50000e+00
6.08000e-04	7.09874e-01	3.50000e+00
8.32000e-04	6.66585e-01	3.50000e+00
1.05600e-03	6.35155e-01	3.50000e+00
4.00000e-04	5.18391e-01	1.50000e+00
9.60000e-04	4.46262e-01	1.50000e+00
1.52000e-03	4.11446e-01	1.50000e+00
2.08000e-03	3.88860e-01	1.50000e+00
2.64000e-03	3.72322e-01	1.50000e+00
2.50000e-04	8.45037e-01	3.50000e+00
6.00000e-04	7.11751e-01	3.50000e+00
9.50000e-04	6.48946e-01	3.50000e+00
1.30000e-03	6.08763e-01	3.50000e+00
1.65000e-03	5.79627e-01	3.50000e+00
5.00000e-04	4.99275e-01	1.50000e+00
1.20000e-03	4.29097e-01	1.50000e+00
1.90000e-03	3.95280e-01	1.50000e+00
2.60000e-03	3.73365e-01	1.50000e+00
3.30000e-03	3.57329e-01	1.50000e+00
4.00000e-04	7.71201e-01	3.50000e+00
9.60000e-04	6.47570e-01	3.50000e+00
1.52000e-03	5.89521e-01	3.50000e+00
2.08000e-03	5.52455e-01	3.50000e+00
2.64000e-03	5.25616e-01	3.50000e+00
1.60000e-03	4.07687e-01	1.50000e+00
3.84000e-03	3.47412e-01	1.50000e+00
6.08000e-03	3.18629e-01	1.50000e+00
8.32000e-03	3.00073e-01	1.50000e+00
1.05600e-02	2.86547e-01	1.50000e+00
6.50000e-04	7.00467e-01	3.50000e+00
1.56000e-03	5.86374e-01	3.50000e+00
2.47000e-03	5.32995e-01	3.50000e+00
3.38000e-03	4.98978e-01	3.50000e+00
4.29000e-03	4.74380e-01	3.50000e+00
6.50000e-04	4.77442e-01	1.50000e+00
1.56000e-03	4.09539e-01	1.50000e+00
2.47000e-03	3.76885e-01	1.50000e+00
3.38000e-03	3.55748e-01	1.50000e+00
4.29000e-03	3.40295e-01	1.50000e+00
1.00000e-03	6.42228e-01	3.50000e+00
2.40000e-03	5.36210e-01	3.50000e+00
3.80000e-03	4.86760e-01	3.50000e+00
5.20000e-03	4.55301e-01	3.50000e+00
6.60000e-03	4.32579e-01	3.50000e+00
1.23500e-05	1.05258e+00	2.00000e+00
2.96400e-05	9.21402e-01	2.00000e+00
4.69300e-05	8.57042e-01	2.00000e+00
6.42200e-05	8.14887e-01	2.00000e+00
8.15100e-05	7.83805e-01	2.00000e+00
4.00000e-03	4.81491e-01	3.50000e+00
9.60000e-03	3.98863e-01	3.50000e+00
1.52000e-02	3.60677e-01	3.50000e+00
2.08000e-02	3.36505e-01	3.50000e+00
2.64000e-02	3.19108e-01	3.50000e+00
1.46500e-05	1.02611e+00	2.00000e+00
3.51600e-05	8.97122e-01	2.00000e+00
5.56700e-05	8.33911e-01	2.00000e+00
7.61800e-05	7.92537e-01	2.00000e+00
9.66900e-05	7.62047e-01	2.00000e+00
2.61000e-05	1.45525e+00	4.50000e+00
6.26400e-05	1.23590e+00	4.50000e+00
9.91800e-05	1.13149e+00	4.50000e+00
1.35720e-04	1.06430e+00	4.50000e+00
1.72260e-04	1.01540e+00	4.50000e+00
1.63500e-05	1.00932e+00	2.00000e+00
3.92400e-05	8.81739e-01	2.00000e+00
6.21300e-05	8.19266e-01	2.00000e+00
8.50200e-05	7.78394e-01	2.00000e+00
1.07910e-04	7.48284e-01	2.00000e+00
2.96000e-05	1.42204e+00	4.50000e+00
7.10400e-05	1.20659e+00	4.50000e+00
1.12480e-04	1.10414e+00	4.50000e+00
1.53920e-04	1.03826e+00	4.50000e+00
1.95360e-04	9.90332e-01	4.50000e+00
2.50000e-05	9.46032e-01	2.00000e+00
6.00000e-05	8.23900e-01	2.00000e+00
9.50000e-05	7.64274e-01	2.00000e+00
1.30000e-04	7.25334e-01	2.00000e+00
1.65000e-04	6.96684e-01	2.00000e+00
3.09000e-05	1.41083e+00	4.50000e+00
7.41600e-05	1.19670e+00	4.50000e+00
1.17420e-04	1.09492e+00	4.50000e+00
1.60680e-04	1.02949e+00	4.50000e+00
2.03940e-04	9.81884e-01	4.50000e+00
2.50000e-05	9.46032e-01	2.00000e+00
6.00000e-05	8.23900e-01	2.00000e+00
9.50000e-05	7.64274e-01	2.00000e+00
1.30000e-04	7.25334e-01	2.00000e+00
1.65000e-04	6.96684e-01	2.00000e+00
3.41500e-05	1.38499e+00	4.50000e+00
8.19600e-05	1.17395e+00	4.50000e+00
1.29770e-04	1.07371e+00	4.50000e+00
1.77580e-04	1.00930e+00	4.50000e+00
2.25390e-04	9.62455e-01	4.50000e+00
4.00000e-05	8.79069e-01	2.00000e+00
9.60000e-05	7.62951e-01	2.00000e+00
1.52000e-04	7.06454e-01	2.00000e+00
2.08000e-04	6.69632e-01	2.00000e+00
2.64000e-04	6.42579e-01	2.00000e+00
3.66000e-05	1.36731e+00	4.50000e+00
8.78400e-05	1.15838e+00	4.50000e+00
1.39080e-04	1.05920e+00	4.50000e+00
1.90320e-04	9.95498e-01	4.50000e+00
2.41560e-04	9.49179e-01	4.50000e+00
6.50000e-05	8.13293e-01	2.00000e+00
1.56000e-04	7.03351e-01	2.00000e+00
2.47000e-04	6.50051e-01	2.00000e+00
3.38000e-04	6.15385e-01	2.00000e+00
4.29000e-04	5.89956e-01	2.00000e+00
4.09000e-05	1.33931e+00	4.50000e+00
9.81600e-05	1.13376e+00	4.50000e+00
1.55420e-04	1.03628e+00	4.50000e+00
2.12680e-04	9.73693e-01	4.50000e+00
2.69940e-04	9.28206e-01	4.50000e+00
1.00000e-04	7.57809e-01	2.00000e+00
2.40000e-04	6.53297e-01	2.00000e+00
3.80000e-04	6.02794e-01	2.00000e+00
5.20000e-04	5.70009e-01	2.00000e+00
6.60000e-04	5.45992e-01	2.00000e+00
4.09000e-05	1.33931e+00	4.50000e+00
9.81600e-05	1.13376e+00	4.50000e+00
1.55420e-04	1.03628e+00	4.50000e+00
2.12680e-04	9.73693e-01	4.50000e+00
2.69940e-04	9.28206e-01	4.50000e+00
1.60000e-04	7.00336e-01	2.00000e+00
3.84000e-04	6.01677e-01	2.00000e+00
6.08000e-04	5.54172e-01	2.00000e+00
8.32000e-04	5.23398e-01	2.00000e+00
1.05600e-03	5.00887e-01	2.00000e+00
6.50000e-05	1.22723e+00	4.50000e+00
1.56000e-04	1.03552e+00	4.50000e+00
2.47000e-04	9.44943e-01	4.50000e+00
3.38000e-04	8.86915e-01	4.50000e+00
4.29000e-04	8.44802e-01	4.50000e+00
2.50000e-04	6.48691e-01	2.00000e+00
6.00000e-04	5.55501e-01	2.00000e+00
9.50000e-04	5.10782e-01	2.00000e+00
1.30000e-03	4.81871e-01	2.00000e+00
1.65000e-03	4.60753e-01	2.00000e+00
6.50000e-05	1.22723e+00	4.50000e+00
1.56000e-04	1.03552e+00	4.50000e+00
2.47000e-04	9.44943e-01	4.50000e+00
3.38000e-04	8.86915e-01	4.50000e+00
4.29000e-04	8.44802e-01	4.50000e+00
5.00000e-04	5.74035e-01	2.00000e+00
1.20000e-03	4.89126e-01	2.00000e+00
1.90000e-03	4.48599e-01	2.00000e+00
2.60000e-03	4.22479e-01	2.00000e+00
3.30000e-03	4.03441e-01	2.00000e+00
1.00000e-04	1.12968e+00	4.50000e+00
2.40000e-04	9.50414e-01	4.50000e+00
3.80000e-04	8.66014e-01	4.50000e+00
5.20000e-04	8.12045e-01	4.50000e+00
6.60000e-04	7.72930e-01	4.50000e+00
1.60000e-03	4.63437e-01	2.00000e+00
3.84000e-03	3.91699e-01	2.00000e+00
6.08000e-03	3.57763e-01	2.00000e+00
8.32000e-03	3.36001e-01	2.00000e+00
1.05600e-02	3.20197e-01	2.00000e+00
1.60000e-04	1.03035e+00	4.50000e+00
3.84000e-04	8.64166e-01	4.50000e+00
6.08000e-04	7.86212e-01	4.50000e+00
8.32000e-04	7.36465e-01	4.50000e+00
1.05600e-03	7.00461e-01	4.50000e+00
6.50000e-04	5.47507e-01	2.00000e+00
1.56000e-03	4.65655e-01	2.00000e+00
2.47000e-03	4.26667e-01	2.00000e+00
3.38000e-03	4.01567e-01	2.00000e+00
4.29000e-03	3.83287e-01	2.00000e+00
2.50000e-04	9.42653e-01	4.50000e+00
6.00000e-04	7.88373e-01	4.50000e+00
9.50000e-04	7.16246e-01	4.50000e+00
1.30000e-03	6.70304e-01	4.50000e+00
1.65000e-03	6.37096e-01	4.50000e+00
1.54500e-05	1.21197e+00	2.70000e+00
3.70800e-05	1.04961e+00	2.70000e+00
5.87100e-05	9.70753e-01	2.70000e+00
8.03400e-05	9.19420e-01	2.70000e+00
1.01970e-04	8.81740e-01	2.70000e+00
4.00000e-04	8.56990e-01	4.50000e+00
9.60000e-04	7.14670e-01	4.50000e+00
1.52000e-03	6.48363e-01	4.50000e+00
2.08000e-03	6.06207e-01	4.50000e+00
2.64000e-03	5.75775e-01	4.50000e+00
1.83000e-05	1.17933e+00	2.70000e+00
4.39200e-05	1.02005e+00	2.70000e+00
6.95400e-05	9.42797e-01	2.70000e+00
9.51600e-05	8.92546e-01	2.70000e+00
1.20780e-04	8.55679e-01	2.70000e+00
6.50000e-04	7.75387e-01	4.50000e+00
1.56000e-03	6.44778e-01	4.50000e+00
2.47000e-03	5.84134e-01	4.50000e+00
3.38000e-03	5.45650e-01	4.50000e+00
4.29000e-03	5.17904e-01	4.50000e+00
2.04500e-05	1.15823e+00	2.70000e+00
4.90800e-05	1.00098e+00	2.70000e+00
7.77100e-05	9.24772e-01	2.70000e+00
1.06340e-04	8.75227e-01	2.70000e+00
1.34970e-04	8.38891e-01	2.70000e+00
1.00000e-03	7.08555e-01	4.50000e+00
2.40000e-03	5.87777e-01	4.50000e+00
3.80000e-03	5.31860e-01	4.50000e+00
5.20000e-03	4.96431e-01	4.50000e+00
6.60000e-03	4.70915e-01	4.50000e+00
2.04500e-05	1.15823e+00	2.70000e+00
4.90800e-05	1.00098e+00	2.70000e+00
7.77100e-05	9.24772e-01	2.70000e+00
1.06340e-04	8.75227e-01	2.70000e+00
1.34970e-04	8.38891e-01	2.70000e+00
1.60000e-03	6.41301e-01	4.50000e+00
3.84000e-03	5.30642e-01	4.50000e+00
6.08000e-03	4.79563e-01	4.50000e+00
8.32000e-03	4.47253e-01	4.50000e+00
1.05600e-02	4.24010e-01	4.50000e+00
2.50000e-05	1.12074e+00	2.70000e+00
6.00000e-05	9.67131e-01	2.70000e+00
9.50000e-05	8.92810e-01	2.70000e+00
1.30000e-04	8.44534e-01	2.70000e+00
1.65000e-04	8.09152e-01	2.70000e+00
2.50000e-05	1.12074e+00	2.70000e+00
6.00000e-05	9.67131e-01	2.70000e+00
9.50000e-05	8.92810e-01	2.70000e+00
1.30000e-04	8.44534e-01	2.70000e+00
1.65000e-04	8.09152e-01	2.70000e+00
3.77000e-05	1.61453e+00	6.50000e+00
9.04800e-05	1.35307e+00	6.50000e+00
1.43260e-04	1.23040e+00	6.50000e+00
1.96040e-04	1.15213e+00	6.50000e+00
2.48820e-04	1.09548e+00	6.50000e+00
6.96000e-05	1.81963e+00	1.20000e+01
1.67040e-04	1.49600e+00	1.20000e+01
2.64480e-04	1.34742e+00	1.20000e+01
3.61920e-04	1.25373e+00	1.20000e+01
4.59360e-04	1.18650e+00	1.20000e+01
4.01500e-05	1.59446e+00	6.50000e+00
9.63600e-05	1.33569e+00	6.50000e+00
1.52570e-04	1.21434e+00	6.50000e+00
2.08780e-04	1.13693e+00	6.50000e+00
2.64990e-04	1.08092e+00	6.50000e+00
8.05000e-05	1.76194e+00	1.20000e+01
1.93200e-04	1.44745e+00	1.20000e+01
3.05900e-04	1.30321e+00	1.20000e+01
4.18600e-04	1.21231e+00	1.20000e+01
5.31300e-04	1.14710e+00	1.20000e+01
4.27500e-05	1.57466e+00	6.50000e+00
1.02600e-04	1.31855e+00	6.50000e+00
1.62450e-04	1.19851e+00	6.50000e+00
2.22300e-04	1.12196e+00	6.50000e+00
2.82150e-04	1.06658e+00	6.50000e+00
8.05000e-05	1.76194e+00	1.20000e+01
1.93200e-04	1.44745e+00	1.20000e+01
3.05900e-04	1.30321e+00	1.20000e+01
4.18600e-04	1.21231e+00	1.20000e+01
5.31300e-04	1.14710e+00	1.20000e+01
4.76000e-05	1.54121e+00	6.50000e+00
1.14240e-04	1.28962e+00	6.50000e+00
1.80880e-04	1.17180e+00	6.50000e+00
2.47520e-04	1.09670e+00	6.50000e+00
3.14160e-04	1.04239e+00	6.50000e+00
9.10000e-05	1.71457e+00	1.20000e+01
2.18400e-04	1.40763e+00	1.20000e+01
3.45800e-04	1.26697e+00	1.20000e+01
4.73200e-04	1.17836e+00	1.20000e+01
6.00600e-04	1.11482e+00	1.20000e+01
4.93000e-05	1.53042e+00	6.50000e+00
1.18320e-04	1.28029e+00	6.50000e+00
1.87340e-04	1.16319e+00	6.50000e+00
2.56360e-04	1.08856e+00	6.50000e+00
3.25380e-04	1.03459e+00	6.50000e+00
1.00000e-04	1.67890e+00	1.20000e+01
2.40000e-04	1.37767e+00	1.20000e+01
3.80000e-04	1.23971e+00	1.20000e+01
5.20000e-04	1.15284e+00	1.20000e+01
6.60000e-04	1.09055e+00	1.20000e+01
4.93000e-05	1.53042e+00	6.50000e+00
1.18320e-04	1.28029e+00	6.50000e+00
1.87340e-04	1.16319e+00	6.50000e+00
2.56360e-04	1.08856e+00	6.50000e+00
3.25380e-04	1.03459e+00	6.50000e+00
1.00000e-04	1.67890e+00	1.20000e+01
2.40000e-04	1.37767e+00	1.20000e+01
3.80000e-04	1.23971e+00	1.20000e+01
5.20000e-04	1.15284e+00	1.20000e+01
6.60000e-04	1.09055e+00	1.20000e+01
6.50000e-05	1.44746e+00	6.50000e+00
1.56000e-04	1.20871e+00	6.50000e+00
2.47000e-04	1.09719e+00	6.50000e+00
3.38000e-04	1.02620e+00	6.50000e+00
4.29000e-04	9.74905e-01	6.50000e+00
1.60000e-04	1.51064e+00	1.20000e+01
3.84000e-04	1.23672e+00	1.20000e+01
6.08000e-04	1.11164e+00	1.20000e+01
8.32000e-04	1.03300e+00	1.20000e+01
1.05600e-03	9.76672e-01	1.20000e+01
6.50000e-05	1.44746e+00	6.50000e+00
1.56000e-04	1.20871e+00	6.50000e+00
2.47000e-04	1.09719e+00	6.50000e+00
3.38000e-04	1.02620e+00	6.50000e+00
4.29000e-04	9.74905e-01	6.50000e+00
1.60000e-04	1.51064e+00	1.20000e+01
3.84000e-04	1.23672e+00	1.20000e+01
6.08000e-04	1.11164e+00	1.20000e+01
8.32000e-04	1.03300e+00	1.20000e+01
1.05600e-03	9.76672e-01	1.20000e+01
1.00000e-04	1.32554e+00	6.50000e+00
2.40000e-04	1.10390e+00	6.50000e+00
3.80000e-04	1.00071e+00	6.50000e+00
5.20000e-04	9.35147e-01	6.50000e+00
6.60000e-04	8.87835e-01	6.50000e+00
2.50000e-04	1.36488e+00	1.20000e+01
6.00000e-04	1.11508e+00	1.20000e+01
9.50000e-04	1.00131e+00	1.20000e+01
1.30000e-03	9.29879e-01	1.20000e+01
1.65000e-03	8.78765e-01	1.20000e+01
1.00000e-04	1.32554e+00	6.50000e+00
2.40000e-04	1.10390e+00	6.50000e+00
3.80000e-04	1.00071e+00	6.50000e+00
5.20000e-04	9.35147e-01	6.50000e+00
6.60000e-04	8.87835e-01	6.50000e+00
4.00000e-04	1.22511e+00	1.20000e+01
9.60000e-04	9.98843e-01	1.20000e+01
1.52000e-03	8.96058e-01	1.20000e+01
2.08000e-03	8.31616e-01	1.20000e+01
2.64000e-03	7.85543e-01	1.20000e+01
1.60000e-04	1.20233e+00	6.50000e+00
3.84000e-04	9.98463e-01	6.50000e+00
6.08000e-04	9.03880e-01	6.50000e+00
8.32000e-04	8.43892e-01	6.50000e+00
1.05600e-03	8.00662e-01	6.50000e+00
6.50000e-04	1.09445e+00	1.20000e+01
1.56000e-03	8.90551e-01	1.20000e+01
2.47000e-03	7.98161e-01	1.20000e+01
3.38000e-03	7.40311e-01	1.20000e+01
4.29000e-03	6.98987e-01	1.20000e+01
2.50000e-04	1.09438e+00	6.50000e+00
6.00000e-04	9.06493e-01	6.50000e+00
9.50000e-04	8.19596e-01	6.50000e+00
1.30000e-03	7.64577e-01	6.50000e+00
1.65000e-03	7.24974e-01	6.50000e+00
1.00000e-03	9.89291e-01	1.20000e+01
2.40000e-03	8.03669e-01	1.20000e+01
3.80000e-03	7.19732e-01	1.20000e+01
5.20000e-03	6.67231e-01	1.20000e+01
6.60000e-03	6.29756e-01	1.20000e+01
4.00000e-04	9.89728e-01	6.50000e+00
9.60000e-04	8.17704e-01	6.50000e+00
1.52000e-03	7.38395e-01	6.50000e+00
2.08000e-03	6.88266e-01	6.50000e+00
2.64000e-03	6.52225e-01	6.50000e+00
1.60000e-03	8.85213e-01	1.20000e+01
3.84000e-03	7.17919e-01	1.20000e+01
6.08000e-03	6.42426e-01	1.20000e+01
8.32000e-03	5.95258e-01	1.20000e+01
1.05600e-02	5.61614e-01	1.20000e+01
6.50000e-04	8.90801e-01	6.50000e+00
1.56000e-03	7.34124e-01	6.50000e+00
2.47000e-03	6.62112e-01	6.50000e+00
3.38000e-03	6.16671e-01	6.50000e+00
4.29000e-03	5.84036e-01	6.50000e+00
2.50000e-03	7.95858e-01	1.20000e+01
6.00000e-03	6.44493e-01	1.20000e+01
9.50000e-03	5.76313e-01	1.20000e+01
1.30000e-02	5.33755e-01	1.20000e+01
1.65000e-02	5.03419e-01	1.20000e+01
1.00000e-03	8.10366e-01	6.50000e+00
2.40000e-03	6.66424e-01	6.50000e+00
3.80000e-03	6.00438e-01	6.50000e+00
5.20000e-03	5.58855e-01	6.50000e+00
6.60000e-03	5.29021e-01	6.50000e+00
1.60000e-03	7.29981e-01	6.50000e+00
3.84000e-03	5.99005e-01	6.50000e+00
6.08000e-03	5.39122e-01	6.50000e+00
8.32000e-03	5.01440e-01	6.50000e+00
1.05600e-02	4.74429e-01	6.50000e+00
8.70000e-05	1.87143e+00	1.50000e+01
2.08800e-04	1.52957e+00	1.50000e+01
3.30600e-04	1.37367e+00	1.50000e+01
4.52400e-04	1.27573e+00	1.50000e+01
5.74200e-04	1.20562e+00	1.50000e+01
2.50000e-03	6.60309e-01	6.50000e+00
6.00000e-03	5.40769e-01	6.50000e+00
9.50000e-03	4.86244e-01	6.50000e+00
1.30000e-02	4.51977e-01	6.50000e+00
1.65000e-02	4.27436e-01	6.50000e+00
1.00000e-04	1.81286e+00	1.50000e+01
2.40000e-04	1.48071e+00	1.50000e+01
3.80000e-04	1.32937e+00	1.50000e+01
5.20000e-04	1.23434e+00	1.50000e+01
6.60000e-04	1.16633e+00	1.50000e+01
1.00000e-04	1.81286e+00	1.50000e+01
2.40000e-04	1.48071e+00	1.50000e+01
3.80000e-04	1.32937e+00	1.50000e+01
5.20000e-04	1.23434e+00	1.50000e+01
6.60000e-04	1.16633e+00	1.50000e+01
1.14000e-04	1.75924e+00	1.50000e+01
2.73600e-04	1.43603e+00	1.50000e+01
4.33200e-04	1.28888e+00	1.50000e+01
5.92800e-04	1.19652e+00	1.50000e+01
7.52400e-04	1.13044e+00	1.50000e+01
4.93000e-05	1.71491e+00	8.50000e+00
1.18320e-04	1.42445e+00	8.50000e+00
1.87340e-04	1.28952e+00	8.50000e+00
2.56360e-04	1.20391e+00	8.50000e+00
3.25380e-04	1.14219e+00	8.50000e+00
1.23000e-04	1.72880e+00	1.50000e+01
2.95200e-04	1.41069e+00	1.50000e+01
4.67400e-04	1.26592e+00	1.50000e+01
6.39600e-04	1.17508e+00	1.50000e+01
8.11800e-04	1.11010e+00	1.50000e+01
5.25000e-05	1.69251e+00	8.50000e+00
1.26000e-04	1.40529e+00	8.50000e+00
1.99500e-04	1.27194e+00	8.50000e+00
2.73000e-04	1.18735e+00	8.50000e+00
3.46500e-04	1.12638e+00	8.50000e+00
1.60000e-04	1.62705e+00	1.50000e+01
3.84000e-04	1.32609e+00	1.50000e+01
6.08000e-04	1.18934e+00	1.50000e+01
8.32000e-04	1.10360e+00	1.50000e+01
1.05600e-03	1.04229e+00	1.50000e+01
5.60000e-05	1.66978e+00	8.50000e+00
1.34400e-04	1.38587e+00	8.50000e+00
2.12800e-04	1.25412e+00	8.50000e+00
2.91200e-04	1.17056e+00	8.50000e+00
3.69600e-04	1.11035e+00	8.50000e+00
1.60000e-04	1.62705e+00	1.50000e+01
3.84000e-04	1.32609e+00	1.50000e+01
6.08000e-04	1.18934e+00	1.50000e+01
8.32000e-04	1.10360e+00	1.50000e+01
1.05600e-03	1.04229e+00	1.50000e+01
6.20000e-05	1.63445e+00	8.50000e+00
1.48800e-04	1.35570e+00	8.50000e+00
2.35600e-04	1.22646e+00	8.50000e+00
3.22400e-04	1.14452e+00	8.50000e+00
4.09200e-04	1.08549e+00	8.50000e+00
2.50000e-04	1.46665e+00	1.50000e+01
6.00000e-04	1.19309e+00	1.50000e+01
9.50000e-04	1.06909e+00	1.50000e+01
1.30000e-03	9.91444e-01	1.50000e+01
1.65000e-03	9.35977e-01	1.50000e+01
6.45000e-05	1.62089e+00	8.50000e+00
1.54800e-04	1.34414e+00	8.50000e+00
2.45100e-04	1.21585e+00	8.50000e+00
3.35400e-04	1.13454e+00	8.50000e+00
4.25700e-04	1.07597e+00	8.50000e+00
4.00000e-04	1.31338e+00	1.50000e+01
9.60000e-04	1.06641e+00	1.50000e+01
1.52000e-03	9.54734e-01	1.50000e+01
2.08000e-03	8.84888e-01	1.50000e+01
2.64000e-03	8.35036e-01	1.50000e+01
6.95000e-05	1.59555e+00	8.50000e+00
1.66800e-04	1.32253e+00	8.50000e+00
2.64100e-04	1.19605e+00	8.50000e+00
3.61400e-04	1.11590e+00	8.50000e+00
4.58700e-04	1.05818e+00	8.50000e+00
6.50000e-04	1.17058e+00	1.50000e+01
1.56000e-03	9.48759e-01	1.50000e+01
2.47000e-03	8.48681e-01	1.50000e+01
3.38000e-03	7.86164e-01	1.50000e+01
4.29000e-03	7.41579e-01	1.50000e+01
6.95000e-05	1.59555e+00	8.50000e+00
1.66800e-04	1.32253e+00	8.50000e+00
2.64100e-04	1.19605e+00	8.50000e+00
3.61400e-04	1.11590e+00	8.50000e+00
4.58700e-04	1.05818e+00	8.50000e+00
1.00000e-03	1.05602e+00	1.50000e+01
2.40000e-03	8.54640e-01	1.50000e+01
3.80000e-03	7.63954e-01	1.50000e+01
5.20000e-03	7.07359e-01	1.50000e+01
6.60000e-03	6.67023e-01	1.50000e+01
1.00000e-04	1.47677e+00	8.50000e+00
2.40000e-04	1.22148e+00	8.50000e+00
3.80000e-04	1.10352e+00	8.50000e+00
5.20000e-04	1.02889e+00	8.50000e+00
6.60000e-04	9.75185e-01	8.50000e+00
1.60000e-03	9.42969e-01	1.50000e+01
3.84000e-03	7.61997e-01	1.50000e+01
6.08000e-03	6.80654e-01	1.50000e+01
8.32000e-03	6.29940e-01	1.50000e+01
1.05600e-02	5.93819e-01	1.50000e+01
1.00000e-04	1.47677e+00	8.50000e+00
2.40000e-04	1.22148e+00	8.50000e+00
3.80000e-04	1.10352e+00	8.50000e+00
5.20000e-04	1.02889e+00	8.50000e+00
6.60000e-04	9.75185e-01	8.50000e+00
2.50000e-03	8.46191e-01	1.50000e+01
6.00000e-03	6.82879e-01	1.50000e+01
9.50000e-03	6.09595e-01	1.50000e+01
1.30000e-02	5.63945e-01	1.50000e+01
1.65000e-02	5.31449e-01	1.50000e+01
1.60000e-04	1.33454e+00	8.50000e+00
3.84000e-04	1.10096e+00	8.50000e+00
6.08000e-04	9.93381e-01	8.50000e+00
8.32000e-04	9.25431e-01	8.50000e+00
1.05600e-03	8.76601e-01	8.50000e+00
4.00000e-03	7.54415e-01	1.50000e+01
9.60000e-03	6.08016e-01	1.50000e+01
1.52000e-02	5.42427e-01	1.50000e+01
2.08000e-02	5.01604e-01	1.50000e+01
2.64000e-02	4.72561e-01	1.50000e+01
2.50000e-04	1.21058e+00	8.50000e+00
6.00000e-04	9.96346e-01	8.50000e+00
9.50000e-04	8.97973e-01	8.50000e+00
1.30000e-03	8.35933e-01	8.50000e+00
1.65000e-03	7.91399e-01	8.50000e+00
4.00000e-04	1.09100e+00	8.50000e+00
9.60000e-04	8.95837e-01	8.50000e+00
1.52000e-03	8.06479e-01	8.50000e+00
2.08000e-03	7.50213e-01	8.50000e+00
2.64000e-03	7.09865e-01	8.50000e+00
1.04500e-04	1.90376e+00	1.80000e+01
2.50800e-04	1.54921e+00	1.80000e+01
3.97100e-04	1.38833e+00	1.80000e+01
5.43400e-04	1.28754e+00	1.80000e+01
6.89700e-04	1.21552e+00	1.80000e+01
6.50000e-04	9.78548e-01	8.50000e+00
1.56000e-03	8.01678e-01	8.50000e+00
2.47000e-03	7.20925e-01	8.50000e+00
3.38000e-03	6.70153e-01	8.50000e+00
4.29000e-03	6.33782e-01	8.50000e+00
1.18500e-04	1.84869e+00	1.80000e+01
2.84400e-04	1.50357e+00	1.80000e+01
4.50300e-04	1.34708e+00	1.80000e+01
6.16200e-04	1.24908e+00	1.80000e+01
7.82100e-04	1.17907e+00	1.80000e+01
1.00000e-03	8.87552e-01	8.50000e+00
2.40000e-03	7.25751e-01	8.50000e+00
3.80000e-03	6.52051e-01	8.50000e+00
5.20000e-03	6.05772e-01	8.50000e+00
6.60000e-03	5.72647e-01	8.50000e+00
1.34000e-04	1.79624e+00	1.80000e+01
3.21600e-04	1.46015e+00	1.80000e+01
5.09200e-04	1.30785e+00	1.80000e+01
6.96800e-04	1.21251e+00	1.80000e+01
8.84400e-04	1.14441e+00	1.80000e+01
1.60000e-03	7.97023e-01	8.50000e+00
3.84000e-03	6.50455e-01	8.50000e+00
6.08000e-03	5.83855e-01	8.50000e+00
8.32000e-03	5.42085e-01	8.50000e+00
1.05600e-02	5.12215e-01	8.50000e+00
1.34000e-04	1.79624e+00	1.80000e+01
3.21600e-04	1.46015e+00	1.80000e+01
5.09200e-04	1.30785e+00	1.80000e+01
6.96800e-04	1.21251e+00	1.80000e+01
8.84400e-04	1.14441e+00	1.80000e+01
2.50000e-03	7.18908e-01	8.50000e+00
6.00000e-03	5.85682e-01	8.50000e+00
9.50000e-03	5.25274e-01	8.50000e+00
1.30000e-02	4.87430e-01	8.50000e+00
1.65000e-02	4.60388e-01	8.50000e+00
1.64000e-04	1.71296e+00	1.80000e+01
3.93600e-04	1.39128e+00	1.80000e+01
6.23200e-04	1.24567e+00	1.80000e+01
8.52800e-04	1.15457e+00	1.80000e+01
1.08240e-03	1.08953e+00	1.80000e+01
1.64000e-04	1.71296e+00	1.80000e+01
3.93600e-04	1.39128e+00	1.80000e+01
6.23200e-04	1.24567e+00	1.80000e+01
8.52800e-04	1.15457e+00	1.80000e+01
1.08240e-03	1.08953e+00	1.80000e+01
6.50000e-05	1.72507e+00	1.00000e+01
1.56000e-04	1.42478e+00	1.00000e+01
2.47000e-04	1.28620e+00	1.00000e+01
3.38000e-04	1.19858e+00	1.00000e+01
4.29000e-04	1.13558e+00	1.00000e+01
2.50000e-04	1.55039e+00	1.80000e+01
6.00000e-04	1.25714e+00	1.80000e+01
9.50000e-04	1.12469e+00	1.80000e+01
1.30000e-03	1.04190e+00	1.80000e+01
1.65000e-03	9.82849e-01	1.80000e+01
1.00000e-04	1.57112e+00	1.00000e+01
2.40000e-04	1.29451e+00	1.00000e+01
3.80000e-04	1.16725e+00	1.00000e+01
5.20000e-04	1.08691e+00	1.00000e+01
6.60000e-04	1.02921e+00	1.00000e+01
2.50000e-04	1.55039e+00	1.80000e+01
6.00000e-04	1.25714e+00	1.80000e+01
9.50000e-04	1.12469e+00	1.80000e+01
1.30000e-03	1.04190e+00	1.80000e+01
1.65000e-03	9.82849e-01	1.80000e+01
1.60000e-04	1.41682e+00	1.00000e+01
3.84000e-04	1.16448e+00	1.00000e+01
6.08000e-04	1.04875e+00	1.00000e+01
8.32000e-04	9.75819e-01	1.00000e+01
1.05600e-03	9.23491e-01	1.00000e+01
4.00000e-04	1.38591e+00	1.80000e+01
9.60000e-04	1.12183e+00	1.80000e+01
1.52000e-03	1.00281e+00	1.80000e+01
2.08000e-03	9.28514e-01	1.80000e+01
2.64000e-03	8.75552e-01	1.80000e+01
2.50000e-04	1.28273e+00	1.00000e+01
6.00000e-04	1.05194e+00	1.00000e+01
9.50000e-04	9.46385e-01	1.00000e+01
1.30000e-03	8.79963e-01	1.00000e+01
1.65000e-03	8.32356e-01	1.00000e+01
6.50000e-04	1.23307e+00	1.80000e+01
1.56000e-03	9.96452e-01	1.80000e+01
2.47000e-03	8.90043e-01	1.80000e+01
3.38000e-03	8.23687e-01	1.80000e+01
4.29000e-03	7.76421e-01	1.80000e+01
4.00000e-04	1.15376e+00	1.00000e+01
9.60000e-04	9.44096e-01	1.00000e+01
1.52000e-03	8.48470e-01	1.00000e+01
2.08000e-03	7.88384e-01	1.00000e+01
2.64000e-03	7.45360e-01	1.00000e+01
1.00000e-03	1.11074e+00	1.80000e+01
2.40000e-03	8.96372e-01	1.80000e+01
3.80000e-03	8.00135e-01	1.80000e+01
5.20000e-03	7.40176e-01	1.80000e+01
6.60000e-03	6.97492e-01	1.80000e+01
6.50000e-04	1.03282e+00	1.00000e+01
1.56000e-03	8.43339e-01	1.00000e+01
2.47000e-03	7.57148e-01	1.00000e+01
3.38000e-03	7.03066e-01	1.00000e+01
4.29000e-03	6.64378e-01	1.00000e+01
1.60000e-03	9.90290e-01	1.80000e+01
3.84000e-03	7.98061e-01	1.80000e+01
6.08000e-03	7.11912e-01	1.80000e+01
8.32000e-03	6.58286e-01	1.80000e+01
1.05600e-02	6.20134e-01	1.80000e+01
1.00000e-03	9.35220e-01	1.00000e+01
2.40000e-03	7.62293e-01	1.00000e+01
3.80000e-03	6.83805e-01	1.00000e+01
5.20000e-03	6.34614e-01	1.00000e+01
6.60000e-03	5.99453e-01	1.00000e+01
2.50000e-03	8.87398e-01	1.80000e+01
6.00000e-03	7.14266e-01	1.80000e+01
9.50000e-03	6.36793e-01	1.80000e+01
1.30000e-02	5.88606e-01	1.80000e+01
1.65000e-02	5.54341e-01	1.80000e+01
2.50000e-03	7.54997e-01	1.00000e+01
6.00000e-03	6.13285e-01	1.00000e+01
9.50000e-03	5.49237e-01	1.00000e+01
1.30000e-02	5.09185e-01	1.00000e+01
1.65000e-02	4.80599e-01	1.00000e+01
4.00000e-03	7.90023e-01	1.80000e+01
9.60000e-03	6.35125e-01	1.80000e+01
1.52000e-02	5.65913e-01	1.80000e+01
2.08000e-02	5.22897e-01	1.80000e+01
2.64000e-02	4.92325e-01	1.80000e+01
1.45000e-04	1.87240e+00	2.20000e+01
3.48000e-04	1.51630e+00	2.20000e+01
5.51000e-04	1.35562e+00	2.20000e+01
7.54000e-04	1.25526e+00	2.20000e+01
9.57000e-04	1.18369e+00	2.20000e+01
1.00000e-03	1.30883e+00	3.50000e+01
2.40000e-03	1.04705e+00	3.50000e+01
3.80000e-03	9.30619e-01	3.50000e+01
5.20000e-03	8.58438e-01	3.50000e+01
6.60000e-03	8.07230e-01	3.50000e+01
1.60000e-04	1.82882e+00	2.20000e+01
3.84000e-04	1.48045e+00	2.20000e+01
6.08000e-04	1.32334e+00	2.20000e+01
8.32000e-04	1.22523e+00	2.20000e+01
1.05600e-03	1.15528e+00	2.20000e+01
1.60000e-03	1.16134e+00	3.50000e+01
3.84000e-03	9.28117e-01	3.50000e+01
6.08000e-03	8.24513e-01	3.50000e+01
8.32000e-03	7.60329e-01	3.50000e+01
1.05600e-02	7.14814e-01	3.50000e+01
1.72500e-04	1.79615e+00	2.20000e+01
4.14000e-04	1.45359e+00	2.20000e+01
6.55500e-04	1.29916e+00	2.20000e+01
8.97000e-04	1.20274e+00	2.20000e+01
1.13850e-03	1.13400e+00	2.20000e+01
2.50000e-03	1.03617e+00	3.50000e+01
6.00000e-03	8.27336e-01	3.50000e+01
9.50000e-03	7.34672e-01	3.50000e+01
1.30000e-02	6.77299e-01	3.50000e+01
1.65000e-02	6.36629e-01	3.50000e+01
1.94000e-04	1.74621e+00	2.20000e+01
4.65600e-04	1.41256e+00	2.20000e+01
7.37200e-04	1.26223e+00	2.20000e+01
1.00880e-03	1.16839e+00	2.20000e+01
1.28040e-03	1.10152e+00	2.20000e+01
4.00000e-03	9.18426e-01	3.50000e+01
9.60000e-03	7.32683e-01	3.50000e+01
1.52000e-02	6.50353e-01	3.50000e+01
2.08000e-02	5.99405e-01	3.50000e+01
2.64000e-02	5.63304e-01	3.50000e+01
2.50000e-04	1.64273e+00	2.20000e+01
6.00000e-04	1.32764e+00	2.20000e+01
9.50000e-04	1.18583e+00	2.20000e+01
1.30000e-03	1.09738e+00	2.20000e+01
1.65000e-03	1.03436e+00	2.20000e+01
2.50000e-04	1.64273e+00	2.20000e+01
6.00000e-04	1.32764e+00	2.20000e+01
9.50000e-04	1.18583e+00	2.20000e+01
1.30000e-03	1.09738e+00	2.20000e+01
1.65000e-03	1.03436e+00	2.20000e+01
2.96000e-04	1.57699e+00	2.20000e+01
7.10400e-04	1.27376e+00	2.20000e+01
1.12480e-03	1.13740e+00	2.20000e+01
1.53920e-03	1.05237e+00	2.20000e+01
1.95360e-03	9.91810e-01	2.20000e+01
4.00000e-04	1.46582e+00	2.20000e+01
9.60000e-04	1.18278e+00	2.20000e+01
1.52000e-03	1.05566e+00	2.20000e+01
2.08000e-03	9.76443e-01	2.20000e+01
2.64000e-03	9.20050e-01	2.20000e+01
6.50000e-04	1.30184e+00	2.20000e+01
1.56000e-03	1.04887e+00	2.20000e+01
2.47000e-03	9.35474e-01	2.20000e+01
3.38000e-03	8.64885e-01	2.20000e+01
4.29000e-03	8.14664e-01	2.20000e+01
2.95000e-04	1.88761e+00	4.50000e+01
7.08000e-04	1.51015e+00	4.50000e+01
1.12100e-03	1.34214e+00	4.50000e+01
1.53400e-03	1.23795e+00	4.50000e+01
1.94700e-03	1.16402e+00	4.50000e+01
1.00000e-03	1.17092e+00	2.20000e+01
2.40000e-03	9.42212e-01	2.20000e+01
3.80000e-03	8.39854e-01	2.20000e+01
5.20000e-03	7.76188e-01	2.20000e+01
6.60000e-03	7.30918e-01	2.20000e+01
3.17000e-04	1.85348e+00	4.50000e+01
7.60800e-04	1.48258e+00	4.50000e+01
1.20460e-03	1.31752e+00	4.50000e+01
1.64840e-03	1.21518e+00	4.50000e+01
2.09220e-03	1.14257e+00	4.50000e+01
1.60000e-03	1.04230e+00	2.20000e+01
3.84000e-03	8.37650e-01	2.20000e+01
6.08000e-03	7.46207e-01	2.20000e+01
8.32000e-03	6.89377e-01	2.20000e+01
1.05600e-02	6.48989e-01	2.20000e+01
3.50000e-04	1.80746e+00	4.50000e+01
8.40000e-04	1.44541e+00	4.50000e+01
1.33000e-03	1.28434e+00	4.50000e+01
1.82000e-03	1.18450e+00	4.50000e+01
2.31000e-03	1.11366e+00	4.50000e+01
2.50000e-03	9.32658e-01	2.20000e+01
6.00000e-03	7.48703e-01	2.20000e+01
9.50000e-03	6.66619e-01	2.20000e+01
1.30000e-02	6.15642e-01	2.20000e+01
1.65000e-02	5.79431e-01	2.20000e+01
4.00000e-04	1.74712e+00	4.50000e+01
9.60000e-04	1.39671e+00	4.50000e+01
1.52000e-03	1.24088e+00	4.50000e+01
2.08000e-03	1.14430e+00	4.50000e+01
2.64000e-03	1.07580e+00	4.50000e+01
4.00000e-03	8.29111e-01	2.20000e+01
9.60000e-03	6.64854e-01	2.20000e+01
1.52000e-02	5.91657e-01	2.20000e+01
2.08000e-02	5.46230e-01	2.20000e+01
2.64000e-02	5.13977e-01	2.20000e+01
4.00000e-04	1.74712e+00	4.50000e+01
9.60000e-04	1.39671e+00	4.50000e+01
1.52000e-03	1.24088e+00	4.50000e+01
2.08000e-03	1.14430e+00	4.50000e+01
2.64000e-03	1.07580e+00	4.50000e+01
4.60000e-04	1.68603e+00	4.50000e+01
1.10400e-03	1.34742e+00	4.50000e+01
1.74800e-03	1.19691e+00	4.50000e+01
2.39200e-03	1.10365e+00	4.50000e+01
3.03600e-03	1.03750e+00	4.50000e+01
5.50000e-04	1.61089e+00	4.50000e+01
1.32000e-03	1.28684e+00	4.50000e+01
2.09000e-03	1.14288e+00	4.50000e+01
2.86000e-03	1.05370e+00	4.50000e+01
3.63000e-03	9.90460e-01	4.50000e+01
1.57000e-04	1.94570e+00	2.70000e+01
3.76800e-04	1.57011e+00	2.70000e+01
5.96600e-04	1.40130e+00	2.70000e+01
8.16400e-04	1.29608e+00	2.70000e+01
1.03620e-03	1.22116e+00	2.70000e+01
6.50000e-04	1.54355e+00	4.50000e+01
1.56000e-03	1.23259e+00	4.50000e+01
2.47000e-03	1.09451e+00	4.50000e+01
3.38000e-03	1.00899e+00	4.50000e+01
4.29000e-03	9.48360e-01	4.50000e+01
1.67500e-04	1.91529e+00	2.70000e+01
4.02000e-04	1.54522e+00	2.70000e+01
6.36500e-04	1.37894e+00	2.70000e+01
8.71000e-04	1.27531e+00	2.70000e+01
1.10550e-03	1.20153e+00	2.70000e+01
6.50000e-04	1.54355e+00	4.50000e+01
1.56000e-03	1.23259e+00	4.50000e+01
2.47000e-03	1.09451e+00	4.50000e+01
3.38000e-03	1.00899e+00	4.50000e+01
4.29000e-03	9.48360e-01	4.50000e+01
1.77500e-04	1.88843e+00	2.70000e+01
4.26000e-04	1.52324e+00	2.70000e+01
6.74500e-04	1.35920e+00	2.70000e+01
9.23000e-04	1.25698e+00	2.70000e+01
1.17150e-03	1.18421e+00	2.70000e+01
1.00000e-03	1.38213e+00	4.50000e+01
2.40000e-03	1.10269e+00	4.50000e+01
3.80000e-03	9.78749e-01	4.50000e+01
5.20000e-03	9.02031e-01	4.50000e+01
6.60000e-03	8.47661e-01	4.50000e+01
2.05000e-04	1.82320e+00	2.70000e+01
4.92000e-04	1.46992e+00	2.70000e+01
7.79000e-04	1.31132e+00	2.70000e+01
1.06600e-03	1.21253e+00	2.70000e+01
1.35300e-03	1.14221e+00	2.70000e+01
1.60000e-03	1.22457e+00	4.50000e+01
3.84000e-03	9.76088e-01	4.50000e+01
6.08000e-03	8.66006e-01	4.50000e+01
8.32000e-03	7.97908e-01	4.50000e+01
1.05600e-02	7.49666e-01	4.50000e+01
2.05000e-04	1.82320e+00	2.70000e+01
4.92000e-04	1.46992e+00	2.70000e+01
7.79000e-04	1.31132e+00	2.70000e+01
1.06600e-03	1.21253e+00	2.70000e+01
1.35300e-03	1.14221e+00	2.70000e+01
2.50000e-03	1.09109e+00	4.50000e+01
6.00000e-03	8.69003e-01	4.50000e+01
9.50000e-03	7.70709e-01	4.50000e+01
1.30000e-02	7.09934e-01	4.50000e+01
1.65000e-02	6.66894e-01	4.50000e+01
2.50000e-04	1.73678e+00	2.70000e+01
6.00000e-04	1.39932e+00	2.70000e+01
9.50000e-04	1.24796e+00	2.70000e+01
1.30000e-03	1.15372e+00	2.70000e+01
1.65000e-03	1.08666e+00	2.70000e+01
4.00000e-03	9.65783e-01	4.50000e+01
9.60000e-03	7.68600e-01	4.50000e+01
1.52000e-02	6.81413e-01	4.50000e+01
2.08000e-02	6.27532e-01	4.50000e+01
2.64000e-02	5.89386e-01	4.50000e+01
2.50000e-04	1.73678e+00	2.70000e+01
6.00000e-04	1.39932e+00	2.70000e+01
9.50000e-04	1.24796e+00	2.70000e+01
1.30000e-03	1.15372e+00	2.70000e+01
1.65000e-03	1.08666e+00	2.70000e+01
4.00000e-04	1.54712e+00	2.70000e+01
9.60000e-04	1.24470e+00	2.70000e+01
1.52000e-03	1.10931e+00	2.70000e+01
2.08000e-03	1.02509e+00	2.70000e+01
2.64000e-03	9.65197e-01	2.70000e+01
4.00000e-04	1.54712e+00	2.70000e+01
9.60000e-04	1.24470e+00	2.70000e+01
1.52000e-03	1.10931e+00	2.70000e+01
2.08000e-03	1.02509e+00	2.70000e+01
2.64000e-03	9.65197e-01	2.70000e+01
6.50000e-04	1.37177e+00	2.70000e+01
1.56000e-03	1.10209e+00	2.70000e+01
2.47000e-03	9.81571e-01	2.70000e+01
3.38000e-03	9.06671e-01	2.70000e+01
4.29000e-03	8.53443e-01	2.70000e+01
1.00000e-03	1.23207e+00	2.70000e+01
2.40000e-03	9.88726e-01	2.70000e+01
3.80000e-03	8.80135e-01	2.70000e+01
5.20000e-03	8.12697e-01	2.70000e+01
6.60000e-03	7.64796e-01	2.70000e+01
4.00000e-04	1.85715e+00	6.00000e+01
9.60000e-04	1.48018e+00	6.00000e+01
1.52000e-03	1.31307e+00	6.00000e+01
2.08000e-03	1.20968e+00	6.00000e+01
2.64000e-03	1.13642e+00	6.00000e+01
1.60000e-03	1.09510e+00	2.70000e+01
3.84000e-03	8.77799e-01	2.70000e+01
6.08000e-03	7.80969e-01	2.70000e+01
8.32000e-03	7.20880e-01	2.70000e+01
1.05600e-02	6.78220e-01	2.70000e+01
4.30000e-04	1.82280e+00	6.00000e+01
1.03200e-03	1.45258e+00	6.00000e+01
1.63400e-03	1.28850e+00	6.00000e+01
2.23600e-03	1.18698e+00	6.00000e+01
2.83800e-03	1.11507e+00	6.00000e+01
2.50000e-03	9.78582e-01	2.70000e+01
6.00000e-03	7.83610e-01	2.70000e+01
9.50000e-03	6.96838e-01	2.70000e+01
1.30000e-02	6.43025e-01	2.70000e+01
1.65000e-02	6.04837e-01	2.70000e+01
4.70000e-04	1.78138e+00	6.00000e+01
1.12800e-03	1.41931e+00	6.00000e+01
1.78600e-03	1.25888e+00	6.00000e+01
2.44400e-03	1.15964e+00	6.00000e+01
3.10200e-03	1.08934e+00	6.00000e+01
4.00000e-03	8.68750e-01	2.70000e+01
9.60000e-03	6.94973e-01	2.70000e+01
1.52000e-02	6.17727e-01	2.70000e+01
2.08000e-02	5.69853e-01	2.70000e+01
2.64000e-02	5.35893e-01	2.70000e+01
5.50000e-04	1.71040e+00	6.00000e+01
1.32000e-03	1.36233e+00	6.00000e+01
2.09000e-03	1.20816e+00	6.00000e+01
2.86000e-03	1.11281e+00	6.00000e+01
3.63000e-03	1.04528e+00	6.00000e+01
6.50000e-04	1.63796e+00	6.00000e+01
1.56000e-03	1.30419e+00	6.00000e+01
2.47000e-03	1.15643e+00	6.00000e+01
3.38000e-03	1.06506e+00	6.00000e+01
4.29000e-03	1.00035e+00	6.00000e+01
6.50000e-04	1.63796e+00	6.00000e+01
1.56000e-03	1.30419e+00	6.00000e+01
2.47000e-03	1.15643e+00	6.00000e+01
3.38000e-03	1.06506e+00	6.00000e+01
4.29000e-03	1.00035e+00	6.00000e+01
7.50000e-04	1.57826e+00	6.00000e+01
1.80000e-03	1.25632e+00	6.00000e+01
2.85000e-03	1.11383e+00	6.00000e+01
3.90000e-03	1.02575e+00	6.00000e+01
4.95000e-03	9.63372e-01	6.00000e+01
2.30000e-04	1.89409e+00	3.50000e+01
5.52000e-04	1.52104e+00	3.50000e+01
8.74000e-04	1.35429e+00	3.50000e+01
1.19600e-03	1.25066e+00	3.50000e+01
1.51800e-03	1.17702e+00	3.50000e+01
1.00000e-03	1.46454e+00	6.00000e+01
2.40000e-03	1.16518e+00	6.00000e+01
3.80000e-03	1.03278e+00	6.00000e+01
5.20000e-03	9.50950e-01	6.00000e+01
6.60000e-03	8.93022e-01	6.00000e+01
2.50000e-04	1.85514e+00	3.50000e+01
6.00000e-04	1.48939e+00	3.50000e+01
9.50000e-04	1.32597e+00	3.50000e+01
1.30000e-03	1.22442e+00	3.50000e+01
1.65000e-03	1.15227e+00	3.50000e+01
1.60000e-03	1.29560e+00	6.00000e+01
3.84000e-03	1.02994e+00	6.00000e+01
6.08000e-03	9.12562e-01	6.00000e+01
8.32000e-03	8.40060e-01	6.00000e+01
1.05600e-02	7.88749e-01	6.00000e+01
2.65500e-04	1.82751e+00	3.50000e+01
6.37200e-04	1.46696e+00	3.50000e+01
1.00890e-03	1.30589e+00	3.50000e+01
1.38060e-03	1.20582e+00	3.50000e+01
1.75230e-03	1.13472e+00	3.50000e+01
2.50000e-03	1.15278e+00	6.00000e+01
6.00000e-03	9.15755e-01	6.00000e+01
9.50000e-03	8.11125e-01	6.00000e+01
1.30000e-02	7.46525e-01	6.00000e+01
1.65000e-02	7.00820e-01	6.00000e+01
2.87000e-04	1.79232e+00	3.50000e+01
6.88800e-04	1.43839e+00	3.50000e+01
1.09060e-03	1.28033e+00	3.50000e+01
1.49240e-03	1.18214e+00	3.50000e+01
1.89420e-03	1.11238e+00	3.50000e+01
4.00000e-03	1.01894e+00	6.00000e+01
9.60000e-03	8.08883e-01	6.00000e+01
1.52000e-02	7.16234e-01	6.00000e+01
2.08000e-02	6.59055e-01	6.00000e+01
2.64000e-02	6.18613e-01	6.00000e+01
3.08000e-04	1.76096e+00	3.50000e+01
7.39200e-04	1.41295e+00	3.50000e+01
1.17040e-03	1.25756e+00	3.50000e+01
1.60160e-03	1.16105e+00	3.50000e+01
2.03280e-03	1.09249e+00	3.50000e+01
3.28500e-04	1.73280e+00	3.50000e+01
7.88400e-04	1.39010e+00	3.50000e+01
1.24830e-03	1.23713e+00	3.50000e+01
1.70820e-03	1.14212e+00	3.50000e+01
2.16810e-03	1.07464e+00	3.50000e+01
4.00000e-04	1.64936e+00	3.50000e+01
9.60000e-04	1.32245e+00	3.50000e+01
1.52000e-03	1.17663e+00	3.50000e+01
2.08000e-03	1.08610e+00	3.50000e+01
2.64000e-03	1.02180e+00	3.50000e+01
4.00000e-04	1.64936e+00	3.50000e+01
9.60000e-04	1.32245e+00	3.50000e+01
1.52000e-03	1.17663e+00	3.50000e+01
2.08000e-03	1.08610e+00	3.50000e+01
2.64000e-03	1.02180e+00	3.50000e+01
5.00000e-04	1.55941e+00	3.50000e+01
1.20000e-03	1.24960e+00	3.50000e+01
1.90000e-03	1.11151e+00	3.50000e+01
2.60000e-03	1.02581e+00	3.50000e+01
3.30000e-03	9.64966e-01	3.50000e+01
6.50000e-04	1.45961e+00	3.50000e+01
1.56000e-03	1.16886e+00	3.50000e+01
2.47000e-03	1.03938e+00	3.50000e+01
3.38000e-03	9.59049e-01	3.50000e+01
4.29000e-03	9.02037e-01	3.50000e+01
4.61000e-04	1.84578e+00	7.00000e+01
1.10640e-03	1.46853e+00	7.00000e+01
1.75180e-03	1.30162e+00	7.00000e+01
2.39720e-03	1.19845e+00	7.00000e+01
3.04260e-03	1.12540e+00	7.00000e+01
5.00000e-04	1.80718e+00	7.00000e+01
1.20000e-03	1.43760e+00	7.00000e+01
1.90000e-03	1.27411e+00	7.00000e+01
2.60000e-03	1.17306e+00	7.00000e+01
3.30000e-03	1.10152e+00	7.00000e+01
5.50000e-04	1.76287e+00	7.00000e+01
1.32000e-03	1.40209e+00	7.00000e+01
2.09000e-03	1.24254e+00	7.00000e+01
2.86000e-03	1.14393e+00	7.00000e+01
3.63000e-03	1.07413e+00	7.00000e+01
6.20000e-04	1.70866e+00	7.00000e+01
1.48800e-03	1.35867e+00	7.00000e+01
2.35600e-03	1.20394e+00	7.00000e+01
3.22400e-03	1.10832e+00	7.00000e+01
4.09200e-03	1.04065e+00	7.00000e+01
6.50000e-04	1.68772e+00	7.00000e+01
1.56000e-03	1.34191e+00	7.00000e+01
2.47000e-03	1.18903e+00	7.00000e+01
3.38000e-03	1.09458e+00	7.00000e+01
4.29000e-03	1.02772e+00	7.00000e+01
6.50000e-04	1.68772e+00	7.00000e+01
1.56000e-03	1.34191e+00	7.00000e+01
2.47000e-03	1.18903e+00	7.00000e+01
3.38000e-03	1.09458e+00	7.00000e+01
4.29000e-03	1.02772e+00	7.00000e+01
1.00000e-03	1.50796e+00	7.00000e+01
2.40000e-03	1.19808e+00	7.00000e+01
3.80000e-03	1.06122e+00	7.00000e+01
5.20000e-03	9.76697e-01	7.00000e+01
6.60000e-03	9.16893e-01	7.00000e+01
1.00000e-03	1.50796e+00	7.00000e+01
2.40000e-03	1.19808e+00	7.00000e+01
3.80000e-03	1.06122e+00	7.00000e+01
5.20000e-03	9.76697e-01	7.00000e+01
6.60000e-03	9.16893e-01	7.00000e+01
1.25000e-03	1.42228e+00	7.00000e+01
3.00000e-03	1.12960e+00	7.00000e+01
4.75000e-03	1.00039e+00	7.00000e+01
6.50000e-03	9.20613e-01	7.00000e+01
8.25000e-03	8.64174e-01	7.00000e+01
1.60000e-03	1.33301e+00	7.00000e+01
3.84000e-03	1.05828e+00	7.00000e+01
6.08000e-03	9.37062e-01	7.00000e+01
8.32000e-03	8.62238e-01	7.00000e+01
1.05600e-02	8.09310e-01	7.00000e+01
2.50000e-03	1.18526e+00	7.00000e+01
6.00000e-03	9.40358e-01	7.00000e+01
9.50000e-03	8.32389e-01	7.00000e+01
1.30000e-02	7.65772e-01	7.00000e+01
1.65000e-02	7.18663e-01	7.00000e+01
4.00000e-03	1.04692e+00	7.00000e+01
9.60000e-03	8.30076e-01	7.00000e+01
1.52000e-02	7.34548e-01	7.00000e+01
2.08000e-02	6.75632e-01	7.00000e+01
2.64000e-02	6.33979e-01	7.00000e+01
6.50000e-04	1.76752e+00	9.00000e+01
1.56000e-03	1.40236e+00	9.00000e+01
2.47000e-03	1.24128e+00	9.00000e+01
3.38000e-03	1.14187e+00	9.00000e+01
4.29000e-03	1.07156e+00	9.00000e+01
7.50000e-04	1.70208e+00	9.00000e+01
1.80000e-03	1.35013e+00	9.00000e+01
2.85000e-03	1.19492e+00	9.00000e+01
3.90000e-03	1.09914e+00	9.00000e+01
4.95000e-03	1.03142e+00	9.00000e+01
1.00000e-03	1.57757e+00	9.00000e+01
2.40000e-03	1.25080e+00	9.00000e+01
3.80000e-03	1.10678e+00	9.00000e+01
5.20000e-03	1.01794e+00	9.00000e+01
6.60000e-03	9.55123e-01	9.00000e+01
1.00000e-03	1.57757e+00	9.00000e+01
2.40000e-03	1.25080e+00	9.00000e+01
3.80000e-03	1.10678e+00	9.00000e+01
5.20000e-03	1.01794e+00	9.00000e+01
6.60000e-03	9.55123e-01	9.00000e+01
1.60000e-03	1.39298e+00	9.00000e+01
3.84000e-03	1.10370e+00	9.00000e+01
6.08000e-03	9.76303e-01	9.00000e+01
8.32000e-03	8.97754e-01	9.00000e+01
1.05600e-02	8.42233e-01	9.00000e+01
2.50000e-03	1.23730e+00	9.00000e+01
6.00000e-03	9.79765e-01	9.00000e+01
9.50000e-03	8.66438e-01	9.00000e+01
1.30000e-02	7.96587e-01	9.00000e+01
1.65000e-02	7.47227e-01	9.00000e+01
4.00000e-03	1.09175e+00	9.00000e+01
9.60000e-03	8.64012e-01	9.00000e+01
1.52000e-02	7.63868e-01	9.00000e+01
2.08000e-02	7.02166e-01	9.00000e+01
2.64000e-02	6.58574e-01	9.00000e+01
