3.10500e-07	7.72859e-02	4.50000e-02
7.45200e-07	7.27863e-02	4.50000e-02
1.17990e-06	7.04871e-02	4.50000e-02
1.61460e-06	6.89418e-02	4.50000e-02
2.04930e-06	6.77802e-02	4.50000e-02
3.31000e-05	3.03760e-01	3.50000e-01
7.94400e-05	2.76631e-01	3.50000e-01
1.25780e-04	2.62928e-01	3.50000e-01
1.72120e-04	2.53765e-01	3.50000e-01
2.18460e-04	2.46889e-01	3.50000e-01
4.48500e-07	1.06966e-01	6.50000e-02
1.07640e-06	1.00515e-01	6.50000e-02
1.70430e-06	9.72220e-02	6.50000e-02
2.33220e-06	9.50107e-02	6.50000e-02
2.96010e-06	9.33490e-02	6.50000e-02
6.50000e-05	2.82727e-01	3.50000e-01
1.56000e-04	2.56623e-01	3.50000e-01
2.47000e-04	2.43376e-01	3.50000e-01
3.38000e-04	2.34480e-01	3.50000e-01
4.29000e-04	2.27793e-01	3.50000e-01
5.10000e-07	1.06004e-01	6.50000e-02
1.22400e-06	9.95877e-02	6.50000e-02
1.93800e-06	9.63126e-02	6.50000e-02
2.65200e-06	9.41131e-02	6.50000e-02
3.36600e-06	9.24598e-02	6.50000e-02
1.10000e-04	2.66890e-01	3.50000e-01
2.64000e-04	2.41479e-01	3.50000e-01
4.18000e-04	2.28519e-01	3.50000e-01
5.72000e-04	2.19811e-01	3.50000e-01
7.26000e-04	2.13271e-01	3.50000e-01
5.85000e-07	1.34568e-01	8.50000e-02
1.40400e-06	1.26194e-01	8.50000e-02
2.22300e-06	1.21924e-01	8.50000e-02
3.04200e-06	1.19059e-01	8.50000e-02
3.86100e-06	1.16906e-01	8.50000e-02
2.50000e-04	2.43031e-01	3.50000e-01
6.00000e-04	2.18494e-01	3.50000e-01
9.50000e-04	2.05976e-01	3.50000e-01
1.30000e-03	1.97571e-01	3.50000e-01
1.65000e-03	1.91246e-01	3.50000e-01
6.70000e-07	1.33249e-01	8.50000e-02
1.60800e-06	1.24924e-01	8.50000e-02
2.54600e-06	1.20680e-01	8.50000e-02
3.48400e-06	1.17831e-01	8.50000e-02
4.42200e-06	1.15690e-01	8.50000e-02
1.25500e-03	1.98510e-01	3.50000e-01
3.01200e-03	1.75399e-01	3.50000e-01
4.76900e-03	1.63266e-01	3.50000e-01
6.52600e-03	1.54920e-01	3.50000e-01
8.28300e-03	1.48538e-01	3.50000e-01
7.80000e-07	1.31781e-01	8.50000e-02
1.87200e-06	1.23510e-01	8.50000e-02
2.96400e-06	1.19294e-01	8.50000e-02
4.05600e-06	1.16464e-01	8.50000e-02
5.14800e-06	1.14336e-01	8.50000e-02
4.41500e-06	4.09648e-01	4.00000e-01
1.05960e-05	3.75500e-01	4.00000e-01
1.67770e-05	3.58257e-01	4.00000e-01
2.29580e-05	3.46726e-01	4.00000e-01
2.91390e-05	3.38089e-01	4.00000e-01
7.55000e-07	1.66630e-01	1.10000e-01
1.81200e-06	1.55890e-01	1.10000e-01
2.86900e-06	1.50423e-01	1.10000e-01
3.92600e-06	1.46757e-01	1.10000e-01
4.98300e-06	1.44004e-01	1.10000e-01
5.50000e-06	4.00901e-01	4.00000e-01
1.32000e-05	3.67201e-01	4.00000e-01
2.09000e-05	3.50159e-01	4.00000e-01
2.86000e-05	3.38761e-01	4.00000e-01
3.63000e-05	3.30227e-01	4.00000e-01
8.65000e-07	1.64933e-01	1.10000e-01
2.07600e-06	1.54260e-01	1.10000e-01
3.28700e-06	1.48827e-01	1.10000e-01
4.49800e-06	1.45183e-01	1.10000e-01
5.70900e-06	1.42445e-01	1.10000e-01
6.65000e-06	3.93441e-01	4.00000e-01
1.59600e-05	3.60110e-01	4.00000e-01
2.52700e-05	3.43237e-01	4.00000e-01
3.45800e-05	3.31956e-01	4.00000e-01
4.38900e-05	3.23514e-01	4.00000e-01
1.01000e-06	1.63013e-01	1.10000e-01
2.42400e-06	1.52415e-01	1.10000e-01
3.83800e-06	1.47020e-01	1.10000e-01
5.25200e-06	1.43400e-01	1.10000e-01
6.66600e-06	1.40679e-01	1.10000e-01
8.50000e-06	3.83927e-01	4.00000e-01
2.04000e-05	3.51047e-01	4.00000e-01
3.23000e-05	3.34392e-01	4.00000e-01
4.42000e-05	3.23267e-01	4.00000e-01
5.61000e-05	3.14948e-01	4.00000e-01
1.21500e-06	1.60741e-01	1.10000e-01
2.91600e-06	1.50232e-01	1.10000e-01
4.61700e-06	1.44882e-01	1.10000e-01
6.31800e-06	1.41289e-01	1.10000e-01
8.01900e-06	1.38585e-01	1.10000e-01
1.10000e-05	3.74079e-01	4.00000e-01
2.64000e-05	3.41652e-01	4.00000e-01
4.18000e-05	3.25232e-01	4.00000e-01
5.72000e-05	3.14275e-01	4.00000e-01
7.26000e-05	3.06088e-01	4.00000e-01
1.03500e-06	2.13198e-01	1.50000e-01
2.48400e-06	1.98772e-01	1.50000e-01
3.93300e-06	1.91446e-01	1.50000e-01
5.38200e-06	1.86537e-01	1.50000e-01
6.83100e-06	1.82851e-01	1.50000e-01
1.84000e-05	3.54843e-01	4.00000e-01
4.41600e-05	3.23299e-01	4.00000e-01
6.99200e-05	3.07371e-01	4.00000e-01
9.56800e-05	2.96757e-01	4.00000e-01
1.21440e-04	2.88823e-01	4.00000e-01
1.18000e-06	2.10999e-01	1.50000e-01
2.83200e-06	1.96665e-01	1.50000e-01
4.48400e-06	1.89385e-01	1.50000e-01
6.13600e-06	1.84505e-01	1.50000e-01
7.78800e-06	1.80840e-01	1.50000e-01
4.41500e-05	3.23306e-01	4.00000e-01
1.05960e-04	2.93347e-01	4.00000e-01
1.67770e-04	2.78237e-01	4.00000e-01
2.29580e-04	2.68130e-01	4.00000e-01
2.91390e-04	2.60546e-01	4.00000e-01
1.38000e-06	2.08390e-01	1.50000e-01
3.31200e-06	1.94166e-01	1.50000e-01
5.24400e-06	1.86941e-01	1.50000e-01
7.17600e-06	1.82094e-01	1.50000e-01
9.10800e-06	1.78451e-01	1.50000e-01
8.80000e-05	2.99569e-01	4.00000e-01
2.11200e-04	2.70804e-01	4.00000e-01
3.34400e-04	2.56203e-01	4.00000e-01
4.57600e-04	2.46407e-01	4.00000e-01
5.80800e-04	2.39054e-01	4.00000e-01
1.65500e-06	2.05387e-01	1.50000e-01
3.97200e-06	1.91290e-01	1.50000e-01
6.28900e-06	1.84125e-01	1.50000e-01
8.60600e-06	1.79315e-01	1.50000e-01
1.09230e-05	1.75696e-01	1.50000e-01
1.47000e-04	2.82544e-01	4.00000e-01
3.52800e-04	2.54521e-01	4.00000e-01
5.58600e-04	2.40251e-01	4.00000e-01
7.64400e-04	2.30685e-01	4.00000e-01
9.70200e-04	2.23512e-01	4.00000e-01
2.07000e-06	2.01726e-01	1.50000e-01
4.96800e-06	1.87783e-01	1.50000e-01
7.86600e-06	1.80688e-01	1.50000e-01
1.07640e-05	1.75918e-01	1.50000e-01
1.36620e-05	1.72327e-01	1.50000e-01
3.15500e-04	2.58035e-01	4.00000e-01
7.57200e-04	2.30972e-01	4.00000e-01
1.19890e-03	2.17212e-01	4.00000e-01
1.64060e-03	2.07981e-01	4.00000e-01
2.08230e-03	2.01027e-01	4.00000e-01
2.51000e-06	1.98605e-01	1.50000e-01
6.02400e-06	1.84790e-01	1.50000e-01
9.53800e-06	1.77750e-01	1.50000e-01
1.30520e-05	1.73013e-01	1.50000e-01
1.65660e-05	1.69446e-01	1.50000e-01
3.66000e-06	4.90257e-01	5.00000e-01
8.78400e-06	4.47880e-01	5.00000e-01
1.39080e-05	4.26596e-01	5.00000e-01
1.90320e-05	4.12401e-01	5.00000e-01
2.41560e-05	4.01784e-01	5.00000e-01
1.57500e-06	2.62326e-01	2.00000e-01
3.78000e-06	2.43575e-01	2.00000e-01
5.98500e-06	2.34073e-01	2.00000e-01
8.19000e-06	2.27709e-01	2.00000e-01
1.03950e-05	2.22929e-01	2.00000e-01
4.30000e-06	4.82262e-01	5.00000e-01
1.03200e-05	4.40347e-01	5.00000e-01
1.63400e-05	4.19270e-01	5.00000e-01
2.23600e-05	4.05209e-01	5.00000e-01
2.83800e-05	3.94692e-01	5.00000e-01
1.84000e-06	2.58932e-01	2.00000e-01
4.41600e-06	2.40334e-01	2.00000e-01
6.99200e-06	2.30906e-01	2.00000e-01
9.56800e-06	2.24586e-01	2.00000e-01
1.21440e-05	2.19837e-01	2.00000e-01
7.90000e-06	4.52881e-01	5.00000e-01
1.89600e-05	4.12571e-01	5.00000e-01
3.00200e-05	3.92236e-01	5.00000e-01
4.10800e-05	3.78676e-01	5.00000e-01
5.21400e-05	3.68551e-01	5.00000e-01
2.20500e-06	2.55016e-01	2.00000e-01
5.29200e-06	2.36596e-01	2.00000e-01
8.37900e-06	2.27249e-01	2.00000e-01
1.14660e-05	2.20977e-01	2.00000e-01
1.45530e-05	2.16262e-01	2.00000e-01
1.06000e-05	4.39103e-01	5.00000e-01
2.54400e-05	3.99498e-01	5.00000e-01
4.02800e-05	3.79519e-01	5.00000e-01
5.51200e-05	3.66213e-01	5.00000e-01
6.99600e-05	3.56286e-01	5.00000e-01
2.76000e-06	2.50210e-01	2.00000e-01
6.62400e-06	2.32005e-01	2.00000e-01
1.04880e-05	2.22752e-01	2.00000e-01
1.43520e-05	2.16536e-01	2.00000e-01
1.82160e-05	2.11861e-01	2.00000e-01
1.38000e-05	4.26952e-01	5.00000e-01
3.31200e-05	3.87959e-01	5.00000e-01
5.24400e-05	3.68309e-01	5.00000e-01
7.17600e-05	3.55237e-01	5.00000e-01
9.10800e-05	3.45487e-01	5.00000e-01
3.34500e-06	2.46141e-01	2.00000e-01
8.02800e-06	2.28111e-01	2.00000e-01
1.27110e-05	2.18933e-01	2.00000e-01
1.73940e-05	2.12763e-01	2.00000e-01
2.20770e-05	2.08122e-01	2.00000e-01
1.99000e-05	4.10404e-01	5.00000e-01
4.77600e-05	3.72259e-01	5.00000e-01
7.56200e-05	3.53081e-01	5.00000e-01
1.03480e-04	3.40331e-01	5.00000e-01
1.31340e-04	3.30817e-01	5.00000e-01
4.24500e-06	2.41154e-01	2.00000e-01
1.01880e-05	2.23331e-01	2.00000e-01
1.61310e-05	2.14239e-01	2.00000e-01
2.20740e-05	2.08125e-01	2.00000e-01
2.80170e-05	2.03527e-01	2.00000e-01
5.00000e-05	3.70319e-01	5.00000e-01
1.20000e-04	3.34403e-01	5.00000e-01
1.90000e-04	3.16359e-01	5.00000e-01
2.60000e-04	3.04316e-01	5.00000e-01
3.30000e-04	2.95294e-01	5.00000e-01
5.50000e-06	2.35804e-01	2.00000e-01
1.32000e-05	2.18187e-01	2.00000e-01
2.09000e-05	2.09185e-01	2.00000e-01
2.86000e-05	2.03132e-01	2.00000e-01
3.63000e-05	1.98583e-01	2.00000e-01
1.25500e-04	3.32621e-01	5.00000e-01
3.01200e-04	2.98737e-01	5.00000e-01
4.76900e-04	2.81578e-01	5.00000e-01
6.52600e-04	2.70103e-01	5.00000e-01
8.28300e-04	2.61514e-01	5.00000e-01
1.99000e-05	2.10138e-01	2.00000e-01
4.77600e-05	1.93407e-01	2.00000e-01
7.56200e-05	1.84881e-01	2.00000e-01
1.03480e-04	1.79160e-01	2.00000e-01
1.31340e-04	1.74859e-01	2.00000e-01
1.84000e-04	3.17603e-01	5.00000e-01
4.41600e-04	2.84421e-01	5.00000e-01
6.99200e-04	2.67607e-01	5.00000e-01
9.56800e-04	2.56375e-01	5.00000e-01
1.21440e-03	2.47971e-01	5.00000e-01
1.25500e-04	1.75677e-01	2.00000e-01
3.01200e-04	1.60136e-01	2.00000e-01
4.76900e-04	1.52120e-01	2.00000e-01
6.52600e-04	1.46703e-01	2.00000e-01
8.28300e-04	1.42615e-01	2.00000e-01
4.00000e-04	2.88096e-01	5.00000e-01
9.60000e-04	2.56257e-01	5.00000e-01
1.52000e-03	2.40156e-01	5.00000e-01
2.08000e-03	2.29366e-01	5.00000e-01
2.64000e-03	2.21236e-01	5.00000e-01
1.97000e-06	3.08262e-01	2.50000e-01
4.72800e-06	2.85258e-01	2.50000e-01
7.48600e-06	2.73623e-01	2.50000e-01
1.02440e-05	2.65835e-01	2.50000e-01
1.30020e-05	2.59989e-01	2.50000e-01
1.60000e-03	2.38382e-01	5.00000e-01
3.84000e-03	2.08509e-01	5.00000e-01
6.08000e-03	1.92859e-01	5.00000e-01
8.32000e-03	1.82100e-01	5.00000e-01
1.05600e-02	1.73872e-01	5.00000e-01
2.30000e-06	3.04109e-01	2.50000e-01
5.52000e-06	2.81305e-01	2.50000e-01
8.74000e-06	2.69763e-01	2.50000e-01
1.19600e-05	2.62030e-01	2.50000e-01
1.51800e-05	2.56223e-01	2.50000e-01
4.76000e-06	5.72313e-01	6.50000e-01
1.14240e-05	5.19740e-01	6.50000e-01
1.80880e-05	4.93418e-01	6.50000e-01
2.47520e-05	4.75906e-01	6.50000e-01
3.14160e-05	4.62838e-01	6.50000e-01
2.76000e-06	2.99266e-01	2.50000e-01
6.62400e-06	2.76693e-01	2.50000e-01
1.04880e-05	2.65255e-01	2.50000e-01
1.43520e-05	2.57584e-01	2.50000e-01
1.82160e-05	2.51822e-01	2.50000e-01
5.60000e-06	5.62293e-01	6.50000e-01
1.34400e-05	5.10338e-01	6.50000e-01
2.12800e-05	4.84299e-01	6.50000e-01
2.91200e-05	4.66975e-01	6.50000e-01
3.69600e-05	4.54051e-01	6.50000e-01
3.45000e-06	2.93407e-01	2.50000e-01
8.28000e-06	2.71107e-01	2.50000e-01
1.31100e-05	2.59787e-01	2.50000e-01
1.79400e-05	2.52189e-01	2.50000e-01
2.27700e-05	2.46481e-01	2.50000e-01
7.90000e-06	5.41479e-01	6.50000e-01
1.89600e-05	4.90766e-01	6.50000e-01
3.00200e-05	4.65313e-01	6.50000e-01
4.10800e-05	4.48390e-01	6.50000e-01
5.21400e-05	4.35778e-01	6.50000e-01
4.18000e-06	2.88426e-01	2.50000e-01
1.00320e-05	2.66351e-01	2.50000e-01
1.58840e-05	2.55126e-01	2.50000e-01
2.17360e-05	2.47589e-01	2.50000e-01
2.75880e-05	2.41928e-01	2.50000e-01
8.20000e-06	5.39256e-01	6.50000e-01
1.96800e-05	4.88672e-01	6.50000e-01
3.11600e-05	4.63283e-01	6.50000e-01
4.26400e-05	4.46404e-01	6.50000e-01
5.41200e-05	4.33826e-01	6.50000e-01
5.30000e-06	2.82340e-01	2.50000e-01
1.27200e-05	2.60524e-01	2.50000e-01
2.01400e-05	2.49412e-01	2.50000e-01
2.75600e-05	2.41952e-01	2.50000e-01
3.49800e-05	2.36350e-01	2.50000e-01
1.99000e-05	4.88049e-01	6.50000e-01
4.77600e-05	4.40394e-01	6.50000e-01
7.56200e-05	4.16553e-01	6.50000e-01
1.03480e-04	4.00751e-01	6.50000e-01
1.31340e-04	3.88987e-01	6.50000e-01
6.90000e-06	2.75667e-01	2.50000e-01
1.65600e-05	2.54119e-01	2.50000e-01
2.62200e-05	2.43130e-01	2.50000e-01
3.58800e-05	2.35757e-01	2.50000e-01
4.55400e-05	2.30225e-01	2.50000e-01
2.99000e-05	4.65531e-01	6.50000e-01
7.17600e-05	4.19229e-01	6.50000e-01
1.13620e-04	3.96114e-01	6.50000e-01
1.55480e-04	3.80784e-01	6.50000e-01
1.97340e-04	3.69356e-01	6.50000e-01
1.15000e-05	2.62991e-01	2.50000e-01
2.76000e-05	2.41917e-01	2.50000e-01
4.37000e-05	2.31177e-01	2.50000e-01
5.98000e-05	2.23984e-01	2.50000e-01
7.59000e-05	2.18592e-01	2.50000e-01
5.00000e-05	4.37979e-01	6.50000e-01
1.20000e-04	3.93419e-01	6.50000e-01
1.90000e-04	3.71161e-01	6.50000e-01
2.60000e-04	3.56360e-01	6.50000e-01
3.30000e-04	3.45303e-01	6.50000e-01
1.99000e-05	2.49700e-01	2.50000e-01
4.77600e-05	2.29128e-01	2.50000e-01
7.56200e-05	2.18675e-01	2.50000e-01
1.03480e-04	2.11675e-01	2.50000e-01
1.31340e-04	2.06421e-01	2.50000e-01
1.25500e-04	3.91216e-01	6.50000e-01
3.01200e-04	3.49519e-01	6.50000e-01
4.76900e-04	3.28539e-01	6.50000e-01
6.52600e-04	3.14559e-01	6.50000e-01
8.28300e-04	3.04120e-01	6.50000e-01
5.50000e-05	2.25892e-01	2.50000e-01
1.32000e-04	2.06311e-01	2.50000e-01
2.09000e-04	1.96326e-01	2.50000e-01
2.86000e-04	1.89599e-01	2.50000e-01
3.63000e-04	1.84530e-01	2.50000e-01
2.39000e-04	3.60305e-01	6.50000e-01
5.73600e-04	3.20276e-01	6.50000e-01
9.08200e-04	3.00133e-01	6.50000e-01
1.24280e-03	2.86734e-01	6.50000e-01
1.57740e-03	2.76729e-01	6.50000e-01
1.25500e-04	2.07419e-01	2.50000e-01
3.01200e-04	1.88495e-01	2.50000e-01
4.76900e-04	1.78772e-01	2.50000e-01
6.52600e-04	1.72218e-01	2.50000e-01
8.28300e-04	1.67281e-01	2.50000e-01
4.00000e-04	3.36498e-01	6.50000e-01
9.60000e-04	2.97743e-01	6.50000e-01
1.52000e-03	2.78275e-01	6.50000e-01
2.08000e-03	2.65291e-01	6.50000e-01
2.64000e-03	2.55546e-01	6.50000e-01
1.97000e-04	1.97601e-01	2.50000e-01
4.72800e-04	1.78954e-01	2.50000e-01
7.48600e-04	1.69371e-01	2.50000e-01
1.02440e-03	1.62912e-01	2.50000e-01
1.30020e-03	1.58040e-01	2.50000e-01
1.60000e-03	2.76137e-01	6.50000e-01
3.84000e-03	2.40356e-01	6.50000e-01
6.08000e-03	2.21770e-01	6.50000e-01
8.32000e-03	2.09026e-01	6.50000e-01
1.05600e-02	1.99284e-01	6.50000e-01
7.90000e-04	1.68258e-01	2.50000e-01
1.89600e-03	1.50374e-01	2.50000e-01
3.00200e-03	1.41037e-01	2.50000e-01
4.10800e-03	1.34625e-01	2.50000e-01
5.21400e-03	1.29721e-01	2.50000e-01
6.20000e-06	6.63688e-01	8.50000e-01
1.48800e-05	5.98739e-01	8.50000e-01
2.35600e-05	5.66354e-01	8.50000e-01
3.22400e-05	5.44880e-01	8.50000e-01
4.09200e-05	5.28901e-01	8.50000e-01
2.56000e-06	3.90808e-01	3.50000e-01
6.14400e-06	3.59606e-01	3.50000e-01
9.72800e-06	3.43877e-01	3.50000e-01
1.33120e-05	3.33366e-01	3.50000e-01
1.68960e-05	3.25487e-01	3.50000e-01
6.90000e-06	6.55505e-01	8.50000e-01
1.65600e-05	5.91101e-01	8.50000e-01
2.62200e-05	5.58973e-01	8.50000e-01
3.58800e-05	5.37674e-01	8.50000e-01
4.55400e-05	5.21830e-01	8.50000e-01
2.56000e-06	3.90808e-01	3.50000e-01
6.14400e-06	3.59606e-01	3.50000e-01
9.72800e-06	3.43877e-01	3.50000e-01
1.33120e-05	3.33366e-01	3.50000e-01
1.68960e-05	3.25487e-01	3.50000e-01
1.00000e-05	6.27667e-01	8.50000e-01
2.40000e-05	5.65073e-01	8.50000e-01
3.80000e-05	5.33831e-01	8.50000e-01
5.20000e-05	5.13145e-01	8.50000e-01
6.60000e-05	4.97774e-01	8.50000e-01
3.05000e-06	3.84429e-01	3.50000e-01
7.32000e-06	3.53563e-01	3.50000e-01
1.15900e-05	3.37987e-01	3.50000e-01
1.58600e-05	3.27569e-01	3.50000e-01
2.01300e-05	3.19758e-01	3.50000e-01
1.00000e-05	6.27667e-01	8.50000e-01
2.40000e-05	5.65073e-01	8.50000e-01
3.80000e-05	5.33831e-01	8.50000e-01
5.20000e-05	5.13145e-01	8.50000e-01
6.60000e-05	4.97774e-01	8.50000e-01
3.31000e-06	3.81473e-01	3.50000e-01
7.94400e-06	3.50761e-01	3.50000e-01
1.25780e-05	3.35254e-01	3.50000e-01
1.72120e-05	3.24879e-01	3.50000e-01
2.18460e-05	3.17099e-01	3.50000e-01
1.99000e-05	5.78123e-01	8.50000e-01
4.77600e-05	5.18703e-01	8.50000e-01
7.56200e-05	4.89140e-01	8.50000e-01
1.03480e-04	4.69611e-01	8.50000e-01
1.31340e-04	4.55109e-01	8.50000e-01
4.14000e-06	3.73465e-01	3.50000e-01
9.93600e-06	3.43163e-01	3.50000e-01
1.57320e-05	3.27836e-01	3.50000e-01
2.15280e-05	3.17574e-01	3.50000e-01
2.73240e-05	3.09881e-01	3.50000e-01
2.50000e-05	5.62253e-01	8.50000e-01
6.00000e-05	5.03882e-01	8.50000e-01
9.50000e-05	4.74883e-01	8.50000e-01
1.30000e-04	4.55727e-01	8.50000e-01
1.65000e-04	4.41494e-01	8.50000e-01
5.00000e-06	3.66797e-01	3.50000e-01
1.20000e-05	3.36824e-01	3.50000e-01
1.90000e-05	3.21642e-01	3.50000e-01
2.60000e-05	3.11476e-01	3.50000e-01
3.30000e-05	3.03856e-01	3.50000e-01
5.00000e-05	5.15703e-01	8.50000e-01
1.20000e-04	4.60568e-01	8.50000e-01
1.90000e-04	4.33197e-01	8.50000e-01
2.60000e-04	4.15068e-01	8.50000e-01
3.30000e-04	4.01564e-01	8.50000e-01
6.35000e-06	3.58463e-01	3.50000e-01
1.52400e-05	3.28885e-01	3.50000e-01
2.41300e-05	3.13881e-01	3.50000e-01
3.30200e-05	3.03837e-01	3.50000e-01
4.19100e-05	2.96313e-01	3.50000e-01
1.25500e-04	4.57853e-01	8.50000e-01
3.01200e-04	4.06709e-01	8.50000e-01
4.76900e-04	3.81155e-01	8.50000e-01
6.52600e-04	3.64192e-01	8.50000e-01
8.28300e-04	3.51561e-01	8.50000e-01
8.25000e-06	3.49471e-01	3.50000e-01
1.98000e-05	3.20296e-01	3.50000e-01
3.13500e-05	3.05487e-01	3.50000e-01
4.29000e-05	2.95582e-01	3.50000e-01
5.44500e-05	2.88168e-01	3.50000e-01
4.00000e-04	3.90835e-01	8.50000e-01
9.60000e-04	3.43860e-01	8.50000e-01
1.52000e-03	3.20427e-01	8.50000e-01
2.08000e-03	3.04872e-01	8.50000e-01
2.64000e-03	2.93243e-01	8.50000e-01
1.60000e-05	3.27280e-01	3.50000e-01
3.84000e-05	2.99062e-01	3.50000e-01
6.08000e-05	2.84772e-01	3.50000e-01
8.32000e-05	2.75236e-01	3.50000e-01
1.05600e-04	2.68102e-01	3.50000e-01
1.60000e-03	3.17861e-01	8.50000e-01
3.84000e-03	2.75199e-01	8.50000e-01
6.08000e-03	2.53251e-01	8.50000e-01
8.32000e-03	2.38263e-01	8.50000e-01
1.05600e-02	2.26823e-01	8.50000e-01
8.80000e-06	7.89483e-01	1.20000e+00
2.11200e-05	7.05626e-01	1.20000e+00
3.34400e-05	6.64103e-01	1.20000e+00
4.57600e-05	6.36720e-01	1.20000e+00
5.80800e-05	6.16431e-01	1.20000e+00
4.00000e-05	9.98163e-01	2.70000e+00
9.60000e-05	8.67908e-01	2.70000e+00
1.52000e-04	8.05075e-01	2.70000e+00
2.08000e-04	7.64208e-01	2.70000e+00
2.64000e-04	7.34172e-01	2.70000e+00
1.00000e-05	7.76830e-01	1.20000e+00
2.40000e-05	6.93907e-01	1.20000e+00
3.80000e-05	6.52848e-01	1.20000e+00
5.20000e-05	6.25785e-01	1.20000e+00
6.60000e-05	6.05740e-01	1.20000e+00
4.00000e-05	9.98163e-01	2.70000e+00
9.60000e-05	8.67908e-01	2.70000e+00
1.52000e-04	8.05075e-01	2.70000e+00
2.08000e-04	7.64208e-01	2.70000e+00
2.64000e-04	7.34172e-01	2.70000e+00
1.00000e-05	7.76830e-01	1.20000e+00
2.40000e-05	6.93907e-01	1.20000e+00
3.80000e-05	6.52848e-01	1.20000e+00
5.20000e-05	6.25785e-01	1.20000e+00
6.60000e-05	6.05740e-01	1.20000e+00
6.50000e-05	9.24166e-01	2.70000e+00
1.56000e-04	8.01631e-01	2.70000e+00
2.47000e-04	7.42471e-01	2.70000e+00
3.38000e-04	7.03937e-01	2.70000e+00
4.29000e-04	6.75599e-01	2.70000e+00
1.60000e-05	7.31527e-01	1.20000e+00
3.84000e-05	6.51932e-01	1.20000e+00
6.08000e-05	6.12588e-01	1.20000e+00
8.32000e-05	5.86702e-01	1.20000e+00
1.05600e-04	5.67545e-01	1.20000e+00
1.00000e-04	8.62178e-01	2.70000e+00
2.40000e-04	7.46076e-01	2.70000e+00
3.80000e-04	6.89914e-01	2.70000e+00
5.20000e-04	6.53316e-01	2.70000e+00
6.60000e-04	6.26411e-01	2.70000e+00
1.60000e-05	7.31527e-01	1.20000e+00
3.84000e-05	6.51932e-01	1.20000e+00
6.08000e-05	6.12588e-01	1.20000e+00
8.32000e-05	5.86702e-01	1.20000e+00
1.05600e-04	5.67545e-01	1.20000e+00
1.60000e-04	7.98284e-01	2.70000e+00
3.84000e-04	6.88670e-01	2.70000e+00
6.08000e-04	6.35584e-01	2.70000e+00
8.32000e-04	6.01019e-01	2.70000e+00
1.05600e-03	5.75634e-01	2.70000e+00
3.15500e-05	6.69267e-01	1.20000e+00
7.57200e-05	5.94395e-01	1.20000e+00
1.19890e-04	5.57525e-01	1.20000e+00
1.64060e-04	5.33274e-01	1.20000e+00
2.08230e-04	5.15307e-01	1.20000e+00
2.50000e-04	7.40961e-01	2.70000e+00
6.00000e-04	6.37073e-01	2.70000e+00
9.50000e-04	5.86804e-01	2.70000e+00
1.30000e-03	5.54107e-01	2.70000e+00
1.65000e-03	5.30089e-01	2.70000e+00
4.00000e-05	6.48369e-01	1.20000e+00
9.60000e-05	5.75150e-01	1.20000e+00
1.52000e-04	5.39112e-01	1.20000e+00
2.08000e-04	5.15389e-01	1.20000e+00
2.64000e-04	4.97798e-01	1.20000e+00
4.00000e-04	6.83835e-01	2.70000e+00
9.60000e-04	5.85691e-01	2.70000e+00
1.52000e-03	5.38278e-01	2.70000e+00
2.08000e-03	5.07404e-01	2.70000e+00
2.64000e-03	4.84660e-01	2.70000e+00
6.50000e-05	6.07010e-01	1.20000e+00
1.56000e-04	5.37121e-01	1.20000e+00
2.47000e-04	5.02672e-01	1.20000e+00
3.38000e-04	4.79946e-01	1.20000e+00
4.29000e-04	4.63076e-01	1.20000e+00
6.50000e-04	6.28110e-01	2.70000e+00
1.56000e-03	5.35677e-01	2.70000e+00
2.47000e-03	4.90951e-01	2.70000e+00
3.38000e-03	4.61672e-01	2.70000e+00
4.29000e-03	4.39982e-01	2.70000e+00
7.90000e-05	5.90923e-01	1.20000e+00
1.89600e-04	5.22324e-01	1.20000e+00
3.00200e-04	4.88467e-01	1.20000e+00
4.10800e-04	4.66118e-01	1.20000e+00
5.21400e-04	4.49526e-01	1.20000e+00
1.00000e-03	5.81369e-01	2.70000e+00
2.40000e-03	4.93682e-01	2.70000e+00
3.80000e-03	4.50961e-01	2.70000e+00
5.20000e-03	4.22782e-01	2.70000e+00
6.60000e-03	4.01780e-01	2.70000e+00
1.99000e-04	5.18694e-01	1.20000e+00
4.77600e-04	4.55593e-01	1.20000e+00
7.56200e-04	4.24330e-01	1.20000e+00
1.03480e-03	4.03717e-01	1.20000e+00
1.31340e-03	3.88439e-01	1.20000e+00
2.50000e-03	4.89807e-01	2.70000e+00
6.00000e-03	4.10138e-01	2.70000e+00
9.50000e-03	3.70205e-01	2.70000e+00
1.30000e-02	3.43297e-01	2.70000e+00
1.65000e-02	3.22841e-01	2.70000e+00
6.50000e-04	4.34486e-01	1.20000e+00
1.56000e-03	3.77613e-01	1.20000e+00
2.47000e-03	3.49447e-01	1.20000e+00
3.38000e-03	3.30732e-01	1.20000e+00
4.29000e-03	3.16705e-01	1.20000e+00
2.50000e-03	3.48720e-01	1.20000e+00
6.00000e-03	2.97147e-01	1.20000e+00
9.50000e-03	2.70486e-01	1.20000e+00
1.30000e-02	2.52222e-01	1.20000e+00
1.65000e-02	2.38214e-01	1.20000e+00
2.03000e-05	1.26676e+00	3.50000e+00
4.87200e-05	1.09754e+00	3.50000e+00
7.71400e-05	1.01626e+00	3.50000e+00
1.05560e-04	9.63622e-01	3.50000e+00
1.33980e-04	9.25094e-01	3.50000e+00
9.25000e-06	8.96024e-01	1.50000e+00
2.22000e-05	7.96409e-01	1.50000e+00
3.51500e-05	7.47349e-01	1.50000e+00
4.81000e-05	7.15103e-01	1.50000e+00
6.10500e-05	6.91267e-01	1.50000e+00
2.16000e-05	1.25412e+00	3.50000e+00
5.18400e-05	1.08627e+00	3.50000e+00
8.20800e-05	1.00566e+00	3.50000e+00
1.12320e-04	9.53471e-01	3.50000e+00
1.42560e-04	9.15266e-01	3.50000e+00
1.10000e-05	8.75640e-01	1.50000e+00
2.64000e-05	7.77656e-01	1.50000e+00
4.18000e-05	7.29411e-01	1.50000e+00
5.72000e-05	6.97722e-01	1.50000e+00
7.26000e-05	6.74308e-01	1.50000e+00
2.30000e-05	1.24144e+00	3.50000e+00
5.52000e-05	1.07495e+00	3.50000e+00
8.74000e-05	9.95031e-01	3.50000e+00
1.19600e-04	9.43287e-01	3.50000e+00
1.51800e-04	9.05406e-01	3.50000e+00
1.60000e-05	8.32706e-01	1.50000e+00
3.84000e-05	7.38155e-01	1.50000e+00
6.08000e-05	6.91672e-01	1.50000e+00
8.32000e-05	6.61183e-01	1.50000e+00
1.05600e-04	6.38669e-01	1.50000e+00
2.56000e-05	1.22005e+00	3.50000e+00
6.14400e-05	1.05588e+00	3.50000e+00
9.72800e-05	9.77113e-01	3.50000e+00
1.33120e-04	9.26119e-01	3.50000e+00
1.68960e-04	8.88781e-01	3.50000e+00
1.60000e-05	8.32706e-01	1.50000e+00
3.84000e-05	7.38155e-01	1.50000e+00
6.08000e-05	6.91672e-01	1.50000e+00
8.32000e-05	6.61183e-01	1.50000e+00
1.05600e-04	6.38669e-01	1.50000e+00
2.65500e-05	1.21283e+00	3.50000e+00
6.37200e-05	1.04945e+00	3.50000e+00
1.00890e-04	9.71077e-01	3.50000e+00
1.38060e-04	9.20334e-01	3.50000e+00
1.75230e-04	8.83179e-01	3.50000e+00
2.50000e-05	7.83520e-01	1.50000e+00
6.00000e-05	6.92982e-01	1.50000e+00
9.50000e-05	6.48589e-01	1.50000e+00
1.30000e-04	6.19490e-01	1.50000e+00
1.65000e-04	5.97995e-01	1.50000e+00
2.86500e-05	1.19787e+00	3.50000e+00
6.87600e-05	1.03613e+00	3.50000e+00
1.08870e-04	9.58562e-01	3.50000e+00
1.48980e-04	9.08341e-01	3.50000e+00
1.89090e-04	8.71562e-01	3.50000e+00
4.00000e-05	7.33939e-01	1.50000e+00
9.60000e-05	6.47602e-01	1.50000e+00
1.52000e-04	6.05335e-01	1.50000e+00
2.08000e-04	5.77603e-01	1.50000e+00
2.64000e-04	5.57090e-01	1.50000e+00
4.00000e-05	1.13400e+00	3.50000e+00
9.60000e-05	9.79315e-01	3.50000e+00
1.52000e-04	9.05200e-01	3.50000e+00
2.08000e-04	8.57182e-01	3.50000e+00
2.64000e-04	8.21992e-01	3.50000e+00
6.50000e-05	6.85095e-01	1.50000e+00
1.56000e-04	6.03005e-01	1.50000e+00
2.47000e-04	5.62769e-01	1.50000e+00
3.38000e-04	5.36319e-01	1.50000e+00
4.29000e-04	5.16735e-01	1.50000e+00
4.00000e-05	1.13400e+00	3.50000e+00
9.60000e-05	9.79315e-01	3.50000e+00
1.52000e-04	9.05200e-01	3.50000e+00
2.08000e-04	8.57182e-01	3.50000e+00
2.64000e-04	8.21992e-01	3.50000e+00
1.00000e-04	6.43765e-01	1.50000e+00
2.40000e-04	5.65234e-01	1.50000e+00
3.80000e-04	5.26643e-01	1.50000e+00
5.20000e-04	5.01252e-01	1.50000e+00
6.60000e-04	4.82456e-01	1.50000e+00
6.50000e-05	1.04596e+00	3.50000e+00
1.56000e-04	9.01146e-01	3.50000e+00
2.47000e-04	8.31706e-01	3.50000e+00
3.38000e-04	7.86658e-01	3.50000e+00
4.29000e-04	7.53628e-01	3.50000e+00
1.60000e-04	6.00740e-01	1.50000e+00
3.84000e-04	5.25783e-01	1.50000e+00
6.08000e-04	4.88877e-01	1.50000e+00
8.32000e-04	4.64614e-01	1.50000e+00
1.05600e-03	4.46671e-01	1.50000e+00
1.00000e-04	9.72542e-01	3.50000e+00
2.40000e-04	8.35928e-01	3.50000e+00
3.80000e-04	7.70303e-01	3.50000e+00
5.20000e-04	7.27717e-01	3.50000e+00
6.60000e-04	6.96506e-01	3.50000e+00
2.50000e-04	5.61737e-01	1.50000e+00
6.00000e-04	4.89918e-01	1.50000e+00
9.50000e-04	4.54579e-01	1.50000e+00
1.30000e-03	4.31373e-01	1.50000e+00
1.65000e-03	4.14210e-01	1.50000e+00
1.60000e-04	8.97209e-01	3.50000e+00
3.84000e-04	7.68853e-01	3.50000e+00
6.08000e-04	7.07137e-01	3.50000e+00
8.32000e-04	6.67127e-01	3.50000e+00
1.05600e-03	6.37832e-01	3.50000e+00
4.00000e-04	5.22439e-01	1.50000e+00
9.60000e-04	4.53793e-01	1.50000e+00
1.52000e-03	4.20073e-01	1.50000e+00
2.08000e-03	3.97902e-01	1.50000e+00
2.64000e-03	3.81452e-01	1.50000e+00
2.50000e-04	8.29938e-01	3.50000e+00
6.00000e-04	7.08864e-01	3.50000e+00
9.50000e-04	6.50713e-01	3.50000e+00
1.30000e-03	6.13052e-01	3.50000e+00
1.65000e-03	5.85473e-01	3.50000e+00
5.00000e-04	5.04385e-01	1.50000e+00
1.20000e-03	4.37226e-01	1.50000e+00
1.90000e-03	4.04235e-01	1.50000e+00
2.60000e-03	3.82496e-01	1.50000e+00
3.30000e-03	3.66321e-01	1.50000e+00
4.00000e-04	7.63219e-01	3.50000e+00
9.60000e-04	6.49430e-01	3.50000e+00
1.52000e-03	5.94868e-01	3.50000e+00
2.08000e-03	5.59492e-01	3.50000e+00
2.64000e-03	5.33515e-01	3.50000e+00
1.60000e-03	4.16403e-01	1.50000e+00
3.84000e-03	3.56167e-01	1.50000e+00
6.08000e-03	3.25825e-01	1.50000e+00
8.32000e-03	3.05346e-01	1.50000e+00
1.05600e-02	2.89817e-01	1.50000e+00
6.50000e-04	6.98475e-01	3.50000e+00
1.56000e-03	5.91883e-01	3.50000e+00
2.47000e-03	5.40693e-01	3.50000e+00
3.38000e-03	5.07335e-01	3.50000e+00
4.29000e-03	4.82709e-01	3.50000e+00
6.50000e-04	4.83647e-01	1.50000e+00
1.56000e-03	4.18212e-01	1.50000e+00
2.47000e-03	3.86013e-01	1.50000e+00
3.38000e-03	3.64710e-01	1.50000e+00
4.29000e-03	3.48796e-01	1.50000e+00
1.00000e-03	6.44444e-01	3.50000e+00
2.40000e-03	5.43811e-01	3.50000e+00
3.80000e-03	4.95164e-01	3.50000e+00
5.20000e-03	4.63239e-01	3.50000e+00
6.60000e-03	4.39537e-01	3.50000e+00
1.23500e-05	1.01514e+00	2.00000e+00
2.96400e-05	8.94655e-01	2.00000e+00
4.69300e-05	8.35777e-01	2.00000e+00
6.42200e-05	7.97281e-01	2.00000e+00
8.15100e-05	7.68929e-01	2.00000e+00
4.00000e-03	4.89879e-01	3.50000e+00
9.60000e-03	4.03059e-01	3.50000e+00
1.52000e-02	3.59081e-01	3.50000e+00
2.08000e-02	3.29005e-01	3.50000e+00
2.64000e-02	3.05735e-01	3.50000e+00
1.46500e-05	9.90758e-01	2.00000e+00
3.51600e-05	8.72428e-01	2.00000e+00
5.56700e-05	8.14647e-01	2.00000e+00
7.61800e-05	7.76892e-01	2.00000e+00
9.66900e-05	7.49092e-01	2.00000e+00
2.61000e-05	1.37480e+00	4.50000e+00
6.26400e-05	1.18165e+00	4.50000e+00
9.91800e-05	1.08959e+00	4.50000e+00
1.35720e-04	1.03021e+00	4.50000e+00
1.72260e-04	9.86852e-01	4.50000e+00
1.63500e-05	9.75313e-01	2.00000e+00
3.92400e-05	8.58355e-01	2.00000e+00
6.21300e-05	8.01278e-01	2.00000e+00
8.50200e-05	7.63995e-01	2.00000e+00
1.07910e-04	7.36545e-01	2.00000e+00
2.96000e-05	1.34555e+00	4.50000e+00
7.10400e-05	1.15582e+00	4.50000e+00
1.12480e-04	1.06544e+00	4.50000e+00
1.53920e-04	1.00714e+00	4.50000e+00
1.95360e-04	9.64556e-01	4.50000e+00
2.50000e-05	9.17222e-01	2.00000e+00
6.00000e-05	8.05507e-01	2.00000e+00
9.50000e-05	7.51122e-01	2.00000e+00
1.30000e-04	7.15620e-01	2.00000e+00
1.65000e-04	6.89473e-01	2.00000e+00
3.09000e-05	1.33568e+00	4.50000e+00
7.41600e-05	1.14711e+00	4.50000e+00
1.17420e-04	1.05730e+00	4.50000e+00
1.60680e-04	9.99355e-01	4.50000e+00
2.03940e-04	9.57031e-01	4.50000e+00
2.50000e-05	9.17222e-01	2.00000e+00
6.00000e-05	8.05507e-01	2.00000e+00
9.50000e-05	7.51122e-01	2.00000e+00
1.30000e-04	7.15620e-01	2.00000e+00
1.65000e-04	6.89473e-01	2.00000e+00
3.41500e-05	1.31294e+00	4.50000e+00
8.19600e-05	1.12705e+00	4.50000e+00
1.29770e-04	1.03853e+00	4.50000e+00
1.77580e-04	9.81426e-01	4.50000e+00
2.25390e-04	9.39701e-01	4.50000e+00
4.00000e-05	8.55913e-01	2.00000e+00
9.60000e-05	7.49916e-01	2.00000e+00
1.52000e-04	6.98394e-01	2.00000e+00
2.08000e-04	6.64732e-01	2.00000e+00
2.64000e-04	6.39911e-01	2.00000e+00
3.66000e-05	1.29736e+00	4.50000e+00
8.78400e-05	1.11332e+00	4.50000e+00
1.39080e-04	1.02570e+00	4.50000e+00
1.90320e-04	9.69154e-01	4.50000e+00
2.41560e-04	9.27837e-01	4.50000e+00
6.50000e-05	7.95827e-01	2.00000e+00
1.56000e-04	6.95561e-01	2.00000e+00
2.47000e-04	6.46776e-01	2.00000e+00
3.38000e-04	6.14851e-01	2.00000e+00
4.29000e-04	5.91291e-01	2.00000e+00
4.09000e-05	1.27271e+00	4.50000e+00
9.81600e-05	1.09160e+00	4.50000e+00
1.55420e-04	1.00538e+00	4.50000e+00
2.12680e-04	9.49730e-01	4.50000e+00
2.69940e-04	9.09057e-01	4.50000e+00
1.00000e-04	7.45229e-01	2.00000e+00
2.40000e-04	6.49757e-01	2.00000e+00
3.80000e-04	6.03202e-01	2.00000e+00
5.20000e-04	5.72714e-01	2.00000e+00
6.60000e-04	5.50222e-01	2.00000e+00
4.09000e-05	1.27271e+00	4.50000e+00
9.81600e-05	1.09160e+00	4.50000e+00
1.55420e-04	1.00538e+00	4.50000e+00
2.12680e-04	9.49730e-01	4.50000e+00
2.69940e-04	9.09057e-01	4.50000e+00
1.60000e-04	6.92808e-01	2.00000e+00
3.84000e-04	6.02167e-01	2.00000e+00
6.08000e-04	5.57898e-01	2.00000e+00
8.32000e-04	5.28931e-01	2.00000e+00
1.05600e-03	5.07581e-01	2.00000e+00
6.50000e-05	1.17401e+00	4.50000e+00
1.56000e-04	1.00470e+00	4.50000e+00
2.47000e-04	9.24049e-01	4.50000e+00
3.38000e-04	8.71930e-01	4.50000e+00
4.29000e-04	8.33823e-01	4.50000e+00
2.50000e-04	6.45528e-01	2.00000e+00
6.00000e-04	5.59144e-01	2.00000e+00
9.50000e-04	5.16984e-01	2.00000e+00
1.30000e-03	4.89426e-01	2.00000e+00
1.65000e-03	4.69112e-01	2.00000e+00
6.50000e-05	1.17401e+00	4.50000e+00
1.56000e-04	1.00470e+00	4.50000e+00
2.47000e-04	9.24049e-01	4.50000e+00
3.38000e-04	8.71930e-01	4.50000e+00
4.29000e-04	8.33823e-01	4.50000e+00
5.00000e-04	5.76470e-01	2.00000e+00
1.20000e-03	4.96367e-01	2.00000e+00
1.90000e-03	4.57334e-01	2.00000e+00
2.60000e-03	4.31739e-01	2.00000e+00
3.30000e-03	4.12768e-01	2.00000e+00
1.00000e-04	1.08800e+00	4.50000e+00
2.40000e-04	9.28942e-01	4.50000e+00
3.80000e-04	8.53049e-01	4.50000e+00
5.20000e-04	8.03996e-01	4.50000e+00
6.60000e-04	7.68151e-01	4.50000e+00
1.60000e-03	4.71705e-01	2.00000e+00
3.84000e-03	4.00894e-01	2.00000e+00
6.08000e-03	3.65587e-01	2.00000e+00
8.32000e-03	3.41913e-01	2.00000e+00
1.05600e-02	3.24039e-01	2.00000e+00
1.60000e-04	1.00012e+00	4.50000e+00
3.84000e-04	8.51376e-01	4.50000e+00
6.08000e-04	7.80351e-01	4.50000e+00
8.32000e-04	7.34494e-01	4.50000e+00
1.05600e-03	7.01017e-01	4.50000e+00
6.50000e-04	5.51645e-01	2.00000e+00
1.56000e-03	4.73844e-01	2.00000e+00
2.47000e-03	4.35872e-01	2.00000e+00
3.38000e-03	4.10882e-01	2.00000e+00
4.29000e-03	3.92292e-01	2.00000e+00
2.50000e-04	9.22000e-01	4.50000e+00
6.00000e-04	7.82334e-01	4.50000e+00
9.50000e-04	7.15726e-01	4.50000e+00
1.30000e-03	6.72768e-01	4.50000e+00
1.65000e-03	6.41402e-01	4.50000e+00
1.54500e-05	1.15630e+00	2.70000e+00
3.70800e-05	1.01012e+00	2.70000e+00
5.87100e-05	9.39310e-01	2.70000e+00
8.03400e-05	8.93255e-01	2.70000e+00
1.01970e-04	8.59450e-01	2.70000e+00
4.00000e-04	8.44878e-01	4.50000e+00
9.60000e-04	7.14260e-01	4.50000e+00
1.52000e-03	6.52077e-01	4.50000e+00
2.08000e-03	6.11930e-01	4.50000e+00
2.64000e-03	5.82540e-01	4.50000e+00
1.83000e-05	1.12685e+00	2.70000e+00
4.39200e-05	9.83567e-01	2.70000e+00
6.95400e-05	9.14226e-01	2.70000e+00
9.51600e-05	8.69145e-01	2.70000e+00
1.20780e-04	8.36057e-01	2.70000e+00
6.50000e-04	7.70410e-01	4.50000e+00
1.56000e-03	6.48685e-01	4.50000e+00
2.47000e-03	5.90653e-01	4.50000e+00
3.38000e-03	5.53003e-01	4.50000e+00
4.29000e-03	5.25302e-01	4.50000e+00
2.04500e-05	1.10784e+00	2.70000e+00
4.90800e-05	9.66441e-01	2.70000e+00
7.77100e-05	8.98056e-01	2.70000e+00
1.06340e-04	8.53605e-01	2.70000e+00
1.34970e-04	8.20977e-01	2.70000e+00
1.00000e-03	7.08565e-01	4.50000e+00
2.40000e-03	5.94179e-01	4.50000e+00
3.80000e-03	5.39302e-01	4.50000e+00
5.20000e-03	5.03460e-01	4.50000e+00
6.60000e-03	4.76948e-01	4.50000e+00
2.04500e-05	1.10784e+00	2.70000e+00
4.90800e-05	9.66441e-01	2.70000e+00
7.77100e-05	8.98056e-01	2.70000e+00
1.06340e-04	8.53605e-01	2.70000e+00
1.34970e-04	8.20977e-01	2.70000e+00
1.60000e-03	6.45390e-01	4.50000e+00
3.84000e-03	5.38086e-01	4.50000e+00
6.08000e-03	4.86009e-01	4.50000e+00
8.32000e-03	4.51708e-01	4.50000e+00
1.05600e-02	4.26157e-01	4.50000e+00
2.50000e-05	1.07408e+00	2.70000e+00
6.00000e-05	9.36060e-01	2.70000e+00
9.50000e-05	8.69382e-01	2.70000e+00
1.30000e-04	8.26047e-01	2.70000e+00
1.65000e-04	7.94230e-01	2.70000e+00
2.50000e-05	1.07408e+00	2.70000e+00
6.00000e-05	9.36060e-01	2.70000e+00
9.50000e-05	8.69382e-01	2.70000e+00
1.30000e-04	8.26047e-01	2.70000e+00
1.65000e-04	7.94230e-01	2.70000e+00
3.77000e-05	1.52783e+00	6.50000e+00
9.04800e-05	1.29772e+00	6.50000e+00
1.43260e-04	1.18919e+00	6.50000e+00
1.96040e-04	1.11953e+00	6.50000e+00
2.48820e-04	1.06884e+00	6.50000e+00
6.96000e-05	1.75930e+00	1.20000e+01
1.67040e-04	1.46408e+00	1.20000e+01
2.64480e-04	1.32690e+00	1.20000e+01
3.61920e-04	1.23956e+00	1.20000e+01
4.59360e-04	1.17639e+00	1.20000e+01
4.01500e-05	1.51020e+00	6.50000e+00
9.63600e-05	1.28237e+00	6.50000e+00
1.52570e-04	1.17493e+00	6.50000e+00
2.08780e-04	1.10596e+00	6.50000e+00
2.64990e-04	1.05576e+00	6.50000e+00
8.05000e-05	1.70692e+00	1.20000e+01
1.93200e-04	1.41942e+00	1.20000e+01
3.05900e-04	1.28578e+00	1.20000e+01
4.18600e-04	1.20068e+00	1.20000e+01
5.31300e-04	1.13915e+00	1.20000e+01
4.27500e-05	1.49280e+00	6.50000e+00
1.02600e-04	1.26723e+00	6.50000e+00
1.62450e-04	1.16086e+00	6.50000e+00
2.22300e-04	1.09257e+00	6.50000e+00
2.82150e-04	1.04285e+00	6.50000e+00
8.05000e-05	1.70692e+00	1.20000e+01
1.93200e-04	1.41942e+00	1.20000e+01
3.05900e-04	1.28578e+00	1.20000e+01
4.18600e-04	1.20068e+00	1.20000e+01
5.31300e-04	1.13915e+00	1.20000e+01
4.76000e-05	1.46340e+00	6.50000e+00
1.14240e-04	1.24165e+00	6.50000e+00
1.80880e-04	1.13708e+00	6.50000e+00
2.47520e-04	1.06993e+00	6.50000e+00
3.14160e-04	1.02104e+00	6.50000e+00
9.10000e-05	1.66384e+00	1.20000e+01
2.18400e-04	1.38268e+00	1.20000e+01
3.45800e-04	1.25194e+00	1.20000e+01
4.73200e-04	1.16871e+00	1.20000e+01
6.00600e-04	1.10853e+00	1.20000e+01
4.93000e-05	1.45391e+00	6.50000e+00
1.18320e-04	1.23339e+00	6.50000e+00
1.87340e-04	1.12940e+00	6.50000e+00
2.56360e-04	1.06262e+00	6.50000e+00
3.25380e-04	1.01399e+00	6.50000e+00
1.00000e-04	1.63135e+00	1.20000e+01
2.40000e-04	1.35496e+00	1.20000e+01
3.80000e-04	1.22642e+00	1.20000e+01
5.20000e-04	1.14459e+00	1.20000e+01
6.60000e-04	1.08544e+00	1.20000e+01
4.93000e-05	1.45391e+00	6.50000e+00
1.18320e-04	1.23339e+00	6.50000e+00
1.87340e-04	1.12940e+00	6.50000e+00
2.56360e-04	1.06262e+00	6.50000e+00
3.25380e-04	1.01399e+00	6.50000e+00
1.00000e-04	1.63135e+00	1.20000e+01
2.40000e-04	1.35496e+00	1.20000e+01
3.80000e-04	1.22642e+00	1.20000e+01
5.20000e-04	1.14459e+00	1.20000e+01
6.60000e-04	1.08544e+00	1.20000e+01
6.50000e-05	1.38092e+00	6.50000e+00
1.56000e-04	1.16993e+00	6.50000e+00
2.47000e-04	1.07037e+00	6.50000e+00
3.38000e-04	1.00640e+00	6.50000e+00
4.29000e-04	9.59815e-01	6.50000e+00
1.60000e-04	1.47753e+00	1.20000e+01
3.84000e-04	1.22361e+00	1.20000e+01
6.08000e-04	1.10551e+00	1.20000e+01
8.32000e-04	1.03041e+00	1.20000e+01
1.05600e-03	9.76189e-01	1.20000e+01
6.50000e-05	1.38092e+00	6.50000e+00
1.56000e-04	1.16993e+00	6.50000e+00
2.47000e-04	1.07037e+00	6.50000e+00
3.38000e-04	1.00640e+00	6.50000e+00
4.29000e-04	9.59815e-01	6.50000e+00
1.60000e-04	1.47753e+00	1.20000e+01
3.84000e-04	1.22361e+00	1.20000e+01
6.08000e-04	1.10551e+00	1.20000e+01
8.32000e-04	1.03041e+00	1.20000e+01
1.05600e-03	9.76189e-01	1.20000e+01
1.00000e-04	1.27341e+00	6.50000e+00
2.40000e-04	1.07639e+00	6.50000e+00
3.80000e-04	9.83296e-01	6.50000e+00
5.20000e-04	9.23472e-01	6.50000e+00
6.60000e-04	8.79936e-01	6.50000e+00
2.50000e-04	1.34311e+00	1.20000e+01
6.00000e-04	1.10878e+00	1.20000e+01
9.50000e-04	9.99949e-01	1.20000e+01
1.30000e-03	9.30844e-01	1.20000e+01
1.65000e-03	8.80957e-01	1.20000e+01
1.00000e-04	1.27341e+00	6.50000e+00
2.40000e-04	1.07639e+00	6.50000e+00
3.80000e-04	9.83296e-01	6.50000e+00
5.20000e-04	9.23472e-01	6.50000e+00
6.60000e-04	8.79936e-01	6.50000e+00
4.00000e-04	1.21272e+00	1.20000e+01
9.60000e-04	9.97576e-01	1.20000e+01
1.52000e-03	8.97880e-01	1.20000e+01
2.08000e-03	8.34548e-01	1.20000e+01
2.64000e-03	7.88744e-01	1.20000e+01
1.60000e-04	1.16425e+00	6.50000e+00
3.84000e-04	9.81251e-01	6.50000e+00
6.08000e-04	8.94736e-01	6.50000e+00
8.32000e-04	8.39203e-01	6.50000e+00
1.05600e-03	7.98833e-01	6.50000e+00
6.50000e-04	1.08915e+00	1.20000e+01
1.56000e-03	8.92496e-01	1.20000e+01
2.47000e-03	8.01339e-01	1.20000e+01
3.38000e-03	7.43219e-01	1.20000e+01
4.29000e-03	7.01016e-01	1.20000e+01
2.50000e-04	1.06785e+00	6.50000e+00
6.00000e-04	8.97143e-01	6.50000e+00
9.50000e-04	8.16553e-01	6.50000e+00
1.30000e-03	7.64885e-01	6.50000e+00
1.65000e-03	7.27323e-01	6.50000e+00
1.00000e-03	9.88369e-01	1.20000e+01
2.40000e-03	8.06825e-01	1.20000e+01
3.80000e-03	7.22284e-01	1.20000e+01
5.20000e-03	6.68093e-01	1.20000e+01
6.60000e-03	6.28573e-01	1.20000e+01
4.00000e-04	9.73311e-01	6.50000e+00
9.60000e-04	8.14785e-01	6.50000e+00
1.52000e-03	7.40091e-01	6.50000e+00
2.08000e-03	6.92161e-01	6.50000e+00
2.64000e-03	6.57233e-01	6.50000e+00
1.60000e-03	8.87272e-01	1.20000e+01
3.84000e-03	7.20432e-01	1.20000e+01
6.08000e-03	6.42023e-01	1.20000e+01
8.32000e-03	5.91422e-01	1.20000e+01
1.05600e-02	5.54308e-01	1.20000e+01
6.50000e-04	8.82674e-01	6.50000e+00
1.56000e-03	7.36032e-01	6.50000e+00
2.47000e-03	6.66861e-01	6.50000e+00
3.38000e-03	6.22274e-01	6.50000e+00
4.29000e-03	5.89628e-01	6.50000e+00
2.50000e-03	7.99044e-01	1.20000e+01
6.00000e-03	6.44209e-01	1.20000e+01
9.50000e-03	5.70644e-01	1.20000e+01
1.30000e-02	5.22747e-01	1.20000e+01
1.65000e-02	4.87259e-01	1.20000e+01
1.00000e-03	8.07923e-01	6.50000e+00
2.40000e-03	6.71049e-01	6.50000e+00
3.80000e-03	6.06109e-01	6.50000e+00
5.20000e-03	5.63988e-01	6.50000e+00
6.60000e-03	5.32997e-01	6.50000e+00
1.60000e-03	7.32091e-01	6.50000e+00
3.84000e-03	6.04676e-01	6.50000e+00
6.08000e-03	5.43572e-01	6.50000e+00
8.32000e-03	5.03633e-01	6.50000e+00
1.05600e-02	4.74056e-01	6.50000e+00
8.70000e-05	1.83268e+00	1.50000e+01
2.08800e-04	1.51322e+00	1.50000e+01
3.30600e-04	1.36554e+00	1.50000e+01
4.52400e-04	1.27182e+00	1.50000e+01
5.74200e-04	1.20422e+00	1.50000e+01
2.50000e-03	6.65108e-01	6.50000e+00
6.00000e-03	5.45288e-01	6.50000e+00
9.50000e-03	4.87106e-01	6.50000e+00
1.30000e-02	4.48696e-01	6.50000e+00
1.65000e-02	4.19929e-01	6.50000e+00
1.00000e-04	1.77824e+00	1.50000e+01
2.40000e-04	1.46711e+00	1.50000e+01
3.80000e-04	1.32324e+00	1.50000e+01
5.20000e-04	1.23196e+00	1.50000e+01
6.60000e-04	1.16614e+00	1.50000e+01
1.00000e-04	1.77824e+00	1.50000e+01
2.40000e-04	1.46711e+00	1.50000e+01
3.80000e-04	1.32324e+00	1.50000e+01
5.20000e-04	1.23196e+00	1.50000e+01
6.60000e-04	1.16614e+00	1.50000e+01
1.14000e-04	1.72832e+00	1.50000e+01
2.73600e-04	1.42482e+00	1.50000e+01
4.33200e-04	1.28445e+00	1.50000e+01
5.92800e-04	1.19541e+00	1.50000e+01
7.52400e-04	1.13123e+00	1.50000e+01
4.93000e-05	1.63361e+00	8.50000e+00
1.18320e-04	1.37542e+00	8.50000e+00
1.87340e-04	1.25448e+00	8.50000e+00
2.56360e-04	1.17712e+00	8.50000e+00
3.25380e-04	1.12096e+00	8.50000e+00
1.23000e-04	1.69994e+00	1.50000e+01
2.95200e-04	1.40076e+00	1.50000e+01
4.67400e-04	1.26239e+00	1.50000e+01
6.39600e-04	1.17463e+00	1.50000e+01
8.11800e-04	1.11138e+00	1.50000e+01
5.25000e-05	1.61377e+00	8.50000e+00
1.26000e-04	1.35831e+00	8.50000e+00
1.99500e-04	1.23864e+00	8.50000e+00
2.73000e-04	1.16209e+00	8.50000e+00
3.46500e-04	1.10651e+00	8.50000e+00
1.60000e-04	1.60481e+00	1.50000e+01
3.84000e-04	1.32011e+00	1.50000e+01
6.08000e-04	1.18846e+00	1.50000e+01
8.32000e-04	1.10503e+00	1.50000e+01
1.05600e-03	1.04493e+00	1.50000e+01
5.60000e-05	1.59362e+00	8.50000e+00
1.34400e-04	1.34094e+00	8.50000e+00
2.12800e-04	1.22256e+00	8.50000e+00
2.91200e-04	1.14683e+00	8.50000e+00
3.69600e-04	1.09184e+00	8.50000e+00
1.60000e-04	1.60481e+00	1.50000e+01
3.84000e-04	1.32011e+00	1.50000e+01
6.08000e-04	1.18846e+00	1.50000e+01
8.32000e-04	1.10503e+00	1.50000e+01
1.05600e-03	1.04493e+00	1.50000e+01
6.20000e-05	1.56228e+00	8.50000e+00
1.48800e-04	1.31393e+00	8.50000e+00
2.35600e-04	1.19755e+00	8.50000e+00
3.22400e-04	1.12308e+00	8.50000e+00
4.09200e-04	1.06901e+00	8.50000e+00
2.50000e-04	1.45382e+00	1.50000e+01
6.00000e-04	1.19209e+00	1.50000e+01
9.50000e-04	1.07125e+00	1.50000e+01
1.30000e-03	9.94781e-01	1.50000e+01
1.65000e-03	9.39716e-01	1.50000e+01
6.45000e-05	1.55025e+00	8.50000e+00
1.54800e-04	1.30356e+00	8.50000e+00
2.45100e-04	1.18795e+00	8.50000e+00
3.35400e-04	1.11397e+00	8.50000e+00
4.25700e-04	1.06026e+00	8.50000e+00
4.00000e-04	1.30794e+00	1.50000e+01
9.60000e-04	1.06862e+00	1.50000e+01
1.52000e-03	9.58382e-01	1.50000e+01
2.08000e-03	8.88604e-01	1.50000e+01
2.64000e-03	8.38279e-01	1.50000e+01
6.95000e-05	1.52775e+00	8.50000e+00
1.66800e-04	1.28417e+00	8.50000e+00
2.64100e-04	1.16999e+00	8.50000e+00
3.61400e-04	1.09692e+00	8.50000e+00
4.58700e-04	1.04387e+00	8.50000e+00
6.50000e-04	1.17026e+00	1.50000e+01
1.56000e-03	9.52441e-01	1.50000e+01
2.47000e-03	8.52105e-01	1.50000e+01
3.38000e-03	7.88389e-01	1.50000e+01
4.29000e-03	7.42264e-01	1.50000e+01
6.95000e-05	1.52775e+00	8.50000e+00
1.66800e-04	1.28417e+00	8.50000e+00
2.64100e-04	1.16999e+00	8.50000e+00
3.61400e-04	1.09692e+00	8.50000e+00
4.58700e-04	1.04387e+00	8.50000e+00
1.00000e-03	1.05842e+00	1.50000e+01
2.40000e-03	8.58129e-01	1.50000e+01
3.80000e-03	7.65493e-01	1.50000e+01
5.20000e-03	7.06372e-01	1.50000e+01
6.60000e-03	6.63401e-01	1.50000e+01
1.00000e-04	1.42210e+00	8.50000e+00
2.40000e-04	1.19305e+00	8.50000e+00
3.80000e-04	1.08558e+00	8.50000e+00
5.20000e-04	1.01679e+00	8.50000e+00
6.60000e-04	9.66888e-01	8.50000e+00
1.60000e-03	9.46680e-01	1.50000e+01
3.84000e-03	7.63468e-01	1.50000e+01
6.08000e-03	6.78012e-01	1.50000e+01
8.32000e-03	6.23123e-01	1.50000e+01
1.05600e-02	5.83007e-01	1.50000e+01
1.00000e-04	1.42210e+00	8.50000e+00
2.40000e-04	1.19305e+00	8.50000e+00
3.80000e-04	1.08558e+00	8.50000e+00
5.20000e-04	1.01679e+00	8.50000e+00
6.60000e-04	9.66888e-01	8.50000e+00
2.50000e-03	8.49584e-01	1.50000e+01
6.00000e-03	6.80388e-01	1.50000e+01
9.50000e-03	6.00649e-01	1.50000e+01
1.30000e-02	5.48995e-01	1.50000e+01
1.65000e-02	5.10873e-01	1.50000e+01
1.60000e-04	1.29495e+00	8.50000e+00
3.84000e-04	1.08322e+00	8.50000e+00
6.08000e-04	9.83839e-01	8.50000e+00
8.32000e-04	9.20313e-01	8.50000e+00
1.05600e-03	8.74271e-01	8.50000e+00
4.00000e-03	7.55611e-01	1.50000e+01
9.60000e-03	5.98891e-01	1.50000e+01
1.52000e-02	5.23906e-01	1.50000e+01
2.08000e-02	4.74453e-01	1.50000e+01
2.64000e-02	4.37196e-01	1.50000e+01
2.50000e-04	1.18317e+00	8.50000e+00
6.00000e-04	9.86597e-01	8.50000e+00
9.50000e-04	8.94465e-01	8.50000e+00
1.30000e-03	8.35648e-01	8.50000e+00
1.65000e-03	7.93020e-01	8.50000e+00
4.00000e-04	1.07408e+00	8.50000e+00
9.60000e-04	8.92450e-01	8.50000e+00
1.52000e-03	8.07498e-01	8.50000e+00
2.08000e-03	7.53226e-01	8.50000e+00
2.64000e-03	7.13807e-01	8.50000e+00
1.04500e-04	1.88656e+00	1.80000e+01
2.50800e-04	1.54740e+00	1.80000e+01
3.97100e-04	1.39128e+00	1.80000e+01
5.43400e-04	1.29251e+00	1.80000e+01
6.89700e-04	1.22143e+00	1.80000e+01
6.50000e-04	9.70023e-01	8.50000e+00
1.56000e-03	8.02893e-01	8.50000e+00
2.47000e-03	7.24662e-01	8.50000e+00
3.38000e-03	6.74474e-01	8.50000e+00
4.29000e-03	6.37858e-01	8.50000e+00
1.18500e-04	1.83420e+00	1.80000e+01
2.84400e-04	1.50328e+00	1.80000e+01
4.50300e-04	1.35096e+00	1.80000e+01
6.16200e-04	1.25460e+00	1.80000e+01
7.82100e-04	1.18529e+00	1.80000e+01
1.00000e-03	8.84627e-01	8.50000e+00
2.40000e-03	7.29386e-01	8.50000e+00
3.80000e-03	6.56329e-01	8.50000e+00
5.20000e-03	6.09185e-01	8.50000e+00
6.60000e-03	5.74631e-01	8.50000e+00
1.34000e-04	1.78424e+00	1.80000e+01
3.21600e-04	1.46119e+00	1.80000e+01
5.09200e-04	1.31248e+00	1.80000e+01
6.96800e-04	1.21845e+00	1.80000e+01
8.84400e-04	1.15083e+00	1.80000e+01
1.60000e-03	7.98425e-01	8.50000e+00
3.84000e-03	6.54722e-01	8.50000e+00
6.08000e-03	5.86409e-01	8.50000e+00
8.32000e-03	5.42004e-01	8.50000e+00
1.05600e-02	5.09259e-01	8.50000e+00
1.34000e-04	1.78424e+00	1.80000e+01
3.21600e-04	1.46119e+00	1.80000e+01
5.09200e-04	1.31248e+00	1.80000e+01
6.96800e-04	1.21845e+00	1.80000e+01
8.84400e-04	1.15083e+00	1.80000e+01
2.50000e-03	7.22685e-01	8.50000e+00
6.00000e-03	5.88321e-01	8.50000e+00
9.50000e-03	5.23691e-01	8.50000e+00
1.30000e-02	4.81283e-01	8.50000e+00
1.65000e-02	4.49671e-01	8.50000e+00
1.64000e-04	1.70471e+00	1.80000e+01
3.93600e-04	1.39416e+00	1.80000e+01
6.23200e-04	1.25125e+00	1.80000e+01
8.52800e-04	1.16094e+00	1.80000e+01
1.08240e-03	1.09602e+00	1.80000e+01
1.64000e-04	1.70471e+00	1.80000e+01
3.93600e-04	1.39416e+00	1.80000e+01
6.23200e-04	1.25125e+00	1.80000e+01
8.52800e-04	1.16094e+00	1.80000e+01
1.08240e-03	1.09602e+00	1.80000e+01
6.50000e-05	1.65619e+00	1.00000e+01
1.56000e-04	1.38611e+00	1.00000e+01
2.47000e-04	1.26005e+00	1.00000e+01
3.38000e-04	1.17958e+00	1.00000e+01
4.29000e-04	1.12126e+00	1.00000e+01
2.50000e-04	1.54853e+00	1.80000e+01
6.00000e-04	1.26256e+00	1.80000e+01
9.50000e-04	1.13116e+00	1.80000e+01
1.30000e-03	1.04824e+00	1.80000e+01
1.65000e-03	9.88647e-01	1.80000e+01
1.00000e-04	1.51810e+00	1.00000e+01
2.40000e-04	1.26765e+00	1.00000e+01
3.80000e-04	1.15063e+00	1.00000e+01
5.20000e-04	1.07592e+00	1.00000e+01
6.60000e-04	1.02181e+00	1.00000e+01
2.50000e-04	1.54853e+00	1.80000e+01
6.00000e-04	1.26256e+00	1.80000e+01
9.50000e-04	1.13116e+00	1.80000e+01
1.30000e-03	1.04824e+00	1.80000e+01
1.65000e-03	9.88647e-01	1.80000e+01
1.60000e-04	1.37890e+00	1.00000e+01
3.84000e-04	1.14807e+00	1.00000e+01
6.08000e-04	1.04018e+00	1.00000e+01
8.32000e-04	9.71394e-01	1.00000e+01
1.05600e-03	9.21626e-01	1.00000e+01
4.00000e-04	1.38892e+00	1.80000e+01
9.60000e-04	1.12830e+00	1.80000e+01
1.52000e-03	1.00883e+00	1.80000e+01
2.08000e-03	9.33437e-01	1.80000e+01
2.64000e-03	8.79181e-01	1.80000e+01
2.50000e-04	1.25687e+00	1.00000e+01
6.00000e-04	1.04317e+00	1.00000e+01
9.50000e-04	9.43445e-01	1.00000e+01
1.30000e-03	8.79939e-01	1.00000e+01
1.65000e-03	8.33999e-01	1.00000e+01
6.50000e-04	1.23879e+00	1.80000e+01
1.56000e-03	1.00241e+00	1.80000e+01
2.47000e-03	8.94076e-01	1.80000e+01
3.38000e-03	8.25510e-01	1.80000e+01
4.29000e-03	7.76000e-01	1.80000e+01
4.00000e-04	1.13813e+00	1.00000e+01
9.60000e-04	9.41267e-01	1.00000e+01
1.52000e-03	8.49593e-01	1.00000e+01
2.08000e-03	7.91184e-01	1.00000e+01
2.64000e-03	7.48845e-01	1.00000e+01
1.00000e-03	1.11723e+00	1.80000e+01
2.40000e-03	9.00569e-01	1.80000e+01
3.80000e-03	8.00919e-01	1.80000e+01
5.20000e-03	7.37554e-01	1.80000e+01
6.60000e-03	6.91623e-01	1.80000e+01
6.50000e-04	1.02521e+00	1.00000e+01
1.56000e-03	8.44633e-01	1.00000e+01
2.47000e-03	7.60496e-01	1.00000e+01
3.38000e-03	7.06675e-01	1.00000e+01
4.29000e-03	6.67496e-01	1.00000e+01
1.60000e-03	9.96177e-01	1.80000e+01
3.84000e-03	7.98746e-01	1.80000e+01
6.08000e-03	7.07228e-01	1.80000e+01
8.32000e-03	6.48675e-01	1.80000e+01
1.05600e-02	6.06007e-01	1.80000e+01
1.00000e-03	9.32813e-01	1.00000e+01
2.40000e-03	7.65568e-01	1.00000e+01
3.80000e-03	6.87251e-01	1.00000e+01
5.20000e-03	6.36870e-01	1.00000e+01
6.60000e-03	6.00031e-01	1.00000e+01
2.50000e-03	8.91361e-01	1.80000e+01
6.00000e-03	7.09766e-01	1.80000e+01
9.50000e-03	6.24757e-01	1.80000e+01
1.30000e-02	5.69920e-01	1.80000e+01
1.65000e-02	5.29578e-01	1.80000e+01
2.50000e-03	7.58373e-01	1.00000e+01
6.00000e-03	6.14617e-01	1.00000e+01
9.50000e-03	5.45868e-01	1.00000e+01
1.30000e-02	5.00922e-01	1.00000e+01
1.65000e-02	4.67514e-01	1.00000e+01
4.00000e-03	7.90314e-01	1.80000e+01
9.60000e-03	6.22889e-01	1.80000e+01
1.52000e-02	5.43356e-01	1.80000e+01
2.08000e-02	4.91152e-01	1.80000e+01
2.64000e-02	4.51968e-01	1.80000e+01
1.45000e-04	1.88314e+00	2.20000e+01
3.48000e-04	1.53165e+00	2.20000e+01
5.51000e-04	1.37070e+00	2.20000e+01
7.54000e-04	1.26926e+00	2.20000e+01
9.57000e-04	1.19648e+00	2.20000e+01
1.00000e-03	1.34171e+00	3.50000e+01
2.40000e-03	1.05719e+00	3.50000e+01
3.80000e-03	9.28959e-01	3.50000e+01
5.20000e-03	8.48505e-01	3.50000e+01
6.60000e-03	7.90777e-01	3.50000e+01
1.60000e-04	1.84043e+00	2.20000e+01
3.84000e-04	1.49589e+00	2.20000e+01
6.08000e-04	1.33815e+00	2.20000e+01
8.32000e-04	1.23877e+00	2.20000e+01
1.05600e-03	1.16748e+00	2.20000e+01
1.60000e-03	1.18188e+00	3.50000e+01
3.84000e-03	9.26185e-01	3.50000e+01
6.08000e-03	8.10332e-01	3.50000e+01
8.32000e-03	7.37280e-01	3.50000e+01
1.05600e-02	6.84621e-01	3.50000e+01
1.72500e-04	1.80837e+00	2.20000e+01
4.14000e-04	1.46904e+00	2.20000e+01
6.55500e-04	1.31372e+00	2.20000e+01
8.97000e-04	1.21589e+00	2.20000e+01
1.13850e-03	1.14572e+00	2.20000e+01
2.50000e-03	1.04526e+00	3.50000e+01
6.00000e-03	8.13518e-01	3.50000e+01
9.50000e-03	7.07700e-01	3.50000e+01
1.30000e-02	6.40490e-01	3.50000e+01
1.65000e-02	5.91631e-01	3.50000e+01
1.94000e-04	1.75927e+00	2.20000e+01
4.65600e-04	1.42793e+00	2.20000e+01
7.37200e-04	1.27633e+00	2.20000e+01
1.00880e-03	1.18088e+00	2.20000e+01
1.28040e-03	1.11243e+00	2.20000e+01
4.00000e-03	9.15431e-01	3.50000e+01
9.60000e-03	7.05395e-01	3.50000e+01
1.52000e-02	6.08259e-01	3.50000e+01
2.08000e-02	5.45600e-01	3.50000e+01
2.64000e-02	4.99220e-01	3.50000e+01
2.50000e-04	1.65716e+00	2.20000e+01
6.00000e-04	1.34249e+00	2.20000e+01
9.50000e-04	1.19867e+00	2.20000e+01
1.30000e-03	1.10818e+00	2.20000e+01
1.65000e-03	1.04330e+00	2.20000e+01
2.50000e-04	1.65716e+00	2.20000e+01
6.00000e-04	1.34249e+00	2.20000e+01
9.50000e-04	1.19867e+00	2.20000e+01
1.30000e-03	1.10818e+00	2.20000e+01
1.65000e-03	1.04330e+00	2.20000e+01
2.96000e-04	1.59201e+00	2.20000e+01
7.10400e-04	1.28802e+00	2.20000e+01
1.12480e-03	1.14920e+00	2.20000e+01
1.53920e-03	1.06188e+00	2.20000e+01
1.95360e-03	9.99268e-01	2.20000e+01
4.00000e-04	1.48127e+00	2.20000e+01
9.60000e-04	1.19555e+00	2.20000e+01
1.52000e-03	1.06527e+00	2.20000e+01
2.08000e-03	9.83313e-01	2.20000e+01
2.64000e-03	9.24485e-01	2.20000e+01
6.50000e-04	1.31644e+00	2.20000e+01
1.56000e-03	1.05827e+00	2.20000e+01
2.47000e-03	9.40622e-01	2.20000e+01
3.38000e-03	8.66426e-01	2.20000e+01
4.29000e-03	8.13001e-01	2.20000e+01
2.95000e-04	1.99090e+00	4.50000e+01
7.08000e-04	1.57241e+00	4.50000e+01
1.12100e-03	1.38486e+00	4.50000e+01
1.53400e-03	1.26819e+00	4.50000e+01
1.94700e-03	1.18521e+00	4.50000e+01
1.00000e-03	1.18346e+00	2.20000e+01
2.40000e-03	9.47660e-01	2.20000e+01
3.80000e-03	8.39874e-01	2.20000e+01
5.20000e-03	7.71612e-01	2.20000e+01
6.60000e-03	7.22282e-01	2.20000e+01
3.17000e-04	1.95323e+00	4.50000e+01
7.60800e-04	1.54169e+00	4.50000e+01
1.20460e-03	1.35733e+00	4.50000e+01
1.64840e-03	1.24265e+00	4.50000e+01
2.09220e-03	1.16109e+00	4.50000e+01
1.60000e-03	1.05149e+00	2.20000e+01
3.84000e-03	8.37530e-01	2.20000e+01
6.08000e-03	7.39027e-01	2.20000e+01
8.32000e-03	6.76280e-01	2.20000e+01
1.05600e-02	6.30704e-01	2.20000e+01
3.50000e-04	1.90237e+00	4.50000e+01
8.40000e-04	1.50024e+00	4.50000e+01
1.33000e-03	1.32018e+00	4.50000e+01
1.82000e-03	1.20820e+00	4.50000e+01
2.31000e-03	1.12855e+00	4.50000e+01
2.50000e-03	9.37679e-01	2.20000e+01
6.00000e-03	7.41752e-01	2.20000e+01
9.50000e-03	6.50716e-01	2.20000e+01
1.30000e-02	5.92263e-01	2.20000e+01
1.65000e-02	5.49414e-01	2.20000e+01
4.00000e-04	1.83561e+00	4.50000e+01
9.60000e-04	1.44586e+00	4.50000e+01
1.52000e-03	1.27148e+00	4.50000e+01
2.08000e-03	1.16303e+00	4.50000e+01
2.64000e-03	1.08587e+00	4.50000e+01
4.00000e-03	8.28434e-01	2.20000e+01
9.60000e-03	6.48720e-01	2.20000e+01
1.52000e-02	5.64033e-01	2.20000e+01
2.08000e-02	5.08734e-01	2.20000e+01
2.64000e-02	4.67401e-01	2.20000e+01
4.00000e-04	1.83561e+00	4.50000e+01
9.60000e-04	1.44586e+00	4.50000e+01
1.52000e-03	1.27148e+00	4.50000e+01
2.08000e-03	1.16303e+00	4.50000e+01
2.64000e-03	1.08587e+00	4.50000e+01
4.60000e-04	1.76791e+00	4.50000e+01
1.10400e-03	1.39078e+00	4.50000e+01
1.74800e-03	1.22215e+00	4.50000e+01
2.39200e-03	1.11727e+00	4.50000e+01
3.03600e-03	1.04262e+00	4.50000e+01
5.50000e-04	1.68450e+00	4.50000e+01
1.32000e-03	1.32298e+00	4.50000e+01
2.09000e-03	1.16144e+00	4.50000e+01
2.86000e-03	1.06092e+00	4.50000e+01
3.63000e-03	9.89329e-01	4.50000e+01
1.57000e-04	1.98435e+00	2.70000e+01
3.76800e-04	1.60244e+00	2.70000e+01
5.96600e-04	1.42852e+00	2.70000e+01
8.16400e-04	1.31927e+00	2.70000e+01
1.03620e-03	1.24108e+00	2.70000e+01
6.50000e-04	1.60961e+00	4.50000e+01
1.56000e-03	1.26218e+00	4.50000e+01
2.47000e-03	1.10697e+00	4.50000e+01
3.38000e-03	1.01034e+00	4.50000e+01
4.29000e-03	9.41457e-01	4.50000e+01
1.67500e-04	1.95364e+00	2.70000e+01
4.02000e-04	1.57690e+00	2.70000e+01
6.36500e-04	1.40536e+00	2.70000e+01
8.71000e-04	1.29764e+00	2.70000e+01
1.10550e-03	1.22054e+00	2.70000e+01
6.50000e-04	1.60961e+00	4.50000e+01
1.56000e-03	1.26218e+00	4.50000e+01
2.47000e-03	1.10697e+00	4.50000e+01
3.38000e-03	1.01034e+00	4.50000e+01
4.29000e-03	9.41457e-01	4.50000e+01
1.77500e-04	1.92648e+00	2.70000e+01
4.26000e-04	1.55432e+00	2.70000e+01
6.74500e-04	1.38489e+00	2.70000e+01
9.23000e-04	1.27851e+00	2.70000e+01
1.17150e-03	1.20239e+00	2.70000e+01
1.00000e-03	1.42958e+00	4.50000e+01
2.40000e-03	1.11619e+00	4.50000e+01
3.80000e-03	9.76031e-01	4.50000e+01
5.20000e-03	8.88526e-01	4.50000e+01
6.60000e-03	8.25978e-01	4.50000e+01
2.05000e-04	1.86044e+00	2.70000e+01
4.92000e-04	1.49941e+00	2.70000e+01
7.79000e-04	1.33514e+00	2.70000e+01
1.06600e-03	1.23204e+00	2.70000e+01
1.35300e-03	1.15829e+00	2.70000e+01
1.60000e-03	1.25318e+00	4.50000e+01
3.84000e-03	9.73008e-01	4.50000e+01
6.08000e-03	8.47142e-01	4.50000e+01
8.32000e-03	7.68211e-01	4.50000e+01
1.05600e-02	7.11547e-01	4.50000e+01
2.05000e-04	1.86044e+00	2.70000e+01
4.92000e-04	1.49941e+00	2.70000e+01
7.79000e-04	1.33514e+00	2.70000e+01
1.06600e-03	1.23204e+00	2.70000e+01
1.35300e-03	1.15829e+00	2.70000e+01
2.50000e-03	1.10312e+00	4.50000e+01
6.00000e-03	8.50593e-01	4.50000e+01
9.50000e-03	7.36356e-01	4.50000e+01
1.30000e-02	6.64225e-01	4.50000e+01
1.65000e-02	6.12025e-01	4.50000e+01
2.50000e-04	1.77267e+00	2.70000e+01
6.00000e-04	1.42648e+00	2.70000e+01
9.50000e-04	1.26909e+00	2.70000e+01
1.30000e-03	1.17038e+00	2.70000e+01
1.65000e-03	1.09977e+00	2.70000e+01
4.00000e-03	9.61292e-01	4.50000e+01
9.60000e-03	7.33877e-01	4.50000e+01
1.52000e-02	6.29766e-01	4.50000e+01
2.08000e-02	5.63052e-01	4.50000e+01
2.64000e-02	5.13933e-01	4.50000e+01
2.50000e-04	1.77267e+00	2.70000e+01
6.00000e-04	1.42648e+00	2.70000e+01
9.50000e-04	1.26909e+00	2.70000e+01
1.30000e-03	1.17038e+00	2.70000e+01
1.65000e-03	1.09977e+00	2.70000e+01
4.00000e-04	1.57886e+00	2.70000e+01
9.60000e-04	1.26569e+00	2.70000e+01
1.52000e-03	1.12366e+00	2.70000e+01
2.08000e-03	1.03461e+00	2.70000e+01
2.64000e-03	9.70850e-01	2.70000e+01
4.00000e-04	1.57886e+00	2.70000e+01
9.60000e-04	1.26569e+00	2.70000e+01
1.52000e-03	1.12366e+00	2.70000e+01
2.08000e-03	1.03461e+00	2.70000e+01
2.64000e-03	9.70850e-01	2.70000e+01
6.50000e-04	1.39792e+00	2.70000e+01
1.56000e-03	1.11605e+00	2.70000e+01
2.47000e-03	9.88325e-01	2.70000e+01
3.38000e-03	9.08074e-01	2.70000e+01
4.29000e-03	8.50456e-01	2.70000e+01
1.00000e-03	1.25248e+00	2.70000e+01
2.40000e-03	9.95950e-01	2.70000e+01
3.80000e-03	8.79420e-01	2.70000e+01
5.20000e-03	8.05923e-01	2.70000e+01
6.60000e-03	7.52977e-01	2.70000e+01
4.00000e-04	1.98726e+00	6.00000e+01
9.60000e-04	1.54948e+00	6.00000e+01
1.52000e-03	1.35509e+00	6.00000e+01
2.08000e-03	1.23475e+00	6.00000e+01
2.64000e-03	1.14943e+00	6.00000e+01
1.60000e-03	1.10868e+00	2.70000e+01
3.84000e-03	8.76892e-01	2.70000e+01
6.08000e-03	7.70933e-01	2.70000e+01
8.32000e-03	7.03739e-01	2.70000e+01
1.05600e-02	6.55096e-01	2.70000e+01
4.30000e-04	1.94743e+00	6.00000e+01
1.03200e-03	1.51738e+00	6.00000e+01
1.63400e-03	1.32649e+00	6.00000e+01
2.23600e-03	1.20833e+00	6.00000e+01
2.83800e-03	1.12453e+00	6.00000e+01
2.50000e-03	9.85137e-01	2.70000e+01
6.00000e-03	7.73857e-01	2.70000e+01
9.50000e-03	6.76437e-01	2.70000e+01
1.30000e-02	6.14184e-01	2.70000e+01
1.65000e-02	5.68716e-01	2.70000e+01
4.70000e-04	1.89940e+00	6.00000e+01
1.12800e-03	1.47869e+00	6.00000e+01
1.78600e-03	1.29203e+00	6.00000e+01
2.44400e-03	1.17648e+00	6.00000e+01
3.10200e-03	1.09452e+00	6.00000e+01
4.00000e-03	8.67085e-01	2.70000e+01
9.60000e-03	6.74308e-01	2.70000e+01
1.52000e-02	5.84211e-01	2.70000e+01
2.08000e-02	5.25695e-01	2.70000e+01
2.64000e-02	4.82144e-01	2.70000e+01
5.50000e-04	1.81703e+00	6.00000e+01
1.32000e-03	1.41240e+00	6.00000e+01
2.09000e-03	1.23299e+00	6.00000e+01
2.86000e-03	1.12190e+00	6.00000e+01
3.63000e-03	1.04307e+00	6.00000e+01
6.50000e-04	1.73289e+00	6.00000e+01
1.56000e-03	1.34476e+00	6.00000e+01
2.47000e-03	1.17274e+00	6.00000e+01
3.38000e-03	1.06618e+00	6.00000e+01
4.29000e-03	9.90513e-01	6.00000e+01
6.50000e-04	1.73289e+00	6.00000e+01
1.56000e-03	1.34476e+00	6.00000e+01
2.47000e-03	1.17274e+00	6.00000e+01
3.38000e-03	1.06618e+00	6.00000e+01
4.29000e-03	9.90513e-01	6.00000e+01
7.50000e-04	1.66352e+00	6.00000e+01
1.80000e-03	1.28904e+00	6.00000e+01
2.85000e-03	1.12309e+00	6.00000e+01
3.90000e-03	1.02024e+00	6.00000e+01
4.95000e-03	9.47150e-01	6.00000e+01
2.30000e-04	1.96669e+00	3.50000e+01
5.52000e-04	1.56998e+00	3.50000e+01
8.74000e-04	1.39078e+00	3.50000e+01
1.19600e-03	1.27880e+00	3.50000e+01
1.51800e-03	1.19892e+00	3.50000e+01
1.00000e-03	1.53129e+00	6.00000e+01
2.40000e-03	1.18293e+00	6.00000e+01
3.80000e-03	1.02846e+00	6.00000e+01
5.20000e-03	9.32560e-01	6.00000e+01
6.60000e-03	8.64308e-01	6.00000e+01
2.50000e-04	1.92552e+00	3.50000e+01
6.00000e-04	1.53607e+00	3.50000e+01
9.50000e-04	1.36022e+00	3.50000e+01
1.30000e-03	1.25036e+00	3.50000e+01
1.65000e-03	1.17200e+00	3.50000e+01
1.60000e-03	1.33475e+00	6.00000e+01
3.84000e-03	1.02514e+00	6.00000e+01
6.08000e-03	8.87373e-01	6.00000e+01
8.32000e-03	8.01512e-01	6.00000e+01
1.05600e-02	7.40161e-01	6.00000e+01
2.65500e-04	1.89628e+00	3.50000e+01
6.37200e-04	1.51200e+00	3.50000e+01
1.00890e-03	1.33854e+00	3.50000e+01
1.38060e-03	1.23019e+00	3.50000e+01
1.75230e-03	1.15290e+00	3.50000e+01
2.50000e-03	1.16848e+00	6.00000e+01
6.00000e-03	8.91137e-01	6.00000e+01
9.50000e-03	7.66991e-01	6.00000e+01
1.30000e-02	6.89127e-01	6.00000e+01
1.65000e-02	6.33066e-01	6.00000e+01
2.87000e-04	1.85900e+00	3.50000e+01
6.88800e-04	1.48132e+00	3.50000e+01
1.09060e-03	1.31090e+00	3.50000e+01
1.49240e-03	1.20448e+00	3.50000e+01
1.89420e-03	1.12856e+00	3.50000e+01
4.00000e-03	1.01227e+00	6.00000e+01
9.60000e-03	7.64308e-01	6.00000e+01
1.52000e-02	6.52090e-01	6.00000e+01
2.08000e-02	5.80722e-01	6.00000e+01
2.64000e-02	5.28495e-01	6.00000e+01
3.08000e-04	1.82575e+00	3.50000e+01
7.39200e-04	1.45395e+00	3.50000e+01
1.17040e-03	1.28627e+00	3.50000e+01
1.60160e-03	1.18156e+00	3.50000e+01
2.03280e-03	1.10686e+00	3.50000e+01
3.28500e-04	1.79585e+00	3.50000e+01
7.88400e-04	1.42937e+00	3.50000e+01
1.24830e-03	1.26414e+00	3.50000e+01
1.70820e-03	1.16096e+00	3.50000e+01
2.16810e-03	1.08736e+00	3.50000e+01
4.00000e-04	1.70707e+00	3.50000e+01
9.60000e-04	1.35643e+00	3.50000e+01
1.52000e-03	1.19849e+00	3.50000e+01
2.08000e-03	1.09988e+00	3.50000e+01
2.64000e-03	1.02950e+00	3.50000e+01
4.00000e-04	1.70707e+00	3.50000e+01
9.60000e-04	1.35643e+00	3.50000e+01
1.52000e-03	1.19849e+00	3.50000e+01
2.08000e-03	1.09988e+00	3.50000e+01
2.64000e-03	1.02950e+00	3.50000e+01
5.00000e-04	1.61105e+00	3.50000e+01
1.20000e-03	1.27765e+00	3.50000e+01
1.90000e-03	1.12762e+00	3.50000e+01
2.60000e-03	1.03390e+00	3.50000e+01
3.30000e-03	9.66951e-01	3.50000e+01
6.50000e-04	1.50411e+00	3.50000e+01
1.56000e-03	1.19005e+00	3.50000e+01
2.47000e-03	1.04877e+00	3.50000e+01
3.38000e-03	9.60418e-01	3.50000e+01
4.29000e-03	8.97211e-01	3.50000e+01
4.61000e-04	1.98766e+00	7.00000e+01
1.10640e-03	1.53917e+00	7.00000e+01
1.75180e-03	1.34097e+00	7.00000e+01
2.39720e-03	1.21859e+00	7.00000e+01
3.04260e-03	1.13195e+00	7.00000e+01
5.00000e-04	1.94177e+00	7.00000e+01
1.20000e-03	1.50241e+00	7.00000e+01
1.90000e-03	1.30833e+00	7.00000e+01
2.60000e-03	1.18848e+00	7.00000e+01
3.30000e-03	1.10362e+00	7.00000e+01
5.50000e-04	1.88909e+00	7.00000e+01
1.32000e-03	1.46024e+00	7.00000e+01
2.09000e-03	1.27088e+00	7.00000e+01
2.86000e-03	1.15394e+00	7.00000e+01
3.63000e-03	1.07111e+00	7.00000e+01
6.20000e-04	1.82463e+00	7.00000e+01
1.48800e-03	1.40869e+00	7.00000e+01
2.35600e-03	1.22510e+00	7.00000e+01
3.22400e-03	1.11169e+00	7.00000e+01
4.09200e-03	1.03134e+00	7.00000e+01
6.50000e-04	1.79974e+00	7.00000e+01
1.56000e-03	1.38879e+00	7.00000e+01
2.47000e-03	1.20742e+00	7.00000e+01
3.38000e-03	1.09538e+00	7.00000e+01
4.29000e-03	1.01598e+00	7.00000e+01
6.50000e-04	1.79974e+00	7.00000e+01
1.56000e-03	1.38879e+00	7.00000e+01
2.47000e-03	1.20742e+00	7.00000e+01
3.38000e-03	1.09538e+00	7.00000e+01
4.29000e-03	1.01598e+00	7.00000e+01
1.00000e-03	1.58602e+00	7.00000e+01
2.40000e-03	1.21815e+00	7.00000e+01
3.80000e-03	1.05578e+00	7.00000e+01
5.20000e-03	9.55267e-01	7.00000e+01
6.60000e-03	8.83895e-01	7.00000e+01
1.00000e-03	1.58602e+00	7.00000e+01
2.40000e-03	1.21815e+00	7.00000e+01
3.80000e-03	1.05578e+00	7.00000e+01
5.20000e-03	9.55267e-01	7.00000e+01
6.60000e-03	8.83895e-01	7.00000e+01
1.25000e-03	1.48422e+00	7.00000e+01
3.00000e-03	1.13693e+00	7.00000e+01
4.75000e-03	9.83472e-01	7.00000e+01
6.50000e-03	8.88343e-01	7.00000e+01
8.25000e-03	8.20690e-01	7.00000e+01
1.60000e-03	1.37823e+00	7.00000e+01
3.84000e-03	1.05229e+00	7.00000e+01
6.08000e-03	9.07998e-01	7.00000e+01
8.32000e-03	8.18361e-01	7.00000e+01
1.05600e-02	7.54468e-01	7.00000e+01
2.50000e-03	1.20294e+00	7.00000e+01
6.00000e-03	9.11933e-01	7.00000e+01
9.50000e-03	7.82392e-01	7.00000e+01
1.30000e-02	7.01431e-01	7.00000e+01
1.65000e-02	6.43300e-01	7.00000e+01
4.00000e-03	1.03880e+00	7.00000e+01
9.60000e-03	7.79598e-01	7.00000e+01
1.52000e-02	6.63010e-01	7.00000e+01
2.08000e-02	5.89159e-01	7.00000e+01
2.64000e-02	5.35291e-01	7.00000e+01
6.50000e-04	1.90938e+00	9.00000e+01
1.56000e-03	1.45990e+00	9.00000e+01
2.47000e-03	1.26289e+00	9.00000e+01
3.38000e-03	1.14169e+00	9.00000e+01
4.29000e-03	1.05609e+00	9.00000e+01
7.50000e-04	1.82860e+00	9.00000e+01
1.80000e-03	1.39592e+00	9.00000e+01
2.85000e-03	1.20633e+00	9.00000e+01
3.90000e-03	1.08966e+00	9.00000e+01
4.95000e-03	1.00722e+00	9.00000e+01
1.00000e-03	1.67514e+00	9.00000e+01
2.40000e-03	1.27451e+00	9.00000e+01
3.80000e-03	1.09896e+00	9.00000e+01
5.20000e-03	9.90812e-01	9.00000e+01
6.60000e-03	9.14290e-01	9.00000e+01
1.00000e-03	1.67514e+00	9.00000e+01
2.40000e-03	1.27451e+00	9.00000e+01
3.80000e-03	1.09896e+00	9.00000e+01
5.20000e-03	9.90812e-01	9.00000e+01
6.60000e-03	9.14290e-01	9.00000e+01
1.60000e-03	1.44840e+00	9.00000e+01
3.84000e-03	1.09521e+00	9.00000e+01
6.08000e-03	9.40105e-01	9.00000e+01
8.32000e-03	8.44253e-01	9.00000e+01
1.05600e-02	7.76199e-01	9.00000e+01
2.50000e-03	1.25803e+00	9.00000e+01
6.00000e-03	9.44322e-01	9.00000e+01
9.50000e-03	8.05912e-01	9.00000e+01
1.30000e-02	7.19897e-01	9.00000e+01
1.65000e-02	6.58408e-01	9.00000e+01
4.00000e-03	1.08066e+00	9.00000e+01
9.60000e-03	8.02937e-01	9.00000e+01
1.52000e-02	6.79229e-01	9.00000e+01
2.08000e-02	6.01373e-01	9.00000e+01
2.64000e-02	5.44880e-01	9.00000e+01
