3.10500e-07	8.26879e-02	4.50000e-02
7.45200e-07	7.91665e-02	4.50000e-02
1.17990e-06	7.73548e-02	4.50000e-02
1.61460e-06	7.61310e-02	4.50000e-02
2.04930e-06	7.52071e-02	4.50000e-02
3.31000e-05	3.02997e-01	3.50000e-01
7.94400e-05	2.78641e-01	3.50000e-01
1.25780e-04	2.66166e-01	3.50000e-01
1.72120e-04	2.57770e-01	3.50000e-01
2.18460e-04	2.51451e-01	3.50000e-01
4.48500e-07	1.11107e-01	6.50000e-02
1.07640e-06	1.06011e-01	6.50000e-02
1.70430e-06	1.03387e-01	6.50000e-02
2.33220e-06	1.01615e-01	6.50000e-02
2.96010e-06	1.00276e-01	6.50000e-02
6.50000e-05	2.84154e-01	3.50000e-01
1.56000e-04	2.60392e-01	3.50000e-01
2.47000e-04	2.48218e-01	3.50000e-01
3.38000e-04	2.40023e-01	3.50000e-01
4.29000e-04	2.33852e-01	3.50000e-01
5.10000e-07	1.10350e-01	6.50000e-02
1.22400e-06	1.05274e-01	6.50000e-02
1.93800e-06	1.02660e-01	6.50000e-02
2.65200e-06	1.00892e-01	6.50000e-02
3.36600e-06	9.95582e-02	6.50000e-02
1.10000e-04	2.69783e-01	3.50000e-01
2.64000e-04	2.46472e-01	3.50000e-01
4.18000e-04	2.34522e-01	3.50000e-01
5.72000e-04	2.26472e-01	3.50000e-01
7.26000e-04	2.20408e-01	3.50000e-01
5.85000e-07	1.37130e-01	8.50000e-02
1.40400e-06	1.30458e-01	8.50000e-02
2.22300e-06	1.27023e-01	8.50000e-02
3.04200e-06	1.24701e-01	8.50000e-02
3.86100e-06	1.22949e-01	8.50000e-02
2.50000e-04	2.47901e-01	3.50000e-01
6.00000e-04	2.25253e-01	3.50000e-01
9.50000e-04	2.13622e-01	3.50000e-01
1.30000e-03	2.05770e-01	3.50000e-01
1.65000e-03	1.99840e-01	3.50000e-01
6.70000e-07	1.36084e-01	8.50000e-02
1.60800e-06	1.29440e-01	8.50000e-02
2.54600e-06	1.26016e-01	8.50000e-02
3.48400e-06	1.23703e-01	8.50000e-02
4.42200e-06	1.21956e-01	8.50000e-02
1.25500e-03	2.06648e-01	3.50000e-01
3.01200e-03	1.84963e-01	3.50000e-01
4.76900e-03	1.73602e-01	3.50000e-01
6.52600e-03	1.65796e-01	3.50000e-01
8.28300e-03	1.59813e-01	3.50000e-01
7.80000e-07	1.34918e-01	8.50000e-02
1.87200e-06	1.28303e-01	8.50000e-02
2.96400e-06	1.24893e-01	8.50000e-02
4.05600e-06	1.22588e-01	8.50000e-02
5.14800e-06	1.20847e-01	8.50000e-02
4.41500e-06	3.98774e-01	4.00000e-01
1.05960e-05	3.68935e-01	4.00000e-01
1.67770e-05	3.53684e-01	4.00000e-01
2.29580e-05	3.43430e-01	4.00000e-01
2.91390e-05	3.35720e-01	4.00000e-01
7.55000e-07	1.67133e-01	1.10000e-01
1.81200e-06	1.58495e-01	1.10000e-01
2.86900e-06	1.54047e-01	1.10000e-01
3.92600e-06	1.51042e-01	1.10000e-01
4.98300e-06	1.48774e-01	1.10000e-01
5.50000e-06	3.91186e-01	4.00000e-01
1.32000e-05	3.61608e-01	4.00000e-01
2.09000e-05	3.46487e-01	4.00000e-01
2.86000e-05	3.36321e-01	4.00000e-01
3.63000e-05	3.28678e-01	4.00000e-01
8.65000e-07	1.65776e-01	1.10000e-01
2.07600e-06	1.57173e-01	1.10000e-01
3.28700e-06	1.52741e-01	1.10000e-01
4.49800e-06	1.49747e-01	1.10000e-01
5.70900e-06	1.47486e-01	1.10000e-01
6.65000e-06	3.84683e-01	4.00000e-01
1.59600e-05	3.55327e-01	4.00000e-01
2.52700e-05	3.40319e-01	4.00000e-01
3.45800e-05	3.30228e-01	4.00000e-01
4.38900e-05	3.22642e-01	4.00000e-01
1.01000e-06	1.64237e-01	1.10000e-01
2.42400e-06	1.55672e-01	1.10000e-01
3.83800e-06	1.51258e-01	1.10000e-01
5.25200e-06	1.48276e-01	1.10000e-01
6.66600e-06	1.46023e-01	1.10000e-01
8.50000e-06	3.76350e-01	4.00000e-01
2.04000e-05	3.47277e-01	4.00000e-01
3.23000e-05	3.32412e-01	4.00000e-01
4.42000e-05	3.22419e-01	4.00000e-01
5.61000e-05	3.14906e-01	4.00000e-01
1.21500e-06	1.62411e-01	1.10000e-01
2.91600e-06	1.53891e-01	1.10000e-01
4.61700e-06	1.49498e-01	1.10000e-01
6.31800e-06	1.46529e-01	1.10000e-01
8.01900e-06	1.44286e-01	1.10000e-01
1.10000e-05	3.67683e-01	4.00000e-01
2.64000e-05	3.38904e-01	4.00000e-01
4.18000e-05	3.24188e-01	4.00000e-01
5.72000e-05	3.14297e-01	4.00000e-01
7.26000e-05	3.06862e-01	4.00000e-01
1.03500e-06	2.10623e-01	1.50000e-01
2.48400e-06	1.98858e-01	1.50000e-01
3.93300e-06	1.92804e-01	1.50000e-01
5.38200e-06	1.88716e-01	1.50000e-01
6.83100e-06	1.85632e-01	1.50000e-01
1.84000e-05	3.50652e-01	4.00000e-01
4.41600e-05	3.22448e-01	4.00000e-01
6.99200e-05	3.08030e-01	4.00000e-01
9.56800e-05	2.98342e-01	4.00000e-01
1.21440e-04	2.91061e-01	4.00000e-01
1.18000e-06	2.08841e-01	1.50000e-01
2.83200e-06	1.97123e-01	1.50000e-01
4.48400e-06	1.91091e-01	1.50000e-01
6.13600e-06	1.87018e-01	1.50000e-01
7.78800e-06	1.83944e-01	1.50000e-01
4.41500e-05	3.22455e-01	4.00000e-01
1.05960e-04	2.95217e-01	4.00000e-01
1.67770e-04	2.81302e-01	4.00000e-01
2.29580e-04	2.71953e-01	4.00000e-01
2.91390e-04	2.64924e-01	4.00000e-01
1.38000e-06	2.06722e-01	1.50000e-01
3.31200e-06	1.95059e-01	1.50000e-01
5.24400e-06	1.89053e-01	1.50000e-01
7.17600e-06	1.84997e-01	1.50000e-01
9.10800e-06	1.81935e-01	1.50000e-01
8.80000e-05	3.00915e-01	4.00000e-01
2.11200e-04	2.74428e-01	4.00000e-01
3.34400e-04	2.60895e-01	4.00000e-01
4.57600e-04	2.51798e-01	4.00000e-01
5.80800e-04	2.44957e-01	4.00000e-01
1.65500e-06	2.04276e-01	1.50000e-01
3.97200e-06	1.92675e-01	1.50000e-01
6.28900e-06	1.86699e-01	1.50000e-01
8.60600e-06	1.82661e-01	1.50000e-01
1.09230e-05	1.79613e-01	1.50000e-01
1.47000e-04	2.85278e-01	4.00000e-01
3.52800e-04	2.59334e-01	4.00000e-01
5.58600e-04	2.46071e-01	4.00000e-01
7.64400e-04	2.37149e-01	4.00000e-01
9.70200e-04	2.30435e-01	4.00000e-01
2.07000e-06	2.01283e-01	1.50000e-01
4.96800e-06	1.89756e-01	1.50000e-01
7.86600e-06	1.83816e-01	1.50000e-01
1.07640e-05	1.79800e-01	1.50000e-01
1.36620e-05	1.76769e-01	1.50000e-01
3.15500e-04	2.62595e-01	4.00000e-01
7.57200e-04	2.37417e-01	4.00000e-01
1.19890e-03	2.24519e-01	4.00000e-01
1.64060e-03	2.15819e-01	4.00000e-01
2.08230e-03	2.09250e-01	4.00000e-01
2.51000e-06	1.98720e-01	1.50000e-01
6.02400e-06	1.87256e-01	1.50000e-01
9.53800e-06	1.81345e-01	1.50000e-01
1.30520e-05	1.77348e-01	1.50000e-01
1.65660e-05	1.74330e-01	1.50000e-01
3.66000e-06	4.75434e-01	5.00000e-01
8.78400e-06	4.38177e-01	5.00000e-01
1.39080e-05	4.19195e-01	5.00000e-01
1.90320e-05	4.06460e-01	5.00000e-01
2.41560e-05	3.96899e-01	5.00000e-01
1.57500e-06	2.56969e-01	2.00000e-01
3.78000e-06	2.41406e-01	2.00000e-01
5.98500e-06	2.33405e-01	2.00000e-01
8.19000e-06	2.28006e-01	2.00000e-01
1.03950e-05	2.23935e-01	2.00000e-01
4.30000e-06	4.68466e-01	5.00000e-01
1.03200e-05	4.31476e-01	5.00000e-01
1.63400e-05	4.12630e-01	5.00000e-01
2.23600e-05	3.99986e-01	5.00000e-01
2.83800e-05	3.90493e-01	5.00000e-01
1.84000e-06	2.54173e-01	2.00000e-01
4.41600e-06	2.38686e-01	2.00000e-01
6.99200e-06	2.30722e-01	2.00000e-01
9.56800e-06	2.25347e-01	2.00000e-01
1.21440e-05	2.21293e-01	2.00000e-01
7.90000e-06	4.42613e-01	5.00000e-01
1.89600e-05	4.06613e-01	5.00000e-01
3.00200e-05	3.88271e-01	5.00000e-01
4.10800e-05	3.75968e-01	5.00000e-01
5.21400e-05	3.66734e-01	5.00000e-01
2.20500e-06	2.50936e-01	2.00000e-01
5.29200e-06	2.35537e-01	2.00000e-01
8.37900e-06	2.27615e-01	2.00000e-01
1.14660e-05	2.22268e-01	2.00000e-01
1.45530e-05	2.18234e-01	2.00000e-01
1.06000e-05	4.30367e-01	5.00000e-01
2.54400e-05	3.94835e-01	5.00000e-01
4.02800e-05	3.76734e-01	5.00000e-01
5.51200e-05	3.64596e-01	5.00000e-01
6.99600e-05	3.55488e-01	5.00000e-01
2.76000e-06	2.46947e-01	2.00000e-01
6.62400e-06	2.31654e-01	2.00000e-01
1.04880e-05	2.23783e-01	2.00000e-01
1.43520e-05	2.18468e-01	2.00000e-01
1.82160e-05	2.14458e-01	2.00000e-01
1.38000e-05	4.19514e-01	5.00000e-01
3.31200e-05	3.84398e-01	5.00000e-01
5.24400e-05	3.66513e-01	5.00000e-01
7.17600e-05	3.54523e-01	5.00000e-01
9.10800e-05	3.45527e-01	5.00000e-01
3.34500e-06	2.43554e-01	2.00000e-01
8.02800e-06	2.28349e-01	2.00000e-01
1.27110e-05	2.20520e-01	2.00000e-01
1.73940e-05	2.15233e-01	2.00000e-01
2.20770e-05	2.11243e-01	2.00000e-01
1.99000e-05	4.04664e-01	5.00000e-01
4.77600e-05	3.70121e-01	5.00000e-01
7.56200e-05	3.52538e-01	5.00000e-01
1.03480e-04	3.40753e-01	5.00000e-01
1.31340e-04	3.31913e-01	5.00000e-01
4.24500e-06	2.39376e-01	2.00000e-01
1.01880e-05	2.24277e-01	2.00000e-01
1.61310e-05	2.16500e-01	2.00000e-01
2.20740e-05	2.11245e-01	2.00000e-01
2.80170e-05	2.07279e-01	2.00000e-01
5.00000e-05	3.68350e-01	5.00000e-01
1.20000e-04	3.35250e-01	5.00000e-01
1.90000e-04	3.18421e-01	5.00000e-01
2.60000e-04	3.07147e-01	5.00000e-01
3.30000e-04	2.98691e-01	5.00000e-01
5.50000e-06	2.34868e-01	2.00000e-01
1.32000e-05	2.19882e-01	2.00000e-01
2.09000e-05	2.12157e-01	2.00000e-01
2.86000e-05	2.06937e-01	2.00000e-01
3.63000e-05	2.02996e-01	2.00000e-01
1.25500e-04	3.33592e-01	5.00000e-01
3.01200e-04	3.01919e-01	5.00000e-01
4.76900e-04	2.85818e-01	5.00000e-01
6.52600e-04	2.75027e-01	5.00000e-01
8.28300e-04	2.66929e-01	5.00000e-01
1.99000e-05	2.12977e-01	2.00000e-01
4.77600e-05	1.98489e-01	2.00000e-01
7.56200e-05	1.91005e-01	2.00000e-01
1.03480e-04	1.85941e-01	2.00000e-01
1.31340e-04	1.82116e-01	2.00000e-01
1.84000e-04	3.19584e-01	5.00000e-01
4.41600e-04	2.88488e-01	5.00000e-01
6.99200e-04	2.72675e-01	5.00000e-01
9.56800e-04	2.62071e-01	5.00000e-01
1.21440e-03	2.54106e-01	5.00000e-01
1.25500e-04	1.82844e-01	2.00000e-01
3.01200e-04	1.68941e-01	2.00000e-01
4.76900e-04	1.61730e-01	2.00000e-01
6.52600e-04	1.56836e-01	2.00000e-01
8.28300e-04	1.53129e-01	2.00000e-01
4.00000e-04	2.91938e-01	5.00000e-01
9.60000e-04	2.61959e-01	5.00000e-01
1.52000e-03	2.46675e-01	5.00000e-01
2.08000e-03	2.36387e-01	5.00000e-01
2.64000e-03	2.28625e-01	5.00000e-01
1.97000e-06	3.00329e-01	2.50000e-01
4.72800e-06	2.80986e-01	2.50000e-01
7.48600e-06	2.71056e-01	2.50000e-01
1.02440e-05	2.64361e-01	2.50000e-01
1.30020e-05	2.59316e-01	2.50000e-01
1.60000e-03	2.44986e-01	5.00000e-01
3.84000e-03	2.16485e-01	5.00000e-01
6.08000e-03	2.01587e-01	5.00000e-01
8.32000e-03	1.91334e-01	5.00000e-01
1.05600e-02	1.83453e-01	5.00000e-01
2.30000e-06	2.96865e-01	2.50000e-01
5.52000e-06	2.77622e-01	2.50000e-01
8.74000e-06	2.67742e-01	2.50000e-01
1.19600e-05	2.61079e-01	2.50000e-01
1.51800e-05	2.56058e-01	2.50000e-01
4.76000e-06	5.56516e-01	6.50000e-01
1.14240e-05	5.09425e-01	6.50000e-01
1.80880e-05	4.85536e-01	6.50000e-01
2.47520e-05	4.69552e-01	6.50000e-01
3.14160e-05	4.57577e-01	6.50000e-01
2.76000e-06	2.92811e-01	2.50000e-01
6.62400e-06	2.73685e-01	2.50000e-01
1.04880e-05	2.63861e-01	2.50000e-01
1.43520e-05	2.57236e-01	2.50000e-01
1.82160e-05	2.52242e-01	2.50000e-01
5.60000e-06	5.47616e-01	6.50000e-01
1.34400e-05	5.00912e-01	6.50000e-01
2.12800e-05	4.77222e-01	6.50000e-01
2.91200e-05	4.61372e-01	6.50000e-01
3.69600e-05	4.49499e-01	6.50000e-01
3.45000e-06	2.87883e-01	2.50000e-01
8.28000e-06	2.68897e-01	2.50000e-01
1.31100e-05	2.59141e-01	2.50000e-01
1.79400e-05	2.52561e-01	2.50000e-01
2.27700e-05	2.47600e-01	2.50000e-01
7.90000e-06	5.29011e-01	6.50000e-01
1.89600e-05	4.83120e-01	6.50000e-01
3.00200e-05	4.59848e-01	6.50000e-01
4.10800e-05	4.44284e-01	6.50000e-01
5.21400e-05	4.32628e-01	6.50000e-01
4.18000e-06	2.83673e-01	2.50000e-01
1.00320e-05	2.64805e-01	2.50000e-01
1.58840e-05	2.55107e-01	2.50000e-01
2.17360e-05	2.48564e-01	2.50000e-01
2.75880e-05	2.43631e-01	2.50000e-01
8.20000e-06	5.27015e-01	6.50000e-01
1.96800e-05	4.81212e-01	6.50000e-01
3.11600e-05	4.57985e-01	6.50000e-01
4.26400e-05	4.42452e-01	6.50000e-01
5.41200e-05	4.30819e-01	6.50000e-01
5.30000e-06	2.78504e-01	2.50000e-01
1.27200e-05	2.59778e-01	2.50000e-01
2.01400e-05	2.50149e-01	2.50000e-01
2.75600e-05	2.43651e-01	2.50000e-01
3.49800e-05	2.38752e-01	2.50000e-01
1.99000e-05	4.80643e-01	6.50000e-01
4.77600e-05	4.36900e-01	6.50000e-01
7.56200e-05	4.14752e-01	6.50000e-01
1.03480e-04	3.99957e-01	6.50000e-01
1.31340e-04	3.88887e-01	6.50000e-01
6.90000e-06	2.72806e-01	2.50000e-01
1.65600e-05	2.54234e-01	2.50000e-01
2.62200e-05	2.44680e-01	2.50000e-01
3.58800e-05	2.38232e-01	2.50000e-01
4.55400e-05	2.33369e-01	2.50000e-01
2.99000e-05	4.60049e-01	6.50000e-01
7.17600e-05	4.17248e-01	6.50000e-01
1.13620e-04	3.95598e-01	6.50000e-01
1.55480e-04	3.81143e-01	6.50000e-01
1.97340e-04	3.70329e-01	6.50000e-01
1.15000e-05	2.61909e-01	2.50000e-01
2.76000e-05	2.43622e-01	2.50000e-01
4.37000e-05	2.34208e-01	2.50000e-01
5.98000e-05	2.27853e-01	2.50000e-01
7.59000e-05	2.23060e-01	2.50000e-01
5.00000e-05	4.34666e-01	6.50000e-01
1.20000e-04	3.93062e-01	6.50000e-01
1.90000e-04	3.72039e-01	6.50000e-01
2.60000e-04	3.58008e-01	6.50000e-01
3.30000e-04	3.47513e-01	6.50000e-01
1.99000e-05	2.50399e-01	2.50000e-01
4.77600e-05	2.32402e-01	2.50000e-01
7.56200e-05	2.23134e-01	2.50000e-01
1.03480e-04	2.16876e-01	2.50000e-01
1.31340e-04	2.12155e-01	2.50000e-01
1.25500e-04	3.90987e-01	6.50000e-01
3.01200e-04	3.51515e-01	6.50000e-01
4.76900e-04	3.31588e-01	6.50000e-01
6.52600e-04	3.18289e-01	6.50000e-01
8.28300e-04	3.08338e-01	6.50000e-01
5.50000e-05	2.29542e-01	2.50000e-01
1.32000e-04	2.12056e-01	2.50000e-01
2.09000e-04	2.03042e-01	2.50000e-01
2.86000e-04	1.96949e-01	2.50000e-01
3.63000e-04	1.92349e-01	2.50000e-01
2.39000e-04	3.61750e-01	6.50000e-01
5.73600e-04	3.23731e-01	6.50000e-01
9.08200e-04	3.04530e-01	6.50000e-01
1.24280e-03	2.91701e-01	6.50000e-01
1.57740e-03	2.82086e-01	6.50000e-01
1.25500e-04	2.13053e-01	2.50000e-01
3.01200e-04	1.95948e-01	2.50000e-01
4.76900e-04	1.87114e-01	2.50000e-01
6.52600e-04	1.81135e-01	2.50000e-01
8.28300e-04	1.76615e-01	2.50000e-01
4.00000e-04	3.39150e-01	6.50000e-01
9.60000e-04	3.02245e-01	6.50000e-01
1.52000e-03	2.83574e-01	6.50000e-01
2.08000e-03	2.71063e-01	6.50000e-01
2.64000e-03	2.61655e-01	6.50000e-01
1.97000e-04	2.04196e-01	2.50000e-01
4.72800e-04	1.87279e-01	2.50000e-01
7.48600e-04	1.78531e-01	2.50000e-01
1.02440e-03	1.72603e-01	2.50000e-01
1.30020e-03	1.68115e-01	2.50000e-01
1.60000e-03	2.81516e-01	6.50000e-01
3.84000e-03	2.46994e-01	6.50000e-01
6.08000e-03	2.29085e-01	6.50000e-01
8.32000e-03	2.16795e-01	6.50000e-01
1.05600e-02	2.07361e-01	6.50000e-01
7.90000e-04	1.77511e-01	2.50000e-01
1.89600e-03	1.61035e-01	2.50000e-01
3.00200e-03	1.52415e-01	2.50000e-01
4.10800e-03	1.46513e-01	2.50000e-01
5.21400e-03	1.42007e-01	2.50000e-01
6.20000e-06	6.48088e-01	8.50000e-01
1.48800e-05	5.88820e-01	8.50000e-01
2.35600e-05	5.58913e-01	8.50000e-01
3.22400e-05	5.38969e-01	8.50000e-01
4.09200e-05	5.24065e-01	8.50000e-01
2.56000e-06	3.78847e-01	3.50000e-01
6.14400e-06	3.52084e-01	3.50000e-01
9.72800e-06	3.38388e-01	3.50000e-01
1.33120e-05	3.29172e-01	3.50000e-01
1.68960e-05	3.22238e-01	3.50000e-01
6.90000e-06	6.40684e-01	8.50000e-01
1.65600e-05	5.81785e-01	8.50000e-01
2.62200e-05	5.52068e-01	8.50000e-01
3.58800e-05	5.32255e-01	8.50000e-01
4.55400e-05	5.17450e-01	8.50000e-01
2.56000e-06	3.78847e-01	3.50000e-01
6.14400e-06	3.52084e-01	3.50000e-01
9.72800e-06	3.38388e-01	3.50000e-01
1.33120e-05	3.29172e-01	3.50000e-01
1.68960e-05	3.22238e-01	3.50000e-01
1.00000e-05	6.15351e-01	8.50000e-01
2.40000e-05	5.57725e-01	8.50000e-01
3.80000e-05	5.28670e-01	8.50000e-01
5.20000e-05	5.09308e-01	8.50000e-01
6.60000e-05	4.94847e-01	8.50000e-01
3.05000e-06	3.73421e-01	3.50000e-01
7.32000e-06	3.46836e-01	3.50000e-01
1.15900e-05	3.33229e-01	3.50000e-01
1.58600e-05	3.24072e-01	3.50000e-01
2.01300e-05	3.17182e-01	3.50000e-01
1.00000e-05	6.15351e-01	8.50000e-01
2.40000e-05	5.57725e-01	8.50000e-01
3.80000e-05	5.28670e-01	8.50000e-01
5.20000e-05	5.09308e-01	8.50000e-01
6.60000e-05	4.94847e-01	8.50000e-01
3.31000e-06	3.70899e-01	3.50000e-01
7.94400e-06	3.44397e-01	3.50000e-01
1.25780e-05	3.30831e-01	3.50000e-01
1.72120e-05	3.21701e-01	3.50000e-01
2.18460e-05	3.14831e-01	3.50000e-01
1.99000e-05	5.69805e-01	8.50000e-01
4.77600e-05	5.14520e-01	8.50000e-01
7.56200e-05	4.86694e-01	8.50000e-01
1.03480e-04	4.68174e-01	8.50000e-01
1.31340e-04	4.54355e-01	8.50000e-01
4.14000e-06	3.64042e-01	3.50000e-01
9.93600e-06	3.37763e-01	3.50000e-01
1.57320e-05	3.24307e-01	3.50000e-01
2.15280e-05	3.15252e-01	3.50000e-01
2.73240e-05	3.08437e-01	3.50000e-01
2.50000e-05	5.55111e-01	8.50000e-01
6.00000e-05	5.00602e-01	8.50000e-01
9.50000e-05	4.73185e-01	8.50000e-01
1.30000e-04	4.54944e-01	8.50000e-01
1.65000e-04	4.41336e-01	8.50000e-01
5.00000e-06	3.58303e-01	3.50000e-01
1.20000e-05	3.32209e-01	3.50000e-01
1.90000e-05	3.18846e-01	3.50000e-01
2.60000e-05	3.09852e-01	3.50000e-01
3.30000e-05	3.03083e-01	3.50000e-01
5.00000e-05	5.11708e-01	8.50000e-01
1.20000e-04	4.59563e-01	8.50000e-01
1.90000e-04	4.33388e-01	8.50000e-01
2.60000e-04	4.15990e-01	8.50000e-01
3.30000e-04	4.03016e-01	8.50000e-01
6.35000e-06	3.51093e-01	3.50000e-01
1.52400e-05	3.25231e-01	3.50000e-01
2.41300e-05	3.11983e-01	3.50000e-01
3.30200e-05	3.03066e-01	3.50000e-01
4.19100e-05	2.96355e-01	3.50000e-01
1.25500e-04	4.56974e-01	8.50000e-01
3.01200e-04	4.07960e-01	8.50000e-01
4.76900e-04	3.83398e-01	8.50000e-01
6.52600e-04	3.67079e-01	8.50000e-01
8.28300e-04	3.54910e-01	8.50000e-01
8.25000e-06	3.43272e-01	3.50000e-01
1.98000e-05	3.17657e-01	3.50000e-01
3.13500e-05	3.04534e-01	3.50000e-01
4.29000e-05	2.95701e-01	3.50000e-01
5.44500e-05	2.89054e-01	3.50000e-01
4.00000e-04	3.92704e-01	8.50000e-01
9.60000e-04	3.47476e-01	8.50000e-01
1.52000e-03	3.24780e-01	8.50000e-01
2.08000e-03	3.09646e-01	8.50000e-01
2.64000e-03	2.98307e-01	8.50000e-01
1.60000e-05	3.23817e-01	3.50000e-01
3.84000e-05	2.98810e-01	3.50000e-01
6.08000e-05	2.85998e-01	3.50000e-01
8.32000e-05	2.77376e-01	3.50000e-01
1.05600e-04	2.70888e-01	3.50000e-01
1.60000e-03	3.22287e-01	8.50000e-01
3.84000e-03	2.80705e-01	8.50000e-01
6.08000e-03	2.59313e-01	8.50000e-01
8.32000e-03	2.44694e-01	8.50000e-01
1.05600e-02	2.33493e-01	8.50000e-01
8.80000e-06	7.75998e-01	1.20000e+00
2.11200e-05	6.97749e-01	1.20000e+00
3.34400e-05	6.58585e-01	1.20000e+00
4.57600e-05	6.32603e-01	1.20000e+00
5.80800e-05	6.13262e-01	1.20000e+00
4.00000e-05	9.96152e-01	2.70000e+00
9.60000e-05	8.68928e-01	2.70000e+00
1.52000e-04	8.06980e-01	2.70000e+00
2.08000e-04	7.66553e-01	2.70000e+00
2.64000e-04	7.36810e-01	2.70000e+00
1.00000e-05	7.64273e-01	1.20000e+00
2.40000e-05	6.86723e-01	1.20000e+00
3.80000e-05	6.47922e-01	1.20000e+00
5.20000e-05	6.22189e-01	1.20000e+00
6.60000e-05	6.03036e-01	1.20000e+00
4.00000e-05	9.96152e-01	2.70000e+00
9.60000e-05	8.68928e-01	2.70000e+00
1.52000e-04	8.06980e-01	2.70000e+00
2.08000e-04	7.66553e-01	2.70000e+00
2.64000e-04	7.36810e-01	2.70000e+00
1.00000e-05	7.64273e-01	1.20000e+00
2.40000e-05	6.86723e-01	1.20000e+00
3.80000e-05	6.47922e-01	1.20000e+00
5.20000e-05	6.22189e-01	1.20000e+00
6.60000e-05	6.03036e-01	1.20000e+00
6.50000e-05	9.24087e-01	2.70000e+00
1.56000e-04	8.03576e-01	2.70000e+00
2.47000e-04	7.45029e-01	2.70000e+00
3.38000e-04	7.06865e-01	2.70000e+00
4.29000e-04	6.78806e-01	2.70000e+00
1.60000e-05	7.22046e-01	1.20000e+00
3.84000e-05	6.47054e-01	1.20000e+00
6.08000e-05	6.09589e-01	1.20000e+00
8.32000e-05	5.84768e-01	1.20000e+00
1.05600e-04	5.66309e-01	1.20000e+00
1.00000e-04	8.63292e-01	2.70000e+00
2.40000e-04	7.48600e-01	2.70000e+00
3.80000e-04	6.92979e-01	2.70000e+00
5.20000e-04	6.56751e-01	2.70000e+00
6.60000e-04	6.30125e-01	2.70000e+00
1.60000e-05	7.22046e-01	1.20000e+00
3.84000e-05	6.47054e-01	1.20000e+00
6.08000e-05	6.09589e-01	1.20000e+00
8.32000e-05	5.84768e-01	1.20000e+00
1.05600e-04	5.66309e-01	1.20000e+00
1.60000e-04	8.00267e-01	2.70000e+00
3.84000e-04	6.91748e-01	2.70000e+00
6.08000e-04	6.39203e-01	2.70000e+00
8.32000e-04	6.04991e-01	2.70000e+00
1.05600e-03	5.79843e-01	2.70000e+00
3.15500e-05	6.63471e-01	1.20000e+00
7.57200e-05	5.92159e-01	1.20000e+00
1.19890e-04	5.56626e-01	1.20000e+00
1.64060e-04	5.33119e-01	1.20000e+00
2.08230e-04	5.15653e-01	1.20000e+00
2.50000e-04	7.43534e-01	2.70000e+00
6.00000e-04	6.40676e-01	2.70000e+00
9.50000e-04	5.90912e-01	2.70000e+00
1.30000e-03	5.58493e-01	2.70000e+00
1.65000e-03	5.34636e-01	2.70000e+00
4.00000e-05	6.43673e-01	1.20000e+00
9.60000e-05	5.73646e-01	1.20000e+00
1.52000e-04	5.38785e-01	1.20000e+00
2.08000e-04	5.15733e-01	1.20000e+00
2.64000e-04	4.98610e-01	1.20000e+00
4.00000e-04	6.86960e-01	2.70000e+00
9.60000e-04	5.89810e-01	2.70000e+00
1.52000e-03	5.42775e-01	2.70000e+00
2.08000e-03	5.12066e-01	2.70000e+00
2.64000e-03	4.89401e-01	2.70000e+00
6.50000e-05	6.04252e-01	1.20000e+00
1.56000e-04	5.36853e-01	1.20000e+00
2.47000e-04	5.03356e-01	1.20000e+00
3.38000e-04	4.81222e-01	1.20000e+00
4.29000e-04	4.64788e-01	1.20000e+00
6.50000e-04	6.31807e-01	2.70000e+00
1.56000e-03	5.40191e-01	2.70000e+00
2.47000e-03	4.95674e-01	2.70000e+00
3.38000e-03	4.66460e-01	2.70000e+00
4.29000e-03	4.44784e-01	2.70000e+00
7.90000e-05	5.88825e-01	1.20000e+00
1.89600e-04	5.22478e-01	1.20000e+00
3.00200e-04	4.89522e-01	1.20000e+00
4.10800e-04	4.67751e-01	1.20000e+00
5.21400e-04	4.51588e-01	1.20000e+00
1.00000e-03	5.85527e-01	2.70000e+00
2.40000e-03	4.98396e-01	2.70000e+00
3.80000e-03	4.55760e-01	2.70000e+00
5.20000e-03	4.27567e-01	2.70000e+00
6.60000e-03	4.06496e-01	2.70000e+00
1.99000e-04	5.18948e-01	1.20000e+00
4.77600e-04	4.57498e-01	1.20000e+00
7.56200e-04	4.27028e-01	1.20000e+00
1.03480e-03	4.06899e-01	1.20000e+00
1.31340e-03	3.91944e-01	1.20000e+00
2.50000e-03	4.94533e-01	2.70000e+00
6.00000e-03	4.14890e-01	2.70000e+00
9.50000e-03	3.74656e-01	2.70000e+00
1.30000e-02	3.47301e-01	2.70000e+00
1.65000e-02	3.26356e-01	2.70000e+00
6.50000e-04	4.36931e-01	1.20000e+00
1.56000e-03	3.81324e-01	1.20000e+00
2.47000e-03	3.53610e-01	1.20000e+00
3.38000e-03	3.35152e-01	1.20000e+00
4.29000e-03	3.21310e-01	1.20000e+00
2.50000e-03	3.52893e-01	1.20000e+00
6.00000e-03	3.02011e-01	1.20000e+00
9.50000e-03	2.75644e-01	1.20000e+00
1.30000e-02	2.57468e-01	1.20000e+00
1.65000e-02	2.43432e-01	1.20000e+00
2.03000e-05	1.26024e+00	3.50000e+00
4.87200e-05	1.09665e+00	3.50000e+00
7.71400e-05	1.01727e+00	3.50000e+00
1.05560e-04	9.65588e-01	3.50000e+00
1.33980e-04	9.27627e-01	3.50000e+00
9.25000e-06	8.83361e-01	1.50000e+00
2.22000e-05	7.89511e-01	1.50000e+00
3.51500e-05	7.42794e-01	1.50000e+00
4.81000e-05	7.11904e-01	1.50000e+00
6.10500e-05	6.88965e-01	1.50000e+00
2.16000e-05	1.24809e+00	3.50000e+00
5.18400e-05	1.08567e+00	3.50000e+00
8.20800e-05	1.00689e+00	3.50000e+00
1.12320e-04	9.55595e-01	3.50000e+00
1.42560e-04	9.17928e-01	3.50000e+00
1.10000e-05	8.64278e-01	1.50000e+00
2.64000e-05	7.71691e-01	1.50000e+00
4.18000e-05	7.25630e-01	1.50000e+00
5.72000e-05	6.95187e-01	1.50000e+00
7.26000e-05	6.72586e-01	1.50000e+00
2.30000e-05	1.23589e+00	3.50000e+00
5.52000e-05	1.07464e+00	3.50000e+00
8.74000e-05	9.96456e-01	3.50000e+00
1.19600e-04	9.45563e-01	3.50000e+00
1.51800e-04	9.08193e-01	3.50000e+00
1.60000e-05	8.23872e-01	1.50000e+00
3.84000e-05	7.34003e-01	1.50000e+00
6.08000e-05	6.89356e-01	1.50000e+00
8.32000e-05	6.59876e-01	1.50000e+00
1.05600e-04	6.38006e-01	1.50000e+00
2.56000e-05	1.21528e+00	3.50000e+00
6.14400e-05	1.05603e+00	3.50000e+00
9.72800e-05	9.78856e-01	3.50000e+00
1.33120e-04	9.28637e-01	3.50000e+00
1.68960e-04	8.91770e-01	3.50000e+00
1.60000e-05	8.23872e-01	1.50000e+00
3.84000e-05	7.34003e-01	1.50000e+00
6.08000e-05	6.89356e-01	1.50000e+00
8.32000e-05	6.59876e-01	1.50000e+00
1.05600e-04	6.38006e-01	1.50000e+00
2.65500e-05	1.20833e+00	3.50000e+00
6.37200e-05	1.04975e+00	3.50000e+00
1.00890e-04	9.72921e-01	3.50000e+00
1.38060e-04	9.22930e-01	3.50000e+00
1.75230e-04	8.86233e-01	3.50000e+00
2.50000e-05	7.77268e-01	1.50000e+00
6.00000e-05	6.90619e-01	1.50000e+00
9.50000e-05	6.47653e-01	1.50000e+00
1.30000e-04	6.19314e-01	1.50000e+00
1.65000e-04	5.98306e-01	1.50000e+00
2.86500e-05	1.19389e+00	3.50000e+00
6.87600e-05	1.03673e+00	3.50000e+00
1.08870e-04	9.60608e-01	3.50000e+00
1.48980e-04	9.11092e-01	3.50000e+00
1.89090e-04	8.74749e-01	3.50000e+00
4.00000e-05	7.29966e-01	1.50000e+00
9.60000e-05	6.46694e-01	1.50000e+00
1.52000e-04	6.05485e-01	1.50000e+00
2.08000e-04	5.78334e-01	1.50000e+00
2.64000e-04	5.58220e-01	1.50000e+00
4.00000e-05	1.13207e+00	3.50000e+00
9.60000e-05	9.81020e-01	3.50000e+00
1.52000e-04	9.07990e-01	3.50000e+00
2.08000e-04	8.60526e-01	3.50000e+00
2.64000e-04	8.25709e-01	3.50000e+00
6.50000e-05	6.83011e-01	1.50000e+00
1.56000e-04	6.03207e-01	1.50000e+00
2.47000e-04	5.63791e-01	1.50000e+00
3.38000e-04	5.37843e-01	1.50000e+00
4.29000e-04	5.18630e-01	1.50000e+00
4.00000e-05	1.13207e+00	3.50000e+00
9.60000e-05	9.81020e-01	3.50000e+00
1.52000e-04	9.07990e-01	3.50000e+00
2.08000e-04	8.60526e-01	3.50000e+00
2.64000e-04	8.25709e-01	3.50000e+00
1.00000e-04	6.42964e-01	1.50000e+00
2.40000e-04	5.66207e-01	1.50000e+00
3.80000e-04	5.28350e-01	1.50000e+00
5.20000e-04	5.03442e-01	1.50000e+00
6.60000e-04	4.85003e-01	1.50000e+00
6.50000e-05	1.04634e+00	3.50000e+00
1.56000e-04	9.03987e-01	3.50000e+00
2.47000e-04	8.35321e-01	3.50000e+00
3.38000e-04	7.90745e-01	3.50000e+00
4.29000e-04	7.58070e-01	3.50000e+00
1.60000e-04	6.00991e-01	1.50000e+00
3.84000e-04	5.27506e-01	1.50000e+00
6.08000e-04	4.91303e-01	1.50000e+00
8.32000e-04	4.67488e-01	1.50000e+00
1.05600e-03	4.49853e-01	1.50000e+00
1.00000e-04	9.74362e-01	3.50000e+00
2.40000e-04	8.39499e-01	3.50000e+00
3.80000e-04	7.74564e-01	3.50000e+00
5.20000e-04	7.32445e-01	3.50000e+00
6.60000e-04	7.01583e-01	3.50000e+00
2.50000e-04	5.62778e-01	1.50000e+00
6.00000e-04	4.92324e-01	1.50000e+00
9.50000e-04	4.57629e-01	1.50000e+00
1.30000e-03	4.34790e-01	1.50000e+00
1.65000e-03	4.17857e-01	1.50000e+00
1.60000e-04	9.00098e-01	3.50000e+00
3.84000e-04	7.73130e-01	3.50000e+00
6.08000e-04	7.12096e-01	3.50000e+00
8.32000e-04	6.72526e-01	3.50000e+00
1.05600e-03	6.43527e-01	3.50000e+00
4.00000e-04	5.24225e-01	1.50000e+00
9.60000e-04	4.56855e-01	1.50000e+00
1.52000e-03	4.23646e-01	1.50000e+00
2.08000e-03	4.01735e-01	1.50000e+00
2.64000e-03	3.85441e-01	1.50000e+00
2.50000e-04	8.33572e-01	3.50000e+00
6.00000e-04	7.13804e-01	3.50000e+00
9.50000e-04	6.56282e-01	3.50000e+00
1.30000e-03	6.18969e-01	3.50000e+00
1.65000e-03	5.91595e-01	3.50000e+00
5.00000e-04	5.06516e-01	1.50000e+00
1.20000e-03	4.40556e-01	1.50000e+00
1.90000e-03	4.08000e-01	1.50000e+00
2.60000e-03	3.86476e-01	1.50000e+00
3.30000e-03	3.70437e-01	1.50000e+00
4.00000e-04	7.67556e-01	3.50000e+00
9.60000e-04	6.55011e-01	3.50000e+00
1.52000e-03	6.00925e-01	3.50000e+00
2.08000e-03	5.65763e-01	3.50000e+00
2.64000e-03	5.39893e-01	3.50000e+00
1.60000e-03	4.20023e-01	1.50000e+00
3.84000e-03	3.60362e-01	1.50000e+00
6.08000e-03	3.30233e-01	1.50000e+00
8.32000e-03	3.09853e-01	1.50000e+00
1.05600e-02	2.94340e-01	1.50000e+00
6.50000e-04	7.03531e-01	3.50000e+00
1.56000e-03	5.97961e-01	3.50000e+00
2.47000e-03	5.47046e-01	3.50000e+00
3.38000e-03	5.13778e-01	3.50000e+00
4.29000e-03	4.89168e-01	3.50000e+00
6.50000e-04	4.86171e-01	1.50000e+00
1.56000e-03	4.21810e-01	1.50000e+00
2.47000e-03	3.89961e-01	1.50000e+00
3.38000e-03	3.68839e-01	1.50000e+00
4.29000e-03	3.53046e-01	1.50000e+00
1.00000e-03	6.50075e-01	3.50000e+00
2.40000e-03	5.50152e-01	3.50000e+00
3.80000e-03	5.01621e-01	3.50000e+00
5.20000e-03	4.69670e-01	3.50000e+00
6.60000e-03	4.45863e-01	3.50000e+00
1.23500e-05	1.00549e+00	2.00000e+00
2.96400e-05	8.90418e-01	2.00000e+00
4.69300e-05	8.33613e-01	2.00000e+00
6.42200e-05	7.96244e-01	2.00000e+00
8.15100e-05	7.68597e-01	2.00000e+00
4.00000e-03	4.96338e-01	3.50000e+00
9.60000e-03	4.08984e-01	3.50000e+00
1.52000e-02	3.63979e-01	3.50000e+00
2.08000e-02	3.32878e-01	3.50000e+00
2.64000e-02	3.08754e-01	3.50000e+00
1.46500e-05	9.82329e-01	2.00000e+00
3.51600e-05	8.69020e-01	2.00000e+00
5.56700e-05	8.13125e-01	2.00000e+00
7.61800e-05	7.76373e-01	2.00000e+00
9.66900e-05	7.49192e-01	2.00000e+00
2.61000e-05	1.36804e+00	4.50000e+00
6.26400e-05	1.18134e+00	4.50000e+00
9.91800e-05	1.09147e+00	4.50000e+00
1.35720e-04	1.03321e+00	4.50000e+00
1.72260e-04	9.90567e-01	4.50000e+00
1.63500e-05	9.67624e-01	2.00000e+00
3.92400e-05	8.55443e-01	2.00000e+00
6.21300e-05	8.00133e-01	2.00000e+00
8.50200e-05	7.63776e-01	2.00000e+00
1.07910e-04	7.36892e-01	2.00000e+00
2.96000e-05	1.33992e+00	4.50000e+00
7.10400e-05	1.15618e+00	4.50000e+00
1.12480e-04	1.06780e+00	4.50000e+00
1.53920e-04	1.01053e+00	4.50000e+00
1.95360e-04	9.68613e-01	4.50000e+00
2.50000e-05	9.12088e-01	2.00000e+00
6.00000e-05	8.04246e-01	2.00000e+00
9.50000e-05	7.51180e-01	2.00000e+00
1.30000e-04	7.16340e-01	2.00000e+00
1.65000e-04	6.90598e-01	2.00000e+00
3.09000e-05	1.33042e+00	4.50000e+00
7.41600e-05	1.14769e+00	4.50000e+00
1.17420e-04	1.05981e+00	4.50000e+00
1.60680e-04	1.00287e+00	4.50000e+00
2.03940e-04	9.61201e-01	4.50000e+00
2.50000e-05	9.12088e-01	2.00000e+00
6.00000e-05	8.04246e-01	2.00000e+00
9.50000e-05	7.51180e-01	2.00000e+00
1.30000e-04	7.16340e-01	2.00000e+00
1.65000e-04	6.90598e-01	2.00000e+00
3.41500e-05	1.30850e+00	4.50000e+00
8.19600e-05	1.12810e+00	4.50000e+00
1.29770e-04	1.04139e+00	4.50000e+00
1.77580e-04	9.85225e-01	4.50000e+00
2.25390e-04	9.44126e-01	4.50000e+00
4.00000e-05	8.53085e-01	2.00000e+00
9.60000e-05	7.49999e-01	2.00000e+00
1.52000e-04	6.99387e-01	2.00000e+00
2.08000e-04	6.66196e-01	2.00000e+00
2.64000e-04	6.41692e-01	2.00000e+00
3.66000e-05	1.29348e+00	4.50000e+00
8.78400e-05	1.11469e+00	4.50000e+00
1.39080e-04	1.02878e+00	4.50000e+00
1.90320e-04	9.73141e-01	4.50000e+00
2.41560e-04	9.32435e-01	4.50000e+00
6.50000e-05	7.94829e-01	2.00000e+00
1.56000e-04	6.96597e-01	2.00000e+00
2.47000e-04	6.48471e-01	2.00000e+00
3.38000e-04	6.16943e-01	2.00000e+00
4.29000e-04	5.93680e-01	2.00000e+00
4.09000e-05	1.26966e+00	4.50000e+00
9.81600e-05	1.09343e+00	4.50000e+00
1.55420e-04	1.00880e+00	4.50000e+00
2.12680e-04	9.54008e-01	4.50000e+00
2.69940e-04	9.13926e-01	4.50000e+00
1.00000e-04	7.45406e-01	2.00000e+00
2.40000e-04	6.51414e-01	2.00000e+00
3.80000e-04	6.05440e-01	2.00000e+00
5.20000e-04	5.75342e-01	2.00000e+00
6.60000e-04	5.53141e-01	2.00000e+00
4.09000e-05	1.26966e+00	4.50000e+00
9.81600e-05	1.09343e+00	4.50000e+00
1.55420e-04	1.00880e+00	4.50000e+00
2.12680e-04	9.54008e-01	4.50000e+00
2.69940e-04	9.13926e-01	4.50000e+00
1.60000e-04	6.93885e-01	2.00000e+00
3.84000e-04	6.04418e-01	2.00000e+00
6.08000e-04	5.60718e-01	2.00000e+00
8.32000e-04	5.32119e-01	2.00000e+00
1.05600e-03	5.11018e-01	2.00000e+00
6.50000e-05	1.17390e+00	4.50000e+00
1.56000e-04	1.00813e+00	4.50000e+00
2.47000e-04	9.28701e-01	4.50000e+00
3.38000e-04	8.77332e-01	4.50000e+00
4.29000e-04	8.39780e-01	4.50000e+00
2.50000e-04	6.47238e-01	2.00000e+00
6.00000e-04	5.61948e-01	2.00000e+00
9.50000e-04	5.20314e-01	2.00000e+00
1.30000e-03	4.93050e-01	2.00000e+00
1.65000e-03	4.72911e-01	2.00000e+00
6.50000e-05	1.17390e+00	4.50000e+00
1.56000e-04	1.00813e+00	4.50000e+00
2.47000e-04	9.28701e-01	4.50000e+00
3.38000e-04	8.77332e-01	4.50000e+00
4.29000e-04	8.39780e-01	4.50000e+00
5.00000e-04	5.79050e-01	2.00000e+00
1.20000e-03	4.99922e-01	2.00000e+00
1.90000e-03	4.61217e-01	2.00000e+00
2.60000e-03	4.35763e-01	2.00000e+00
3.30000e-03	4.16866e-01	2.00000e+00
1.00000e-04	1.08991e+00	4.50000e+00
2.40000e-04	9.33524e-01	4.50000e+00
3.80000e-04	8.58725e-01	4.50000e+00
5.20000e-04	8.10394e-01	4.50000e+00
6.60000e-04	7.75077e-01	4.50000e+00
1.60000e-03	4.75483e-01	2.00000e+00
3.84000e-03	4.05029e-01	2.00000e+00
6.08000e-03	3.69775e-01	2.00000e+00
8.32000e-03	3.46054e-01	2.00000e+00
1.05600e-02	3.28063e-01	2.00000e+00
1.60000e-04	1.00363e+00	4.50000e+00
3.84000e-04	8.57077e-01	4.50000e+00
6.08000e-04	7.87098e-01	4.50000e+00
8.32000e-04	7.41902e-01	4.50000e+00
1.05600e-03	7.08873e-01	4.50000e+00
6.50000e-04	5.54546e-01	2.00000e+00
1.56000e-03	4.77605e-01	2.00000e+00
2.47000e-03	4.39877e-01	2.00000e+00
3.38000e-03	4.14987e-01	2.00000e+00
4.29000e-03	3.96448e-01	2.00000e+00
2.50000e-04	9.26682e-01	4.50000e+00
6.00000e-04	7.89051e-01	4.50000e+00
9.50000e-04	7.23390e-01	4.50000e+00
1.30000e-03	6.80964e-01	4.50000e+00
1.65000e-03	6.49923e-01	4.50000e+00
1.54500e-05	1.14850e+00	2.70000e+00
3.70800e-05	1.00775e+00	2.70000e+00
5.87100e-05	9.38881e-01	2.70000e+00
8.03400e-05	8.93819e-01	2.70000e+00
1.01970e-04	8.60608e-01	2.70000e+00
4.00000e-04	8.50673e-01	4.50000e+00
9.60000e-04	7.21944e-01	4.50000e+00
1.52000e-03	6.60495e-01	4.50000e+00
2.08000e-03	6.20702e-01	4.50000e+00
2.64000e-03	5.91506e-01	4.50000e+00
1.83000e-05	1.12029e+00	2.70000e+00
4.39200e-05	9.81980e-01	2.70000e+00
6.95400e-05	9.14365e-01	2.70000e+00
9.51600e-05	8.70145e-01	2.70000e+00
1.20780e-04	8.37565e-01	2.70000e+00
6.50000e-04	7.77303e-01	4.50000e+00
1.56000e-03	6.57136e-01	4.50000e+00
2.47000e-03	5.99571e-01	4.50000e+00
3.38000e-03	5.62105e-01	4.50000e+00
4.29000e-03	5.34469e-01	4.50000e+00
2.04500e-05	1.10204e+00	2.70000e+00
4.90800e-05	9.65325e-01	2.70000e+00
7.77100e-05	8.98527e-01	2.70000e+00
1.06340e-04	8.54855e-01	2.70000e+00
1.34970e-04	8.22687e-01	2.70000e+00
1.00000e-03	7.16324e-01	4.50000e+00
2.40000e-03	6.03075e-01	4.50000e+00
3.80000e-03	5.48445e-01	4.50000e+00
5.20000e-03	5.12619e-01	4.50000e+00
6.60000e-03	4.86000e-01	4.50000e+00
2.04500e-05	1.10204e+00	2.70000e+00
4.90800e-05	9.65325e-01	2.70000e+00
7.77100e-05	8.98527e-01	2.70000e+00
1.06340e-04	8.54855e-01	2.70000e+00
1.34970e-04	8.22687e-01	2.70000e+00
1.60000e-03	6.53874e-01	4.50000e+00
3.84000e-03	5.47232e-01	4.50000e+00
6.08000e-03	4.95112e-01	4.50000e+00
8.32000e-03	4.60514e-01	4.50000e+00
1.05600e-02	4.34523e-01	4.50000e+00
2.50000e-05	1.06956e+00	2.70000e+00
6.00000e-05	9.35708e-01	2.70000e+00
9.50000e-05	8.70378e-01	2.70000e+00
1.30000e-04	8.27691e-01	2.70000e+00
1.65000e-04	7.96259e-01	2.70000e+00
2.50000e-05	1.06956e+00	2.70000e+00
6.00000e-05	9.35708e-01	2.70000e+00
9.50000e-05	8.70378e-01	2.70000e+00
1.30000e-04	8.27691e-01	2.70000e+00
1.65000e-04	7.96259e-01	2.70000e+00
