7.14293e-02	7.91233e-02	9.66483e-03	6.21000e-07	4.50000e-02
2.75550e-01	2.82262e-01	1.06043e-02	6.62000e-05	3.50000e-01
9.92113e-02	1.10003e-01	1.19329e-02	8.97000e-07	6.50000e-02
2.52302e-01	2.57294e-01	9.04429e-03	1.30000e-04	3.50000e-01
9.82024e-02	1.10756e-01	1.08323e-02	1.02000e-06	6.50000e-02
2.34872e-01	2.39808e-01	9.35532e-03	2.20000e-04	3.50000e-01
1.25212e-01	1.34911e-01	1.29533e-02	1.17000e-06	8.50000e-02
2.08939e-01	2.39740e-01	9.04092e-03	5.00000e-04	3.50000e-01
1.23822e-01	1.29230e-01	8.78701e-03	1.34000e-06	8.50000e-02
1.62738e-01	2.01288e-01	2.23999e-02	2.51000e-03	3.50000e-01
1.22271e-01	1.25442e-01	8.93851e-03	1.56000e-06	8.50000e-02
3.88553e-01	3.52547e-01	1.81799e-02	8.83000e-06	4.00000e-01
1.55600e-01	1.63905e-01	1.60768e-02	1.51000e-06	1.10000e-01
3.78815e-01	3.70726e-01	1.35458e-02	1.10000e-05	4.00000e-01
1.53801e-01	1.64788e-01	9.31280e-03	1.73000e-06	1.10000e-01
3.70491e-01	3.56823e-01	1.21199e-02	1.33000e-05	4.00000e-01
1.51761e-01	1.56259e-01	6.27389e-03	2.02000e-06	1.10000e-01
3.59857e-01	3.54683e-01	1.03375e-02	1.70000e-05	4.00000e-01
1.49341e-01	1.49103e-01	8.33250e-03	2.43000e-06	1.10000e-01
3.48841e-01	3.35076e-01	9.62452e-03	2.20000e-05	4.00000e-01
2.00051e-01	2.25780e-01	1.89821e-02	2.07000e-06	1.50000e-01
3.27341e-01	3.29724e-01	1.39019e-02	3.68000e-05	4.00000e-01
1.97700e-01	1.98109e-01	9.62471e-03	2.36000e-06	1.50000e-01
2.92270e-01	3.20083e-01	1.17625e-02	8.83000e-05	4.00000e-01
1.94907e-01	1.99713e-01	7.21853e-03	2.76000e-06	1.50000e-01
2.66020e-01	2.87265e-01	1.06923e-02	1.76000e-04	4.00000e-01
1.91683e-01	1.99980e-01	6.55014e-03	3.31000e-06	1.50000e-01
2.47316e-01	2.76540e-01	1.06910e-02	2.94000e-04	4.00000e-01
1.87742e-01	1.86478e-01	6.28279e-03	4.14000e-06	1.50000e-01
2.20826e-01	2.60059e-01	1.06874e-02	6.31000e-04	4.00000e-01
1.84370e-01	1.85275e-01	1.04267e-02	5.02000e-06	1.50000e-01
4.69904e-01	4.48260e-01	4.50042e-02	7.32000e-06	5.00000e-01
2.47009e-01	2.48460e-01	1.28329e-02	3.15000e-06	2.00000e-01
4.60978e-01	4.59399e-01	5.16879e-02	8.60000e-06	5.00000e-01
2.43343e-01	2.45608e-01	9.26823e-03	3.68000e-06	2.00000e-01
4.28033e-01	4.28650e-01	2.04968e-02	1.58000e-05	5.00000e-01
2.39103e-01	2.38835e-01	7.48587e-03	4.41000e-06	2.00000e-01
4.12537e-01	3.91219e-01	1.29218e-02	2.12000e-05	5.00000e-01
2.33883e-01	2.34557e-01	6.77292e-03	5.52000e-06	2.00000e-01
3.98872e-01	3.77849e-01	1.20306e-02	2.76000e-05	5.00000e-01
2.29449e-01	2.27249e-01	6.05998e-03	6.69000e-06	2.00000e-01
3.80292e-01	3.64478e-01	1.60406e-02	3.98000e-05	5.00000e-01
2.23998e-01	2.23862e-01	6.77290e-03	8.49000e-06	2.00000e-01
3.35538e-01	3.48416e-01	1.02475e-02	1.00000e-04	5.00000e-01
2.18130e-01	2.07999e-01	9.08992e-03	1.10000e-05	2.00000e-01
2.93798e-01	3.07825e-01	8.90955e-03	2.51000e-04	5.00000e-01
1.89889e-01	2.11557e-01	4.36660e-02	3.98000e-05	2.00000e-01
2.77343e-01	3.00216e-01	9.79935e-03	3.68000e-04	5.00000e-01
1.52212e-01	1.79616e-01	2.76196e-02	2.51000e-04	2.00000e-01
2.45619e-01	2.86729e-01	8.90462e-03	8.00000e-04	5.00000e-01
2.91446e-01	2.77601e-01	1.62640e-02	3.94000e-06	2.50000e-01
1.94684e-01	1.82094e-01	2.39831e-02	3.20000e-03	5.00000e-01
2.86927e-01	2.79160e-01	1.13625e-02	4.60000e-06	2.50000e-01
5.50683e-01	4.90055e-01	3.07008e-02	9.52000e-06	6.50000e-01
2.81643e-01	2.81388e-01	9.13453e-03	5.52000e-06	2.50000e-01
5.39384e-01	5.35236e-01	3.41763e-02	1.12000e-05	6.50000e-01
2.75231e-01	2.74704e-01	8.02055e-03	6.90000e-06	2.50000e-01
5.15862e-01	4.69778e-01	3.07006e-02	1.58000e-05	6.50000e-01
2.69763e-01	2.66015e-01	7.79775e-03	8.36000e-06	2.50000e-01
5.13347e-01	5.16697e-01	4.34443e-02	1.64000e-05	6.50000e-01
2.63062e-01	2.59999e-01	6.90656e-03	1.06000e-05	2.50000e-01
4.55437e-01	4.73242e-01	1.85358e-02	3.98000e-05	6.50000e-01
2.55695e-01	2.48858e-01	6.90654e-03	1.38000e-05	2.50000e-01
4.30095e-01	4.16468e-01	2.14316e-02	5.98000e-05	6.50000e-01
2.41673e-01	2.43063e-01	9.57995e-03	2.30000e-05	2.50000e-01
3.99240e-01	4.08921e-01	1.56386e-02	1.00000e-04	6.50000e-01
2.26984e-01	2.35930e-01	1.11393e-02	3.98000e-05	2.50000e-01
3.47274e-01	3.60792e-01	1.21615e-02	2.51000e-04	6.50000e-01
2.00787e-01	1.99157e-01	1.00247e-02	1.10000e-04	2.50000e-01
3.13437e-01	3.32339e-01	1.21588e-02	4.78000e-04	6.50000e-01
1.80573e-01	1.95787e-01	1.02460e-02	2.51000e-04	2.50000e-01
2.87908e-01	3.18340e-01	9.83961e-03	8.00000e-04	6.50000e-01
1.69944e-01	1.94200e-01	1.15807e-02	3.94000e-04	2.50000e-01
2.25972e-01	2.23446e-01	1.50119e-02	3.20000e-03	6.50000e-01
1.39201e-01	1.97522e-01	2.49127e-02	1.58000e-03	2.50000e-01
6.40417e-01	5.88572e-01	2.80272e-02	1.24000e-05	8.50000e-01
3.72215e-01	3.47157e-01	1.99623e-02	5.12000e-06	3.50000e-01
6.31112e-01	6.55988e-01	8.55965e-02	1.38000e-05	8.50000e-01
3.72215e-01	4.51335e-01	1.16031e-01	5.12000e-06	3.50000e-01
5.99423e-01	6.22654e-01	2.27246e-02	2.00000e-05	8.50000e-01
3.65191e-01	3.68678e-01	5.20891e-02	6.10000e-06	3.50000e-01
5.99423e-01	6.23412e-01	3.71169e-02	2.00000e-05	8.50000e-01
3.61931e-01	3.35616e-01	1.15407e-02	6.62000e-06	3.50000e-01
5.43092e-01	5.60529e-01	1.96943e-02	3.98000e-05	8.50000e-01
3.53079e-01	3.33744e-01	1.06049e-02	8.28000e-06	3.50000e-01
5.25121e-01	5.42344e-01	3.18135e-02	5.00000e-05	8.50000e-01
3.45686e-01	3.47467e-01	9.98110e-03	1.00000e-05	3.50000e-01
4.72708e-01	5.02931e-01	3.10545e-02	1.00000e-04	8.50000e-01
3.36424e-01	3.25009e-01	9.04535e-03	1.27000e-05	3.50000e-01
4.08244e-01	3.96831e-01	2.87778e-02	2.51000e-04	8.50000e-01
3.26408e-01	3.13779e-01	8.73341e-03	1.65000e-05	3.50000e-01
3.35433e-01	3.49685e-01	1.96792e-02	8.00000e-04	8.50000e-01
3.01671e-01	2.95996e-01	1.21642e-02	3.20000e-05	3.50000e-01
2.60554e-01	3.07304e-01	1.66110e-02	3.20000e-03	8.50000e-01
7.62402e-01	6.37360e-01	2.88737e-02	1.76000e-05	1.20000e+00
9.29699e-01	9.11870e-01	1.44359e-02	8.00000e-05	2.70000e+00
7.47908e-01	7.03661e-01	2.78042e-02	2.00000e-05	1.20000e+00
9.29699e-01	9.35930e-01	3.60899e-02	8.00000e-05	2.70000e+00
7.47908e-01	7.94559e-01	8.34127e-02	2.00000e-05	1.20000e+00
8.47474e-01	8.10778e-01	1.20294e-02	1.30000e-04	2.70000e+00
6.96078e-01	6.80126e-01	2.35264e-02	3.20000e-05	1.20000e+00
7.79295e-01	7.84259e-01	1.68399e-02	2.00000e-04	2.70000e+00
6.96078e-01	6.97236e-01	2.45957e-02	3.20000e-05	1.20000e+00
7.09864e-01	6.99975e-01	1.44325e-02	3.20000e-04	2.70000e+00
6.25268e-01	6.51232e-01	1.71096e-02	6.31000e-05	1.20000e+00
6.48552e-01	6.44534e-01	1.20249e-02	5.00000e-04	2.70000e+00
6.01654e-01	5.95616e-01	1.92479e-02	8.00000e-05	1.20000e+00
5.88647e-01	5.93851e-01	1.44255e-02	8.00000e-04	2.70000e+00
5.55174e-01	5.43192e-01	3.10090e-02	1.30000e-04	1.20000e+00
5.31566e-01	5.67120e-01	1.20152e-02	1.30000e-03	2.70000e+00
5.37191e-01	5.32484e-01	1.49694e-02	1.58000e-04	1.20000e+00
4.84807e-01	4.80272e-01	1.44081e-02	2.00000e-03	2.70000e+00
4.57360e-01	4.92804e-01	2.13798e-02	3.98000e-04	1.20000e+00
3.96679e-01	4.52480e-01	1.19704e-02	5.00000e-03	2.70000e+00
3.67731e-01	3.71671e-01	1.70883e-02	1.30000e-03	1.20000e+00
2.82245e-01	2.97917e-01	1.59598e-02	5.00000e-03	1.20000e+00
1.20158e+00	1.00744e+00	7.79750e-02	4.06000e-05	3.50000e+00
8.67754e-01	6.99117e-01	8.28781e-02	1.85000e-05	1.50000e+00
1.18743e+00	1.06670e+00	7.79748e-02	4.32000e-05	3.50000e+00
8.44358e-01	7.53921e-01	2.40613e-02	2.20000e-05	1.50000e+00
1.17324e+00	1.13531e+00	4.99037e-02	4.60000e-05	3.50000e+00
7.95165e-01	7.77974e-01	2.40611e-02	3.20000e-05	1.50000e+00
1.14935e+00	1.06357e+00	4.36655e-02	5.12000e-05	3.50000e+00
7.95165e-01	8.52831e-01	5.07956e-02	3.20000e-05	1.50000e+00
1.14130e+00	9.85591e-01	4.05465e-02	5.31000e-05	3.50000e+00
7.39068e-01	7.68603e-01	2.00505e-02	5.00000e-05	1.50000e+00
1.12464e+00	1.14465e+00	6.54979e-02	5.73000e-05	3.50000e+00
6.82914e-01	7.01747e-01	2.00499e-02	8.00000e-05	1.50000e+00
1.05380e+00	9.91803e-01	2.18321e-02	8.00000e-05	3.50000e+00
6.28033e-01	6.46912e-01	2.13855e-02	1.30000e-04	1.50000e+00
1.05380e+00	1.03547e+00	2.49510e-02	8.00000e-05	3.50000e+00
5.81971e-01	6.12117e-01	2.40570e-02	2.00000e-04	1.50000e+00
9.57037e-01	9.29379e-01	1.24749e-02	1.30000e-04	3.50000e+00
5.34501e-01	5.77299e-01	1.87088e-02	3.20000e-04	1.50000e+00
8.77222e-01	8.57588e-01	1.24740e-02	2.00000e-04	3.50000e+00
4.92073e-01	5.47801e-01	4.27552e-02	5.00000e-04	1.50000e+00
7.96351e-01	7.92004e-01	1.24725e-02	3.20000e-04	3.50000e+00
4.50119e-01	4.90201e-01	1.86998e-02	8.00000e-04	1.50000e+00
7.25299e-01	7.51333e-01	1.24703e-02	5.00000e-04	3.50000e+00
4.31162e-01	4.62058e-01	3.07149e-02	1.00000e-03	1.50000e+00
6.56220e-01	6.60725e-01	1.24665e-02	8.00000e-04	3.50000e+00
3.41986e-01	4.10397e-01	1.46570e-02	3.20000e-03	1.50000e+00
5.90728e-01	6.23013e-01	1.24603e-02	1.30000e-03	3.50000e+00
4.09650e-01	3.28416e-01	2.26954e-02	1.30000e-03	1.50000e+00
5.37332e-01	5.69656e-01	9.33863e-03	2.00000e-03	3.50000e+00
9.78754e-01	8.92939e-01	7.48572e-02	2.47000e-05	2.00000e+00
3.92630e-01	4.61002e-01	9.28192e-03	8.00000e-03	3.50000e+00
9.50832e-01	8.60854e-01	2.31700e-02	2.93000e-05	2.00000e+00
1.28901e+00	1.12684e+00	8.82221e-02	5.22000e-05	4.50000e+00
9.33175e-01	9.35707e-01	4.81221e-02	3.27000e-05	2.00000e+00
1.25689e+00	1.13084e+00	4.81208e-02	5.92000e-05	4.50000e+00
8.67022e-01	8.43013e-01	2.31695e-02	5.00000e-05	2.00000e+00
1.24606e+00	1.11079e+00	7.61911e-02	6.18000e-05	4.50000e+00
8.67022e-01	8.80441e-01	2.49518e-02	5.00000e-05	2.00000e+00
1.22116e+00	1.19900e+00	3.60903e-02	6.83000e-05	4.50000e+00
7.97736e-01	7.68135e-01	1.60399e-02	8.00000e-05	2.00000e+00
1.20415e+00	1.11478e+00	3.60901e-02	7.32000e-05	4.50000e+00
7.30436e-01	7.25325e-01	1.60391e-02	1.30000e-04	2.00000e+00
1.17727e+00	1.15487e+00	1.80449e-01	8.18000e-05	4.50000e+00
6.74285e-01	6.78942e-01	1.42560e-02	2.00000e-04	2.00000e+00
1.17727e+00	1.22304e+00	4.00998e-02	8.18000e-05	4.50000e+00
6.16757e-01	6.27189e-01	1.60361e-02	3.20000e-04	2.00000e+00
1.07036e+00	1.04254e+00	2.40587e-02	1.30000e-04	4.50000e+00
5.65644e-01	5.75413e-01	1.60332e-02	5.00000e-04	2.00000e+00
1.07036e+00	1.04254e+00	2.00489e-02	1.30000e-04	4.50000e+00
4.92802e-01	5.09244e-01	1.24640e-02	1.00000e-03	2.00000e+00
9.78218e-01	9.70300e-01	1.60380e-02	2.00000e-04	4.50000e+00
3.87384e-01	4.26389e-01	1.24364e-02	3.20000e-03	2.00000e+00
8.85290e-01	8.98021e-01	1.20271e-02	3.20000e-04	4.50000e+00
4.67233e-01	3.61347e-01	1.95804e-02	1.30000e-03	2.00000e+00
8.04023e-01	7.97652e-01	1.20249e-02	5.00000e-04	4.50000e+00
1.10799e+00	1.11884e+00	6.25588e-02	3.09000e-05	2.70000e+00
7.25368e-01	7.21277e-01	1.20213e-02	8.00000e-04	4.50000e+00
1.07456e+00	1.03703e+00	3.60914e-02	3.66000e-05	2.70000e+00
6.51137e-01	6.64844e-01	1.20153e-02	1.30000e-03	4.50000e+00
1.05303e+00	1.07311e+00	9.62434e-02	4.09000e-05	2.70000e+00
5.90869e-01	6.16350e-01	1.20068e-02	2.00000e-03	4.50000e+00
1.05303e+00	1.15251e+00	8.90251e-02	4.09000e-05	2.70000e+00
5.30722e-01	5.71634e-01	1.19923e-02	3.20000e-03	4.50000e+00
1.01490e+00	9.57613e-01	2.40606e-02	5.00000e-05	2.70000e+00
1.01490e+00	9.86486e-01	2.88728e-02	5.00000e-05	2.70000e+00
1.40316e+00	1.35538e+00	1.04260e-01	7.54000e-05	6.50000e+00
1.54797e+00	1.53974e+00	5.34633e-02	1.39200e-04	1.20000e+01
1.38447e+00	1.28008e+00	7.52986e-02	8.03000e-05	6.50000e+00
1.49692e+00	1.45417e+00	8.55394e-02	1.61000e-04	1.20000e+01
1.36606e+00	1.26848e+00	5.21295e-02	8.55000e-05	6.50000e+00
1.49692e+00	1.52902e+00	3.20773e-02	1.61000e-04	1.20000e+01
1.33500e+00	1.21055e+00	5.21290e-02	9.52000e-05	6.50000e+00
1.45508e+00	1.42206e+00	4.27688e-02	1.82000e-04	1.20000e+01
1.32499e+00	1.30322e+00	4.05446e-02	9.86000e-05	6.50000e+00
1.42361e+00	1.38996e+00	3.20760e-02	2.00000e-04	1.20000e+01
1.32499e+00	1.33218e+00	6.37130e-02	9.86000e-05	6.50000e+00
1.42361e+00	1.42204e+00	4.27680e-02	2.00000e-04	1.20000e+01
1.24831e+00	1.16997e+00	2.31676e-02	1.30000e-04	6.50000e+00
1.27572e+00	1.25081e+00	2.13814e-02	3.20000e-04	1.20000e+01
1.24831e+00	1.25684e+00	2.89595e-02	1.30000e-04	6.50000e+00
1.27572e+00	1.26151e+00	2.13814e-02	3.20000e-04	1.20000e+01
1.13637e+00	1.13513e+00	1.73745e-02	2.00000e-04	6.50000e+00
1.14830e+00	1.15439e+00	1.06888e-02	5.00000e-04	1.20000e+01
1.13637e+00	1.14093e+00	2.31660e-02	2.00000e-04	6.50000e+00
1.02672e+00	1.04719e+00	1.06856e-02	8.00000e-04	1.20000e+01
1.02418e+00	1.00760e+00	1.15816e-02	3.20000e-04	6.50000e+00
9.13604e-01	9.39861e-01	1.06802e-02	1.30000e-03	1.20000e+01
9.26680e-01	9.37942e-01	1.73693e-02	5.00000e-04	6.50000e+00
8.22951e-01	8.53820e-01	1.06727e-02	2.00000e-03	1.20000e+01
8.32877e-01	8.50840e-01	1.15761e-02	8.00000e-04	6.50000e+00
7.33572e-01	7.56852e-01	1.06599e-02	3.20000e-03	1.20000e+01
7.44880e-01	7.57852e-01	1.15703e-02	1.30000e-03	6.50000e+00
6.57118e-01	6.80998e-01	1.06406e-02	5.00000e-03	1.20000e+01
6.73830e-01	6.93728e-01	1.15621e-02	2.00000e-03	6.50000e+00
6.03287e-01	6.40924e-01	1.15482e-02	3.20000e-03	6.50000e+00
1.58501e+00	1.60384e+00	6.68268e-02	1.74000e-04	1.50000e+01
5.42537e-01	5.76362e-01	1.15272e-02	5.00000e-03	6.50000e+00
1.53385e+00	1.49688e+00	8.01901e-02	2.00000e-04	1.50000e+01
1.53385e+00	1.57707e+00	5.34600e-02	2.00000e-04	1.50000e+01
1.48710e+00	1.45675e+00	4.00939e-02	2.28000e-04	1.50000e+01
1.47405e+00	1.40124e+00	5.30199e-02	9.86000e-05	8.50000e+00
1.46059e+00	1.51018e+00	4.00932e-02	2.46000e-04	1.50000e+01
1.45370e+00	1.39366e+00	8.33165e-02	1.05000e-04	8.50000e+00
1.37211e+00	1.36307e+00	2.67268e-02	3.20000e-04	1.50000e+01
1.43306e+00	1.35578e+00	5.30192e-02	1.12000e-04	8.50000e+00
1.37211e+00	1.36307e+00	2.67268e-02	3.20000e-04	1.50000e+01
1.40104e+00	1.40121e+00	4.54445e-02	1.24000e-04	8.50000e+00
1.23312e+00	1.22921e+00	1.33610e-02	5.00000e-04	1.50000e+01
1.38877e+00	1.35575e+00	3.78702e-02	1.29000e-04	8.50000e+00
1.10083e+00	1.10863e+00	1.33570e-02	8.00000e-04	1.50000e+01
1.36585e+00	1.31030e+00	6.81657e-02	1.39000e-04	8.50000e+00
9.78051e-01	9.74572e-01	1.33503e-02	1.30000e-03	1.50000e+01
1.36585e+00	1.36331e+00	8.33136e-02	1.39000e-04	8.50000e+00
8.79877e-01	8.67161e-01	1.33409e-02	2.00000e-03	1.50000e+01
1.25881e+00	1.23448e+00	2.27205e-02	2.00000e-04	8.50000e+00
7.83282e-01	7.86168e-01	1.33249e-02	3.20000e-03	1.50000e+01
1.25881e+00	1.26478e+00	2.27205e-02	2.00000e-04	8.50000e+00
7.00820e-01	7.18241e-01	1.33008e-02	5.00000e-03	1.50000e+01
1.13150e+00	1.12074e+00	1.51452e-02	3.20000e-04	8.50000e+00
6.22821e-01	6.36506e-01	1.32605e-02	8.00000e-03	1.50000e+01
1.02129e+00	1.01455e+00	1.51425e-02	5.00000e-04	8.50000e+00
9.15677e-01	9.30982e-01	1.51379e-02	8.00000e-04	8.50000e+00
1.60857e+00	1.63586e+00	6.41515e-02	2.09000e-04	1.80000e+01
8.16982e-01	8.39734e-01	1.51303e-02	1.30000e-03	8.50000e+00
1.56090e+00	1.57167e+00	4.81123e-02	2.37000e-04	1.80000e+01
7.37577e-01	7.71106e-01	1.51197e-02	2.00000e-03	8.50000e+00
1.51555e+00	1.49143e+00	8.01846e-02	2.68000e-04	1.80000e+01
6.58998e-01	6.64466e-01	1.51015e-02	3.20000e-03	8.50000e+00
1.51555e+00	1.50747e+00	3.20738e-02	2.68000e-04	1.80000e+01
5.91543e-01	6.33114e-01	1.50741e-02	5.00000e-03	8.50000e+00
1.44365e+00	1.45927e+00	3.20719e-02	3.28000e-04	1.80000e+01
1.44365e+00	1.47531e+00	3.20719e-02	3.28000e-04	1.80000e+01
1.47300e+00	1.39006e+00	8.91063e-02	1.30000e-04	1.00000e+01
1.30362e+00	1.29869e+00	3.20664e-02	5.00000e-04	1.80000e+01
1.33554e+00	1.32759e+00	4.45500e-02	2.00000e-04	1.00000e+01
1.30362e+00	1.31472e+00	1.60332e-02	5.00000e-04	1.80000e+01
1.19867e+00	1.15816e+00	2.67268e-02	3.20000e-04	1.00000e+01
1.16241e+00	1.17007e+00	1.60284e-02	8.00000e-04	1.80000e+01
1.08046e+00	1.06888e+00	2.67220e-02	5.00000e-04	1.00000e+01
1.03159e+00	1.04132e+00	1.60204e-02	1.30000e-03	1.80000e+01
9.67425e-01	9.79512e-01	2.67140e-02	8.00000e-04	1.00000e+01
9.27158e-01	9.44538e-01	1.60091e-02	2.00000e-03	1.80000e+01
8.62017e-01	8.90020e-01	2.67006e-02	1.30000e-03	1.00000e+01
8.24564e-01	8.31473e-01	1.59899e-02	3.20000e-03	1.80000e+01
7.77375e-01	8.00456e-01	2.66819e-02	2.00000e-03	1.00000e+01
7.37109e-01	7.50164e-01	1.59609e-02	5.00000e-03	1.80000e+01
6.22117e-01	6.29568e-01	8.86715e-03	5.00000e-03	1.00000e+01
6.54503e-01	6.68333e-01	1.59127e-02	8.00000e-03	1.80000e+01
1.57901e+00	1.63074e+00	5.09606e-02	2.90000e-04	2.20000e+01
1.10340e+00	1.10196e+00	1.24515e-02	2.00000e-03	3.50000e+01
1.54162e+00	1.58169e+00	5.29191e-02	3.20000e-04	2.20000e+01
9.78420e-01	9.63834e-01	1.24366e-02	3.20000e-03	3.50000e+01
1.51360e+00	1.53266e+00	3.52785e-02	3.45000e-04	2.20000e+01
8.72347e-01	8.50365e-01	9.31057e-03	5.00000e-03	3.50000e+01
1.47080e+00	1.48163e+00	2.93975e-02	3.88000e-04	2.20000e+01
7.72564e-01	7.45691e-01	9.28246e-03	8.00000e-03	3.50000e+01
1.38220e+00	1.39524e+00	4.89903e-02	5.00000e-04	2.20000e+01
1.38220e+00	1.42856e+00	2.74346e-02	5.00000e-04	2.20000e+01
1.32598e+00	1.35593e+00	2.54726e-02	5.92000e-04	2.20000e+01
1.23103e+00	1.24202e+00	1.95902e-02	8.00000e-04	2.20000e+01
1.09123e+00	1.06126e+00	3.13287e-02	1.30000e-03	2.20000e+01
1.59903e+00	1.65127e+00	6.01191e-02	5.90000e-04	4.50000e+01
9.79825e-01	9.92032e-01	2.15234e-02	2.00000e-03	2.20000e+01
1.57013e+00	1.60310e+00	3.60699e-02	6.34000e-04	4.50000e+01
8.70545e-01	9.00940e-01	2.73604e-02	3.20000e-03	2.20000e+01
1.53115e+00	1.60300e+00	4.40825e-02	7.00000e-04	4.50000e+01
7.77527e-01	7.68608e-01	2.14586e-02	5.00000e-03	2.20000e+01
1.48005e+00	1.54273e+00	2.40426e-02	8.00000e-04	4.50000e+01
6.89788e-01	6.55428e-01	1.94489e-02	8.00000e-03	2.20000e+01
1.48005e+00	1.59883e+00	5.20923e-02	8.00000e-04	4.50000e+01
1.42832e+00	1.44238e+00	2.80463e-02	9.20000e-04	4.50000e+01
1.36468e+00	1.40607e+00	2.40354e-02	1.10000e-03	4.50000e+01
1.64139e+00	1.75596e+00	8.41900e-02	3.14000e-04	2.70000e+01
1.30764e+00	1.31767e+00	1.60204e-02	1.30000e-03	4.50000e+01
1.61543e+00	1.68376e+00	9.86205e-02	3.35000e-04	2.70000e+01
1.30764e+00	1.33370e+00	2.00255e-02	1.30000e-03	4.50000e+01
1.59250e+00	1.63322e+00	4.81066e-02	3.55000e-04	2.70000e+01
1.17089e+00	1.16066e+00	1.20068e-02	2.00000e-03	4.50000e+01
1.53687e+00	1.57781e+00	4.56987e-02	4.10000e-04	2.70000e+01
1.03734e+00	1.00736e+00	1.19924e-02	3.20000e-03	4.50000e+01
1.53687e+00	1.59465e+00	4.08883e-02	4.10000e-04	2.70000e+01
9.24132e-01	8.97805e-01	1.19707e-02	5.00000e-03	4.50000e+01
1.46320e+00	1.48868e+00	2.40498e-02	5.00000e-04	2.70000e+01
8.17773e-01	7.79728e-01	7.95641e-03	8.00000e-03	4.50000e+01
1.46320e+00	1.51033e+00	3.60747e-02	5.00000e-04	2.70000e+01
1.30175e+00	1.31032e+00	1.68298e-02	8.00000e-04	2.70000e+01
1.30175e+00	1.31513e+00	3.84681e-02	8.00000e-04	2.70000e+01
1.15270e+00	1.16068e+00	1.44183e-02	1.30000e-03	2.70000e+01
1.03410e+00	1.04700e+00	1.20068e-02	2.00000e-03	2.70000e+01
1.58110e+00	1.64024e+00	3.20568e-02	8.00000e-04	6.00000e+01
9.17921e-01	9.13821e-01	1.19924e-02	3.20000e-03	2.70000e+01
1.55202e+00	1.69356e+00	5.34247e-02	8.60000e-04	6.00000e+01
8.19170e-01	7.99644e-01	9.57658e-03	5.00000e-03	2.70000e+01
1.51695e+00	1.64001e+00	5.34205e-02	9.40000e-04	6.00000e+01
7.26142e-01	7.06526e-01	9.54765e-03	8.00000e-03	2.70000e+01
1.45684e+00	1.53292e+00	3.73883e-02	1.10000e-03	6.00000e+01
1.39545e+00	1.43649e+00	2.13605e-02	1.30000e-03	6.00000e+01
1.39545e+00	1.45785e+00	3.20407e-02	1.30000e-03	6.00000e+01
1.34485e+00	1.34544e+00	2.66953e-02	1.50000e-03	6.00000e+01
1.59974e+00	1.61185e+00	4.05300e-02	4.60000e-04	3.50000e+01
1.24842e+00	1.24871e+00	1.60091e-02	2.00000e-03	6.00000e+01
1.56668e+00	1.62425e+00	4.36459e-02	5.00000e-04	3.50000e+01
1.10501e+00	1.08198e+00	1.06599e-02	3.20000e-03	6.00000e+01
1.54323e+00	1.56809e+00	2.80572e-02	5.31000e-04	3.50000e+01
9.83619e-01	9.31058e-01	1.06407e-02	5.00000e-03	6.00000e+01
1.51336e+00	1.65219e+00	4.67600e-02	5.74000e-04	3.50000e+01
8.69707e-01	8.16859e-01	1.06086e-02	8.00000e-03	6.00000e+01
1.48676e+00	1.54613e+00	3.11720e-02	6.16000e-04	3.50000e+01
1.46286e+00	1.50555e+00	2.80537e-02	6.57000e-04	3.50000e+01
1.39208e+00	1.43053e+00	1.86998e-02	8.00000e-04	3.50000e+01
1.39208e+00	1.45547e+00	2.80497e-02	8.00000e-04	3.50000e+01
1.31580e+00	1.33365e+00	2.18120e-02	1.00000e-03	3.50000e+01
1.23120e+00	1.23357e+00	1.55754e-02	1.30000e-03	3.50000e+01
1.57656e+00	1.54628e+00	9.84735e-02	9.22000e-04	7.00000e+01
1.54385e+00	1.56797e+00	5.67113e-02	1.00000e-03	7.00000e+01
1.50629e+00	1.61580e+00	5.04743e-02	1.10000e-03	7.00000e+01
1.46033e+00	1.52149e+00	4.04984e-02	1.24000e-03	7.00000e+01
1.44258e+00	1.48090e+00	3.48888e-02	1.30000e-03	7.00000e+01
1.44258e+00	1.53448e+00	3.80039e-02	1.30000e-03	7.00000e+01
1.29002e+00	1.26570e+00	2.73934e-02	2.00000e-03	7.00000e+01
1.29002e+00	1.28874e+00	2.67708e-02	2.00000e-03	7.00000e+01
1.21724e+00	1.20097e+00	2.17793e-02	2.50000e-03	7.00000e+01
1.14133e+00	1.08944e+00	1.67894e-02	3.20000e-03	7.00000e+01
1.01555e+00	9.59610e-01	1.42762e-02	5.00000e-03	7.00000e+01
8.97582e-01	8.19953e-01	1.54708e-02	8.00000e-03	7.00000e+01
1.51945e+00	1.60764e+00	3.04387e-02	1.30000e-03	9.00000e+01
1.46382e+00	1.50241e+00	3.84412e-02	1.50000e-03	9.00000e+01
1.35789e+00	1.29914e+00	3.28187e-02	2.00000e-03	9.00000e+01
1.35789e+00	1.36558e+00	2.16123e-02	2.00000e-03	9.00000e+01
1.20058e+00	1.17526e+00	1.51904e-02	3.20000e-03	9.00000e+01
1.06763e+00	1.02629e+00	1.27688e-02	5.00000e-03	9.00000e+01
9.43058e-01	8.83163e-01	1.19346e-02	8.00000e-03	9.00000e+01
