Q2 beta x xp*sigmaD(3) dstat dsys dtot
3.5 0.01 0.00005 0.0170 13.6 6.4 15.0
3.5 0.01 0.00008 0.0217 7.5 6.7 10.1
3.5 0.01 0.00013 0.0215 8.3 8.2 11.7
3.5 0.01 0.00020 0.0191 8.6 9.7 13.0
3.5 0.01 0.00032 0.0195 10.4 15.7 18.8
3.5 0.04 0.00005 0.0143 16.6 7.6 18.2
3.5 0.04 0.00008 0.0186 8.4 3.9 9.3
3.5 0.04 0.00013 0.0168 8.3 5.0 9.7
3.5 0.04 0.00020 0.0166 7.6 3.3 8.2
3.5 0.04 0.00032 0.0165 8.5 4.7 9.7
3.5 0.1 0.00005 0.0173 22.9 8.3 24.4
3.5 0.1 0.00008 0.0196 11.1 7.2 13.2
3.5 0.1 0.00013 0.0210 9.2 4.4 10.2
3.5 0.1 0.00020 0.0185 9.4 4.2 10.3
3.5 0.1 0.00032 0.0178 9.2 3.5 9.9
3.5 0.2 0.00005 0.0261 19.5 12.7 23.3
3.5 0.2 0.00008 0.0253 9.3 10.5 14.0
3.5 0.2 0.00013 0.0289 7.7 10.6 13.2
3.5 0.2 0.00020 0.0234 7.6 5.4 9.3
3.5 0.2 0.00032 0.0222 7.8 4.7 9.1
3.5 0.2 0.00050 0.0191 8.8 4.7 9.9
3.5 0.4 0.00008 0.0402 11.2 9.9 14.9
3.5 0.4 0.00013 0.0360 8.1 7.2 10.9
3.5 0.4 0.00020 0.0349 8.6 8.5 12.1
3.5 0.4 0.00032 0.0347 7.9 5.6 9.7
3.5 0.4 0.00050 0.0290 8.7 6.0 10.6
3.5 0.4 0.00080 0.0306 11.4 9.4 14.7
3.5 0.65 0.00013 0.0594 8.9 7.6 11.7
3.5 0.65 0.00020 0.0459 8.4 12.9 15.4
3.5 0.65 0.00032 0.0397 8.5 10.8 13.7
3.5 0.65 0.00050 0.0350 7.6 8.1 11.1
3.5 0.65 0.00080 0.0407 8.7 5.6 10.3
3.5 0.9 0.00032 0.0454 9.3 31.9 33.3
3.5 0.9 0.00050 0.0383 12.4 27.0 29.7
3.5 0.9 0.00080 0.0388 14.0 19.5 24.1
5.0 0.01 0.00008 0.0181 11.6 7.1 13.6
5.0 0.01 0.00013 0.0250 8.3 6.5 10.5
5.0 0.01 0.00020 0.0259 8.3 10.6 13.5
5.0 0.01 0.00032 0.0270 11.8 15.6 19.5
5.0 0.01 0.00050 0.0288 13.0 26.1 29.1
5.0 0.04 0.00008 0.0182 14.2 6.7 15.7
5.0 0.04 0.00013 0.0215 9.6 4.8 10.7
5.0 0.04 0.00020 0.0202 8.9 5.1 10.3
5.0 0.04 0.00032 0.0193 10.4 5.2 11.6
5.0 0.04 0.00050 0.0205 10.3 7.7 12.9
5.0 0.1 0.00008 0.0202 17.8 5.6 18.6
5.0 0.1 0.00013 0.0223 11.7 4.9 12.7
5.0 0.1 0.00020 0.0176 11.0 4.6 11.9
5.0 0.1 0.00032 0.0196 10.7 3.9 11.4
5.0 0.1 0.00050 0.0180 11.7 4.0 12.3
5.0 0.2 0.00008 0.0397 13.9 12.2 18.5
5.0 0.2 0.00013 0.0284 10.4 8.0 13.1
5.0 0.2 0.00020 0.0302 9.4 6.8 11.6
5.0 0.2 0.00032 0.0263 9.9 5.0 11.1
5.0 0.2 0.00050 0.0246 11.0 3.7 11.6
5.0 0.2 0.00080 0.0272 11.1 5.0 12.2
5.0 0.4 0.00008 0.0512 19.6 8.3 21.3
5.0 0.4 0.00013 0.0554 10.2 7.9 12.9
5.0 0.4 0.00020 0.0356 10.3 8.4 13.3
5.0 0.4 0.00032 0.0403 9.9 6.8 12.0
5.0 0.4 0.00050 0.0321 10.4 5.1 11.6
5.0 0.4 0.00080 0.0314 10.1 4.0 10.9
5.0 0.65 0.00013 0.0450 14.7 12.2 19.1
5.0 0.65 0.00020 0.0526 9.4 6.5 11.4
5.0 0.65 0.00032 0.0382 9.1 10.1 13.6
5.0 0.65 0.00050 0.0419 9.0 5.1 10.3
5.0 0.65 0.00080 0.0405 9.7 4.9 10.9
5.0 0.9 0.00020 0.0503 20.1 52.9 56.6
5.0 0.9 0.00032 0.0579 10.7 30.2 32.0
5.0 0.9 0.00050 0.0541 11.9 16.5 20.4
5.0 0.9 0.00080 0.0522 11.4 12.2 16.7
5.0 0.9 0.00130 0.0435 16.2 12.6 20.5
6.5 0.01 0.00013 0.0236 9.9 7.0 12.2
6.5 0.01 0.00020 0.0221 9.4 10.6 14.2
6.5 0.01 0.00032 0.0296 10.9 16.9 20.1
6.5 0.01 0.00050 0.0291 14.2 22.7 26.8
6.5 0.04 0.00013 0.0212 12.4 4.8 13.3
6.5 0.04 0.00020 0.0237 10.5 3.8 11.2
6.5 0.04 0.00032 0.0220 9.5 5.2 10.8
6.5 0.04 0.00050 0.0260 12.8 8.5 15.3
6.5 0.04 0.00080 0.0219 9.4 10.9 14.4
6.5 0.1 0.00013 0.0212 16.2 4.5 16.8
6.5 0.1 0.00020 0.0213 13.5 4.8 14.3
6.5 0.1 0.00032 0.0219 16.7 4.9 17.4
6.5 0.1 0.00050 0.0210 12.2 4.5 13.0
6.5 0.1 0.00080 0.0192 11.6 6.6 13.4
6.5 0.2 0.00013 0.0337 13.2 7.1 15.0
6.5 0.2 0.00020 0.0322 11.7 8.2 14.3
6.5 0.2 0.00032 0.0234 11.3 5.4 12.5
6.5 0.2 0.00050 0.0207 11.8 5.4 13.0
6.5 0.2 0.00080 0.0240 11.7 4.6 12.6
6.5 0.4 0.00013 0.0613 14.8 8.4 17.0
6.5 0.4 0.00020 0.0476 12.2 9.5 15.5
6.5 0.4 0.00032 0.0434 15.2 8.0 17.1
6.5 0.4 0.00050 0.0395 11.6 4.8 12.6
6.5 0.4 0.00080 0.0366 11.2 5.4 12.5
6.5 0.65 0.00020 0.0492 12.8 4.9 13.7
6.5 0.65 0.00032 0.0405 15.4 4.9 16.2
6.5 0.65 0.00050 0.0354 11.3 6.6 13.1
6.5 0.65 0.00080 0.0375 11.3 5.2 12.4
6.5 0.65 0.00130 0.0342 12.5 5.8 13.8
6.5 0.9 0.00020 0.0464 22.2 57.5 61.7
6.5 0.9 0.00032 0.0537 13.6 29.5 32.5
6.5 0.9 0.00050 0.0398 16.0 16.3 22.9
6.5 0.9 0.00080 0.0450 13.8 16.3 21.4
6.5 0.9 0.00130 0.0361 15.8 7.1 17.3
8.5 0.01 0.00013 0.0346 14.2 7.9 16.3
8.5 0.01 0.00020 0.0265 9.5 10.3 14.0
8.5 0.01 0.00032 0.0306 9.5 14.5 17.4
8.5 0.01 0.00050 0.0283 13.0 24.1 27.3
8.5 0.04 0.00013 0.0175 19.8 7.0 21.0
8.5 0.04 0.00020 0.0219 11.0 4.3 11.8
8.5 0.04 0.00032 0.0295 9.1 5.3 10.5
8.5 0.04 0.00050 0.0229 9.1 6.4 11.1
8.5 0.04 0.00080 0.0234 9.1 11.2 14.4
8.5 0.04 0.00130 0.0250 11.4 18.6 21.8
8.5 0.04 0.00200 0.0235 17.0 26.3 31.3
8.5 0.1 0.00013 0.0245 21.9 10.3 24.2
8.5 0.1 0.00020 0.0243 15.0 4.8 15.8
8.5 0.1 0.00032 0.0224 13.0 4.7 13.8
8.5 0.1 0.00050 0.0212 12.9 3.8 13.4
8.5 0.1 0.00080 0.0181 11.9 5.5 13.1
8.5 0.1 0.00130 0.0244 12.5 8.3 15.0
8.5 0.2 0.00013 0.0279 23.5 8.5 25.0
8.5 0.2 0.00020 0.0276 12.3 6.0 13.7
8.5 0.2 0.00032 0.0204 12.2 4.4 13.0
8.5 0.2 0.00050 0.0226 12.3 4.6 13.1
8.5 0.2 0.00080 0.0187 11.4 4.2 12.1
8.5 0.2 0.00130 0.0196 11.0 4.9 12.0
8.5 0.4 0.00013 0.0424 23.9 8.1 25.2
8.5 0.4 0.00020 0.0497 13.7 5.3 14.6
8.5 0.4 0.00032 0.0398 12.5 6.6 14.1
8.5 0.4 0.00050 0.0372 16.7 6.0 17.8
8.5 0.4 0.00080 0.0320 11.7 3.4 12.2
8.5 0.4 0.00130 0.0294 12.7 4.0 13.3
8.5 0.4 0.00200 0.0311 15.5 4.1 16.0
8.5 0.65 0.00020 0.0532 15.0 7.6 16.8
8.5 0.65 0.00032 0.0561 12.1 9.7 15.5
8.5 0.65 0.00050 0.0399 11.6 7.2 13.6
8.5 0.65 0.00080 0.0429 10.9 4.9 12.0
8.5 0.65 0.00130 0.0411 12.2 6.0 13.6
8.5 0.65 0.00200 0.0341 16.6 7.0 18.0
8.5 0.9 0.00032 0.0459 18.0 29.2 34.3
8.5 0.9 0.00050 0.0531 14.1 22.4 26.4
8.5 0.9 0.00080 0.0406 15.6 11.4 19.3
8.5 0.9 0.00130 0.0403 15.7 10.6 19.0
8.5 0.9 0.00200 0.0334 18.6 9.6 20.9
12.0 0.01 0.00020 0.0336 12.9 10.5 16.6
12.0 0.01 0.00032 0.0399 11.2 13.6 17.6
12.0 0.01 0.00050 0.0336 13.4 23.1 26.7
12.0 0.04 0.00020 0.0352 13.3 3.4 13.7
12.0 0.04 0.00032 0.0305 10.7 4.1 11.5
12.0 0.04 0.00050 0.0369 9.5 8.0 12.4
12.0 0.04 0.00080 0.0327 10.0 9.7 13.9
12.0 0.04 0.00130 0.0285 13.2 15.9 20.7
12.0 0.04 0.00200 0.0246 19.5 21.2 28.8
12.0 0.1 0.00020 0.0169 22.4 5.4 23.0
12.0 0.1 0.00032 0.0215 16.2 4.1 16.7
12.0 0.1 0.00050 0.0224 14.5 3.7 15.0
12.0 0.1 0.00080 0.0265 13.7 5.3 14.6
12.0 0.1 0.00130 0.0304 13.5 6.4 14.9
12.0 0.1 0.00200 0.0234 18.9 10.8 21.8
12.0 0.2 0.00020 0.0423 15.2 7.4 16.9
12.0 0.2 0.00032 0.0274 14.1 5.2 15.0
12.0 0.2 0.00050 0.0317 12.5 4.1 13.1
12.0 0.2 0.00080 0.0179 14.5 4.1 15.0
12.0 0.2 0.00130 0.0175 13.4 4.1 14.0
12.0 0.2 0.00200 0.0276 12.0 6.5 13.6
12.0 0.4 0.00020 0.0351 22.2 11.1 24.8
12.0 0.4 0.00032 0.0522 13.6 7.6 15.5
12.0 0.4 0.00050 0.0353 14.6 6.8 16.1
12.0 0.4 0.00080 0.0323 14.3 4.0 14.9
12.0 0.4 0.00130 0.0202 17.1 4.9 17.8
12.0 0.4 0.00200 0.0285 15.3 4.7 16.0
12.0 0.65 0.00020 0.0720 21.0 14.0 25.2
12.0 0.65 0.00032 0.0491 16.2 6.2 17.3
12.0 0.65 0.00050 0.0546 13.4 7.2 15.2
12.0 0.65 0.00080 0.0476 13.4 5.8 14.6
12.0 0.65 0.00130 0.0402 13.9 7.1 15.7
12.0 0.65 0.00200 0.0398 15.2 4.8 16.0
12.0 0.65 0.00320 0.0342 19.7 6.5 20.7
12.0 0.9 0.00032 0.0641 26.6 36.9 45.5
12.0 0.9 0.00050 0.0407 19.8 17.9 26.7
12.0 0.9 0.00080 0.0309 18.6 15.1 24.0
12.0 0.9 0.00130 0.0404 19.0 12.3 22.6
12.0 0.9 0.00200 0.0358 20.5 6.9 21.6
15.0 0.01 0.00020 0.0424 13.0 10.0 16.4
15.0 0.01 0.00032 0.0359 6.8 14.8 16.3
15.0 0.01 0.00050 0.0414 6.1 23.7 24.5
15.0 0.04 0.00032 0.0297 6.1 5.1 8.0
15.0 0.04 0.00050 0.0281 5.2 6.3 8.1
15.0 0.04 0.00080 0.0270 5.8 9.4 11.0
15.0 0.04 0.00130 0.0274 7.2 17.1 18.6
15.0 0.04 0.00200 0.0230 8.1 24.1 25.5
15.0 0.1 0.00032 0.0277 7.9 3.6 8.6
15.0 0.1 0.00050 0.0259 7.1 3.6 8.0
15.0 0.1 0.00080 0.0229 9.0 4.1 9.9
15.0 0.1 0.00130 0.0217 6.7 6.9 9.7
15.0 0.1 0.00200 0.0243 7.8 10.3 13.0
15.0 0.2 0.00020 0.0478 14.0 4.2 14.6
15.0 0.2 0.00032 0.0316 7.4 4.2 8.5
15.0 0.2 0.00050 0.0259 6.8 3.4 7.6
15.0 0.2 0.00080 0.0260 6.3 2.9 6.9
15.0 0.2 0.00130 0.0258 6.3 3.6 7.3
15.0 0.2 0.00200 0.0232 6.2 5.7 8.5
15.0 0.2 0.00320 0.0228 6.7 7.5 10.1
15.0 0.4 0.00020 0.0404 18.4 9.6 20.7
15.0 0.4 0.00032 0.0422 8.2 4.3 9.2
15.0 0.4 0.00050 0.0441 7.0 5.0 8.6
15.0 0.4 0.00080 0.0340 7.5 3.8 8.4
15.0 0.4 0.00130 0.0307 7.6 3.3 8.3
15.0 0.4 0.00200 0.0270 7.5 3.7 8.4
15.0 0.4 0.00320 0.0251 7.8 3.9 8.7
15.0 0.65 0.00032 0.0573 8.8 5.0 10.1
15.0 0.65 0.00050 0.0421 7.4 5.4 9.2
15.0 0.65 0.00080 0.0417 6.9 4.1 8.1
15.0 0.65 0.00130 0.0420 7.4 3.6 8.2
15.0 0.65 0.00200 0.0351 8.4 3.7 9.1
15.0 0.65 0.00320 0.0329 8.4 4.6 9.6
15.0 0.9 0.00032 0.0337 24.5 38.9 46.0
15.0 0.9 0.00050 0.0339 13.6 19.8 24.0
15.0 0.9 0.00080 0.0300 12.4 10.4 16.2
15.0 0.9 0.00130 0.0398 11.2 8.3 14.0
15.0 0.9 0.00200 0.0374 11.1 6.9 13.1
15.0 0.9 0.00320 0.0301 13.6 7.1 15.3
20.0 0.01 0.00032 0.0287 10.3 26.9 28.8
20.0 0.01 0.00050 0.0380 8.6 23.7 25.2
20.0 0.04 0.00032 0.0330 9.0 5.0 10.3
20.0 0.04 0.00050 0.0295 6.9 7.0 9.9
20.0 0.04 0.00080 0.0298 5.7 9.3 10.9
20.0 0.04 0.00130 0.0300 6.5 14.4 15.7
20.0 0.04 0.00200 0.0347 8.1 23.9 25.2
20.0 0.1 0.00032 0.0318 11.2 5.7 12.5
20.0 0.1 0.00050 0.0263 7.8 3.8 8.7
20.0 0.1 0.00080 0.0272 7.4 4.3 8.6
20.0 0.1 0.00130 0.0253 7.5 6.9 10.2
20.0 0.1 0.00200 0.0272 7.1 9.8 12.1
20.0 0.2 0.00032 0.0294 11.0 4.5 11.9
20.0 0.2 0.00050 0.0320 7.6 3.5 8.3
20.0 0.2 0.00080 0.0312 6.7 3.2 7.4
20.0 0.2 0.00130 0.0294 6.9 4.6 8.3
20.0 0.2 0.00200 0.0274 7.6 5.1 9.1
20.0 0.2 0.00320 0.0249 7.8 8.6 11.6
20.0 0.4 0.00032 0.0378 12.0 5.2 13.1
20.0 0.4 0.00050 0.0409 8.4 4.7 9.6
20.0 0.4 0.00080 0.0368 9.9 3.4 10.5
20.0 0.4 0.00130 0.0286 8.3 3.3 8.9
20.0 0.4 0.00200 0.0235 21.2 3.6 21.5
20.0 0.4 0.00320 0.0260 8.2 4.4 9.3
20.0 0.65 0.00032 0.0574 13.1 6.6 14.7
20.0 0.65 0.00050 0.0551 7.8 3.6 8.6
20.0 0.65 0.00080 0.0449 7.5 4.1 8.6
20.0 0.65 0.00130 0.0420 7.7 3.5 8.4
20.0 0.65 0.00200 0.0397 9.0 2.9 9.4
20.0 0.65 0.00320 0.0361 8.7 4.6 9.8
20.0 0.65 0.00500 0.0277 11.0 5.4 12.2
20.0 0.9 0.00032 0.0309 26.7 40.3 48.3
20.0 0.9 0.00050 0.0375 18.0 21.0 27.6
20.0 0.9 0.00080 0.0310 14.6 11.6 18.6
20.0 0.9 0.00130 0.0363 12.7 7.0 14.5
20.0 0.9 0.00200 0.0364 12.5 9.1 15.5
20.0 0.9 0.00320 0.0172 65.1 6.5 65.5
20.0 0.9 0.00500 0.0263 17.8 7.2 19.2
25.0 0.04 0.00050 0.0371 7.3 6.6 9.8
25.0 0.04 0.00080 0.0340 6.0 9.6 11.3
25.0 0.04 0.00130 0.0320 6.9 14.1 15.7
25.0 0.04 0.00200 0.0341 9.2 24.7 26.4
25.0 0.1 0.00050 0.0266 10.4 3.3 10.9
25.0 0.1 0.00080 0.0308 7.9 5.7 9.7
25.0 0.1 0.00130 0.0250 7.9 5.9 9.9
25.0 0.1 0.00200 0.0238 8.0 11.6 14.1
25.0 0.1 0.00320 0.0234 8.5 15.2 17.4
25.0 0.2 0.00050 0.0379 8.6 3.0 9.1
25.0 0.2 0.00080 0.0296 9.6 2.7 10.0
25.0 0.2 0.00130 0.0278 7.5 4.4 8.7
25.0 0.2 0.00200 0.0261 7.1 5.4 8.9
25.0 0.2 0.00320 0.0252 7.3 8.8 11.5
25.0 0.2 0.00500 0.0259 7.7 12.5 14.6
25.0 0.4 0.00032 0.0727 35.7 8.6 36.7
25.0 0.4 0.00050 0.0600 12.4 4.1 13.1
25.0 0.4 0.00080 0.0463 8.4 3.9 9.3
25.0 0.4 0.00130 0.0360 8.7 3.4 9.3
25.0 0.4 0.00200 0.0275 8.7 3.5 9.3
25.0 0.4 0.00320 0.0288 8.3 4.9 9.7
25.0 0.4 0.00500 0.0248 8.8 6.2 10.7
25.0 0.65 0.00050 0.0531 9.7 4.9 10.9
25.0 0.65 0.00080 0.0497 8.4 5.0 9.8
25.0 0.65 0.00130 0.0450 8.6 2.6 9.0
25.0 0.65 0.00200 0.0384 8.8 3.7 9.5
25.0 0.65 0.00320 0.0333 9.3 4.3 10.2
25.0 0.65 0.00500 0.0330 9.4 4.7 10.5
25.0 0.9 0.00050 0.0349 28.5 22.0 36.0
25.0 0.9 0.00080 0.0332 16.7 12.0 20.6
25.0 0.9 0.00130 0.0360 14.7 10.8 18.2
25.0 0.9 0.00200 0.0259 14.6 8.9 17.1
25.0 0.9 0.00320 0.0232 14.8 7.5 16.6
25.0 0.9 0.00500 0.0257 15.9 7.9 17.8
35.0 0.04 0.00050 0.0326 14.9 7.2 16.5
35.0 0.04 0.00080 0.0377 7.5 8.7 11.5
35.0 0.04 0.00130 0.0411 7.3 14.2 16.0
35.0 0.04 0.00200 0.0361 9.5 23.6 25.5
35.0 0.1 0.00050 0.0373 18.1 6.8 19.3
35.0 0.1 0.00080 0.0301 9.1 4.2 10.1
35.0 0.1 0.00130 0.0314 8.7 6.9 11.1
35.0 0.1 0.00200 0.0272 9.0 9.8 13.3
35.0 0.1 0.00320 0.0335 8.9 15.3 17.7
35.0 0.2 0.00050 0.0452 16.5 5.0 17.2
35.0 0.2 0.00080 0.0372 8.6 3.1 9.1
35.0 0.2 0.00130 0.0270 9.0 3.5 9.7
35.0 0.2 0.00200 0.0322 7.9 5.1 9.4
35.0 0.2 0.00320 0.0271 8.0 11.6 14.1
35.0 0.2 0.00500 0.0283 8.3 12.5 15.0
35.0 0.4 0.00050 0.0487 16.9 4.6 17.5
35.0 0.4 0.00080 0.0473 10.3 3.5 10.9
35.0 0.4 0.00130 0.0357 10.4 4.4 11.3
35.0 0.4 0.00200 0.0293 10.8 3.5 11.3
35.0 0.4 0.00320 0.0240 10.1 4.8 11.2
35.0 0.4 0.00500 0.0274 9.5 6.0 11.2
35.0 0.4 0.00800 0.0330 10.5 9.7 14.3
35.0 0.65 0.00050 0.0694 16.5 9.0 18.8
35.0 0.65 0.00080 0.0441 10.9 4.6 11.8
35.0 0.65 0.00130 0.0448 9.6 4.4 10.6
35.0 0.65 0.00200 0.0427 9.8 3.0 10.3
35.0 0.65 0.00320 0.0282 10.6 4.2 11.4
35.0 0.65 0.00500 0.0343 9.9 4.8 11.0
35.0 0.65 0.00800 0.0450 10.6 6.8 12.5
35.0 0.9 0.00050 0.0197 43.2 22.8 48.9
35.0 0.9 0.00080 0.0333 22.1 20.5 30.1
35.0 0.9 0.00130 0.0284 18.7 10.6 21.5
35.0 0.9 0.00200 0.0221 18.6 8.3 20.3
35.0 0.9 0.00320 0.0334 15.7 7.6 17.4
35.0 0.9 0.00500 0.0195 18.0 8.6 19.9
35.0 0.9 0.00800 0.0206 20.5 9.7 22.7
45.0 0.04 0.00080 0.0449 12.2 8.7 15.0
45.0 0.04 0.00130 0.0408 9.2 13.9 16.7
45.0 0.04 0.00200 0.0462 15.1 22.4 27.0
45.0 0.1 0.00080 0.0335 16.0 5.1 16.8
45.0 0.1 0.00130 0.0398 9.7 7.2 12.1
45.0 0.1 0.00200 0.0305 10.3 10.4 14.6
45.0 0.1 0.00320 0.0267 11.2 14.2 18.1
45.0 0.1 0.00500 0.0283 13.7 25.4 28.9
45.0 0.2 0.00080 0.0265 33.3 4.7 33.6
45.0 0.2 0.00130 0.0338 10.1 6.4 12.0
45.0 0.2 0.00200 0.0288 9.9 4.9 11.1
45.0 0.2 0.00320 0.0181 16.6 11.8 20.4
45.0 0.2 0.00500 0.0239 10.2 13.3 16.8
45.0 0.2 0.00800 0.0212 11.5 21.0 23.9
45.0 0.4 0.00080 0.0382 19.0 6.1 19.9
45.0 0.4 0.00130 0.0317 13.3 3.0 13.7
45.0 0.4 0.00200 0.0291 12.3 3.3 12.8
45.0 0.4 0.00320 0.0341 11.2 4.8 12.2
45.0 0.4 0.00500 0.0383 11.1 6.4 12.8
45.0 0.4 0.00800 0.0241 11.6 11.1 16.0
45.0 0.65 0.00080 0.0508 16.4 7.6 18.1
45.0 0.65 0.00130 0.0426 14.3 7.6 16.2
45.0 0.65 0.00200 0.0387 12.4 6.5 14.0
45.0 0.65 0.00320 0.0265 13.3 6.0 14.6
45.0 0.65 0.00500 0.0367 12.7 5.4 13.9
45.0 0.65 0.00800 0.0241 12.7 7.0 14.5
45.0 0.9 0.00130 0.0330 31.7 19.0 36.9
45.0 0.9 0.00200 0.0264 23.5 10.8 25.9
45.0 0.9 0.00320 0.0213 24.3 10.2 26.4
45.0 0.9 0.00500 0.0296 22.4 7.7 23.7
45.0 0.9 0.00800 0.0174 24.9 7.2 25.9
60.0 0.04 0.00130 0.0373 15.5 14.9 21.5
60.0 0.04 0.00200 0.0406 13.4 23.3 26.8
60.0 0.1 0.00130 0.0380 16.0 9.7 18.7
60.0 0.1 0.00200 0.0372 11.2 10.2 15.2
60.0 0.1 0.00320 0.0249 12.4 14.5 19.1
60.0 0.1 0.00500 0.0244 16.7 30.3 34.6
60.0 0.2 0.00130 0.0458 15.5 5.4 16.4
60.0 0.2 0.00200 0.0325 10.4 6.0 12.0
60.0 0.2 0.00320 0.0272 10.2 7.6 12.7
60.0 0.2 0.00500 0.0284 9.8 14.3 17.3
60.0 0.2 0.00800 0.0203 19.5 21.9 29.3
60.0 0.4 0.00130 0.0340 20.8 7.0 21.9
60.0 0.4 0.00200 0.0328 14.1 3.8 14.6
60.0 0.4 0.00320 0.0344 12.3 5.0 13.3
60.0 0.4 0.00500 0.0315 16.8 7.1 18.3
60.0 0.4 0.00800 0.0255 18.3 13.8 22.9
60.0 0.4 0.01300 0.0281 12.7 22.3 25.7
60.0 0.65 0.00130 0.0479 24.3 7.7 25.5
60.0 0.65 0.00200 0.0410 13.4 6.4 14.9
60.0 0.65 0.00320 0.0310 13.5 7.3 15.3
60.0 0.65 0.00500 0.0315 13.7 8.0 15.9
60.0 0.65 0.00800 0.0269 14.4 7.3 16.2
60.0 0.65 0.01300 0.0260 15.3 10.2 18.4
60.0 0.9 0.00130 0.0307 45.2 13.7 47.2
60.0 0.9 0.00200 0.0341 25.8 12.4 28.6
60.0 0.9 0.00320 0.0238 27.4 10.1 29.2
60.0 0.9 0.00500 0.0269 22.5 11.9 25.5
60.0 0.9 0.00800 0.0301 21.7 10.8 24.2
60.0 0.9 0.01300 0.0286 25.3 12.3 28.1
90.0 0.1 0.00200 0.0238 47.0 22.1 51.9
90.0 0.1 0.00320 0.0361 18.5 14.4 23.4
90.0 0.2 0.00200 0.0258 43.0 7.1 43.6
90.0 0.2 0.00320 0.0277 17.4 7.2 18.8
90.0 0.2 0.00500 0.0336 12.0 12.3 17.2
90.0 0.2 0.00800 0.0299 14.2 18.7 23.5
90.0 0.4 0.00200 0.0199 60.5 15.8 62.5
90.0 0.4 0.00320 0.0302 21.6 4.5 22.1
90.0 0.4 0.00500 0.0332 18.2 11.5 21.5
90.0 0.4 0.00800 0.0273 15.1 10.8 18.5
90.0 0.4 0.01300 0.0339 15.2 16.2 22.2
90.0 0.65 0.00200 0.0249 53.6 10.1 54.5
90.0 0.65 0.00320 0.0365 24.5 9.5 26.3
90.0 0.65 0.00500 0.0315 18.6 7.5 20.1
90.0 0.65 0.00800 0.0281 17.2 7.1 18.6
90.0 0.65 0.01300 0.0236 17.7 11.8 21.3
90.0 0.65 0.02000 0.0287 31.9 19.0 37.1
90.0 0.9 0.00320 0.0317 40.1 10.5 41.4
90.0 0.9 0.00500 0.0147 41.0 11.0 42.4
90.0 0.9 0.00800 0.0174 36.5 12.1 38.5
90.0 0.9 0.01300 0.0245 32.2 16.0 36.0
90.0 0.9 0.02000 0.0185 31.7 14.0 34.7
200.0 0.1 0.00320 0.0358 7.5 14.1 16.0
200.0 0.2 0.00320 0.0346 6.6 8.4 10.7
200.0 0.2 0.00500 0.0331 5.6 11.3 12.6
200.0 0.2 0.00800 0.0269 7.5 17.1 18.6
200.0 0.4 0.00320 0.0339 8.9 6.9 11.2
200.0 0.4 0.00500 0.0318 7.0 7.6 10.3
200.0 0.4 0.00800 0.0324 7.2 8.1 10.8
200.0 0.4 0.01300 0.0379 7.4 13.1 15.1
200.0 0.4 0.02000 0.0376 10.0 22.0 24.1
200.0 0.65 0.00320 0.0289 11.3 6.5 13.0
200.0 0.65 0.00500 0.0318 8.6 7.0 11.1
200.0 0.65 0.00800 0.0254 9.0 7.1 11.4
200.0 0.65 0.01300 0.0235 9.4 8.6 12.8
200.0 0.65 0.02000 0.0314 9.2 14.2 16.9
200.0 0.65 0.03200 0.0292 11.6 23.5 26.2
200.0 0.9 0.00320 0.0211 19.7 11.7 22.9
200.0 0.9 0.00500 0.0107 19.9 10.6 22.5
200.0 0.9 0.00800 0.0162 17.5 6.4 18.6
200.0 0.9 0.01300 0.0062 24.0 9.6 25.9
200.0 0.9 0.02000 0.0048 29.9 15.3 33.6
200.0 0.9 0.03200 0.0050 29.1 22.6 36.8
400.0 0.2 0.00800 0.0285 11.3 18.3 21.5
400.0 0.4 0.00800 0.0370 10.3 9.8 14.2
400.0 0.4 0.01300 0.0291 10.2 13.4 16.8
400.0 0.4 0.02000 0.0327 11.9 23.1 26.0
400.0 0.65 0.00800 0.0250 14.7 8.0 16.7
400.0 0.65 0.01300 0.0279 10.5 8.5 13.5
400.0 0.65 0.02000 0.0336 9.7 13.4 16.6
400.0 0.65 0.03200 0.0262 12.3 25.4 28.2
400.0 0.9 0.00800 0.0105 32.8 10.8 34.5
400.0 0.9 0.01300 0.0113 26.9 9.6 28.5
400.0 0.9 0.02000 0.0052 30.0 14.0 33.1
400.0 0.9 0.03200 0.0055 30.3 21.6 37.2
800.0 0.4 0.01300 0.0392 18.9 16.5 25.0
800.0 0.4 0.02000 0.0283 20.5 24.9 32.3
800.0 0.65 0.01300 0.0326 20.6 9.6 22.7
800.0 0.65 0.02000 0.0251 18.6 14.7 23.7
800.0 0.65 0.03200 0.0295 18.0 23.7 29.8
800.0 0.9 0.01300 0.0097 72.1 25.2 76.4
800.0 0.9 0.02000 0.0058 49.2 16.1 51.7
800.0 0.9 0.03200 0.0067 47.5 21.3 52.1
1600.0 0.4 0.02000 0.0295 38.2 26.4 46.5
1600.0 0.65 0.02000 0.0244 34.9 14.1 37.7
1600.0 0.65 0.03200 0.0112 44.3 29.2 53.1
1600.0 0.9 0.02000 0.0056 122.5 23.3 124.7
1600.0 0.9 0.03200 0.0016 139.7 39.4 145.1
