1.5 0.279E-4 0.088 0.113 0.186 0.053 0.224
2.0 0.427E-4 0.127 0.039 0.074 0.044 0.095
2.5 0.588E-4 0.156 0.025 0.050 0.053 0.077
3.5 0.877E-4 0.227 0.021 0.049 0.040 0.067
5.0 0.129E-3 0.314 0.022 0.055 0.045 0.074
6.5 0.169E-3 0.264 0.023 0.058 0.050 0.080
8.5 0.224E-3 0.216 0.025 0.062 0.051 0.084
12 0.319E-3 0.324 0.026 0.051 0.044 0.072
15 0.402E-3 0.266 0.027 0.051 0.042 0.071
20 0.540E-3 0.327 0.029 0.053 0.040 0.072
25 0.687E-3 0.282 0.029 0.061 0.037 0.077
35 0.958E-3 0.213 0.035 0.059 0.040 0.080
45 0.121E-2 0.303 0.043 0.060 0.044 0.086
60 0.157E-2 0.315 0.051 0.060 0.044 0.090
90 0.243E-2 0.125 0.061 0.062 0.039 0.095
120 0.303E-2 0.198 0.054 0.077 0.029 0.098
150 0.402E-2 0.264 0.044 0.068 0.035 0.088
200 0.541E-2 0.150 0.056 0.073 0.034 0.099
250 0.736E-2 0.196 0.061 0.075 0.033 0.102
346 0.986E-2 0.039 0.059 0.057 0.029 0.087
636 0.184E-1 0.152 0.066 0.045 0.020 0.082
