3.10500e-07	8.29536e-02	4.50000e-02
7.45200e-07	7.90387e-02	4.50000e-02
1.17990e-06	7.70259e-02	4.50000e-02
1.61460e-06	7.56673e-02	4.50000e-02
2.04930e-06	7.46424e-02	4.50000e-02
3.31000e-05	3.02657e-01	3.50000e-01
7.94400e-05	2.75509e-01	3.50000e-01
1.25780e-04	2.61706e-01	3.50000e-01
1.72120e-04	2.52464e-01	3.50000e-01
2.18460e-04	2.45539e-01	3.50000e-01
4.48500e-07	1.11767e-01	6.50000e-02
1.07640e-06	1.06089e-01	6.50000e-02
1.70430e-06	1.03169e-01	6.50000e-02
2.33220e-06	1.01197e-01	6.50000e-02
2.96010e-06	9.97106e-02	6.50000e-02
6.50000e-05	2.81633e-01	3.50000e-01
1.56000e-04	2.55345e-01	3.50000e-01
2.47000e-04	2.42006e-01	3.50000e-01
3.38000e-04	2.33088e-01	3.50000e-01
4.29000e-04	2.26412e-01	3.50000e-01
5.10000e-07	1.10924e-01	6.50000e-02
1.22400e-06	1.05268e-01	6.50000e-02
1.93800e-06	1.02359e-01	6.50000e-02
2.65200e-06	1.00395e-01	6.50000e-02
3.36600e-06	9.89131e-02	6.50000e-02
1.10000e-04	2.65700e-01	3.50000e-01
2.64000e-04	2.40101e-01	3.50000e-01
4.18000e-04	2.27135e-01	3.50000e-01
5.72000e-04	2.18478e-01	3.50000e-01
7.26000e-04	2.12005e-01	3.50000e-01
5.85000e-07	1.38266e-01	8.50000e-02
1.40400e-06	1.30818e-01	8.50000e-02
2.22300e-06	1.26988e-01	8.50000e-02
3.04200e-06	1.24403e-01	8.50000e-02
3.86100e-06	1.22454e-01	8.50000e-02
2.50000e-04	2.41660e-01	3.50000e-01
6.00000e-04	2.17173e-01	3.50000e-01
9.50000e-04	2.04816e-01	3.50000e-01
1.30000e-03	1.96586e-01	3.50000e-01
1.65000e-03	1.90442e-01	3.50000e-01
6.70000e-07	1.37098e-01	8.50000e-02
1.60800e-06	1.29682e-01	8.50000e-02
2.54600e-06	1.25867e-01	8.50000e-02
3.48400e-06	1.23292e-01	8.50000e-02
4.42200e-06	1.21350e-01	8.50000e-02
1.25500e-03	1.97502e-01	3.50000e-01
3.01200e-03	1.75380e-01	3.50000e-01
4.76900e-03	1.64322e-01	3.50000e-01
6.52600e-03	1.57000e-01	3.50000e-01
8.28300e-03	1.51559e-01	3.50000e-01
7.80000e-07	1.35795e-01	8.50000e-02
1.87200e-06	1.28414e-01	8.50000e-02
2.96400e-06	1.24616e-01	8.50000e-02
4.05600e-06	1.22052e-01	8.50000e-02
5.14800e-06	1.20118e-01	8.50000e-02
4.41500e-06	4.07917e-01	4.00000e-01
1.05960e-05	3.74068e-01	4.00000e-01
1.67770e-05	3.56829e-01	4.00000e-01
2.29580e-05	3.45273e-01	4.00000e-01
2.91390e-05	3.36602e-01	4.00000e-01
7.55000e-07	1.68940e-01	1.10000e-01
1.81200e-06	1.59278e-01	1.10000e-01
2.86900e-06	1.54311e-01	1.10000e-01
3.92600e-06	1.50960e-01	1.10000e-01
4.98300e-06	1.48433e-01	1.10000e-01
5.50000e-06	3.99296e-01	4.00000e-01
1.32000e-05	3.65779e-01	4.00000e-01
2.09000e-05	3.48715e-01	4.00000e-01
2.86000e-05	3.37278e-01	4.00000e-01
3.63000e-05	3.28699e-01	4.00000e-01
8.65000e-07	1.67421e-01	1.10000e-01
2.07600e-06	1.57801e-01	1.10000e-01
3.28700e-06	1.52854e-01	1.10000e-01
4.49800e-06	1.49516e-01	1.10000e-01
5.70900e-06	1.46999e-01	1.10000e-01
6.65000e-06	3.91915e-01	4.00000e-01
1.59600e-05	3.58685e-01	4.00000e-01
2.52700e-05	3.41771e-01	4.00000e-01
3.45800e-05	3.30437e-01	4.00000e-01
4.38900e-05	3.21937e-01	4.00000e-01
1.01000e-06	1.65698e-01	1.10000e-01
2.42400e-06	1.56125e-01	1.10000e-01
3.83800e-06	1.51201e-01	1.10000e-01
5.25200e-06	1.47878e-01	1.10000e-01
6.66600e-06	1.45371e-01	1.10000e-01
8.50000e-06	3.82465e-01	4.00000e-01
2.04000e-05	3.49605e-01	4.00000e-01
3.23000e-05	3.32887e-01	4.00000e-01
4.42000e-05	3.21688e-01	4.00000e-01
5.61000e-05	3.13291e-01	4.00000e-01
1.21500e-06	1.63655e-01	1.10000e-01
2.91600e-06	1.54137e-01	1.10000e-01
4.61700e-06	1.49240e-01	1.10000e-01
6.31800e-06	1.45934e-01	1.10000e-01
8.01900e-06	1.43440e-01	1.10000e-01
1.10000e-05	3.72650e-01	4.00000e-01
2.64000e-05	3.40180e-01	4.00000e-01
4.18000e-05	3.23669e-01	4.00000e-01
5.72000e-05	3.12611e-01	4.00000e-01
7.26000e-05	3.04323e-01	4.00000e-01
1.03500e-06	2.13607e-01	1.50000e-01
2.48400e-06	2.00412e-01	1.50000e-01
3.93300e-06	1.93635e-01	1.50000e-01
5.38200e-06	1.89065e-01	1.50000e-01
6.83100e-06	1.85621e-01	1.50000e-01
1.84000e-05	3.53409e-01	4.00000e-01
4.41600e-05	3.21720e-01	4.00000e-01
6.99200e-05	3.05624e-01	4.00000e-01
9.56800e-05	2.94854e-01	4.00000e-01
1.21440e-04	2.86786e-01	4.00000e-01
1.18000e-06	2.11606e-01	1.50000e-01
2.83200e-06	1.98468e-01	1.50000e-01
4.48400e-06	1.91720e-01	1.50000e-01
6.13600e-06	1.87168e-01	1.50000e-01
7.78800e-06	1.83737e-01	1.50000e-01
4.41500e-05	3.21728e-01	4.00000e-01
1.05960e-04	2.91387e-01	4.00000e-01
1.67770e-04	2.76015e-01	4.00000e-01
2.29580e-04	2.65747e-01	4.00000e-01
2.91390e-04	2.58066e-01	4.00000e-01
1.38000e-06	2.09228e-01	1.50000e-01
3.31200e-06	1.96158e-01	1.50000e-01
5.24400e-06	1.89442e-01	1.50000e-01
7.17600e-06	1.84912e-01	1.50000e-01
9.10800e-06	1.81498e-01	1.50000e-01
8.80000e-05	2.97709e-01	4.00000e-01
2.11200e-04	2.68461e-01	4.00000e-01
3.34400e-04	2.53680e-01	4.00000e-01
4.57600e-04	2.43823e-01	4.00000e-01
5.80800e-04	2.36460e-01	4.00000e-01
1.65500e-06	2.06484e-01	1.50000e-01
3.97200e-06	1.93491e-01	1.50000e-01
6.28900e-06	1.86813e-01	1.50000e-01
8.60600e-06	1.82307e-01	1.50000e-01
1.09230e-05	1.78911e-01	1.50000e-01
1.47000e-04	2.80397e-01	4.00000e-01
3.52800e-04	2.51983e-01	4.00000e-01
5.58600e-04	2.37656e-01	4.00000e-01
7.64400e-04	2.28117e-01	4.00000e-01
9.70200e-04	2.20999e-01	4.00000e-01
2.07000e-06	2.03129e-01	1.50000e-01
4.96800e-06	1.90227e-01	1.50000e-01
7.86600e-06	1.83594e-01	1.50000e-01
1.07640e-05	1.79119e-01	1.50000e-01
1.36620e-05	1.75745e-01	1.50000e-01
3.15500e-04	2.55529e-01	4.00000e-01
7.57200e-04	2.28402e-01	4.00000e-01
1.19890e-03	2.14777e-01	4.00000e-01
1.64060e-03	2.05728e-01	4.00000e-01
2.08230e-03	1.98989e-01	4.00000e-01
2.51000e-06	2.00257e-01	1.50000e-01
6.02400e-06	1.87434e-01	1.50000e-01
9.53800e-06	1.80840e-01	1.50000e-01
1.30520e-05	1.76390e-01	1.50000e-01
1.65660e-05	1.73034e-01	1.50000e-01
3.66000e-06	4.89838e-01	5.00000e-01
8.78400e-06	4.47327e-01	5.00000e-01
1.39080e-05	4.25741e-01	5.00000e-01
1.90320e-05	4.11297e-01	5.00000e-01
2.41560e-05	4.00477e-01	5.00000e-01
1.57500e-06	2.61253e-01	2.00000e-01
3.78000e-06	2.43752e-01	2.00000e-01
5.98500e-06	2.34774e-01	2.00000e-01
8.19000e-06	2.28725e-01	2.00000e-01
1.03950e-05	2.24169e-01	2.00000e-01
4.30000e-06	4.81877e-01	5.00000e-01
1.03200e-05	4.39700e-01	5.00000e-01
1.63400e-05	4.18291e-01	5.00000e-01
2.23600e-05	4.03968e-01	5.00000e-01
2.83800e-05	3.93241e-01	5.00000e-01
1.84000e-06	2.58105e-01	2.00000e-01
4.41600e-06	2.40698e-01	2.00000e-01
6.99200e-06	2.31767e-01	2.00000e-01
9.56800e-06	2.25749e-01	2.00000e-01
1.21440e-05	2.21217e-01	2.00000e-01
7.90000e-06	4.52381e-01	5.00000e-01
1.89600e-05	4.11471e-01	5.00000e-01
3.00200e-05	3.90733e-01	5.00000e-01
4.10800e-05	3.76873e-01	5.00000e-01
5.21400e-05	3.66499e-01	5.00000e-01
2.20500e-06	2.54463e-01	2.00000e-01
5.29200e-06	2.37164e-01	2.00000e-01
8.37900e-06	2.28287e-01	2.00000e-01
1.14660e-05	2.22306e-01	2.00000e-01
1.45530e-05	2.17801e-01	2.00000e-01
1.06000e-05	4.38439e-01	5.00000e-01
2.54400e-05	3.98145e-01	5.00000e-01
4.02800e-05	3.77735e-01	5.00000e-01
5.51200e-05	3.64100e-01	5.00000e-01
6.99600e-05	3.53900e-01	5.00000e-01
2.76000e-06	2.49977e-01	2.00000e-01
6.62400e-06	2.32810e-01	2.00000e-01
1.04880e-05	2.24000e-01	2.00000e-01
1.43520e-05	2.18063e-01	2.00000e-01
1.82160e-05	2.13590e-01	2.00000e-01
1.38000e-05	4.26103e-01	5.00000e-01
3.31200e-05	3.86365e-01	5.00000e-01
5.24400e-05	3.66251e-01	5.00000e-01
7.17600e-05	3.52821e-01	5.00000e-01
9.10800e-05	3.42778e-01	5.00000e-01
3.34500e-06	2.46164e-01	2.00000e-01
8.02800e-06	2.29108e-01	2.00000e-01
1.27110e-05	2.20354e-01	2.00000e-01
1.73940e-05	2.14454e-01	2.00000e-01
2.20770e-05	2.10010e-01	2.00000e-01
1.99000e-05	4.09263e-01	5.00000e-01
4.77600e-05	3.70301e-01	5.00000e-01
7.56200e-05	3.50602e-01	5.00000e-01
1.03480e-04	3.37459e-01	5.00000e-01
1.31340e-04	3.27636e-01	5.00000e-01
4.24500e-06	2.41472e-01	2.00000e-01
1.01880e-05	2.24552e-01	2.00000e-01
1.61310e-05	2.15866e-01	2.00000e-01
2.20740e-05	2.10012e-01	2.00000e-01
2.80170e-05	2.05603e-01	2.00000e-01
5.00000e-05	3.68312e-01	5.00000e-01
1.20000e-04	3.31339e-01	5.00000e-01
1.90000e-04	3.12710e-01	5.00000e-01
2.60000e-04	3.00309e-01	5.00000e-01
3.30000e-04	2.91056e-01	5.00000e-01
5.50000e-06	2.36414e-01	2.00000e-01
1.32000e-05	2.19640e-01	2.00000e-01
2.09000e-05	2.11028e-01	2.00000e-01
2.86000e-05	2.05224e-01	2.00000e-01
3.63000e-05	2.00852e-01	2.00000e-01
1.25500e-04	3.29499e-01	5.00000e-01
3.01200e-04	2.94583e-01	5.00000e-01
4.76900e-04	2.77064e-01	5.00000e-01
6.52600e-04	2.65435e-01	5.00000e-01
8.28300e-04	2.56777e-01	5.00000e-01
1.99000e-05	2.11941e-01	2.00000e-01
4.77600e-05	1.95862e-01	2.00000e-01
7.56200e-05	1.87607e-01	2.00000e-01
1.03480e-04	1.82045e-01	2.00000e-01
1.31340e-04	1.77857e-01	2.00000e-01
1.84000e-04	3.13993e-01	5.00000e-01
4.41600e-04	2.79956e-01	5.00000e-01
6.99200e-04	2.62914e-01	5.00000e-01
9.56800e-04	2.51616e-01	5.00000e-01
1.21440e-03	2.43213e-01	5.00000e-01
1.25500e-04	1.78654e-01	2.00000e-01
3.01200e-04	1.63551e-01	2.00000e-01
4.76900e-04	1.55818e-01	2.00000e-01
6.52600e-04	1.50620e-01	2.00000e-01
8.28300e-04	1.46713e-01	2.00000e-01
4.00000e-04	2.83701e-01	5.00000e-01
9.60000e-04	2.51498e-01	5.00000e-01
1.52000e-03	2.35448e-01	5.00000e-01
2.08000e-03	2.24839e-01	5.00000e-01
2.64000e-03	2.16966e-01	5.00000e-01
1.97000e-06	3.06203e-01	2.50000e-01
4.72800e-06	2.84389e-01	2.50000e-01
7.48600e-06	2.73217e-01	2.50000e-01
1.02440e-05	2.65698e-01	2.50000e-01
1.30020e-05	2.60041e-01	2.50000e-01
1.60000e-03	2.33694e-01	5.00000e-01
3.84000e-03	2.04927e-01	5.00000e-01
6.08000e-03	1.90728e-01	5.00000e-01
8.32000e-03	1.81399e-01	5.00000e-01
1.05600e-02	1.74506e-01	5.00000e-01
2.30000e-06	3.02292e-01	2.50000e-01
5.52000e-06	2.80603e-01	2.50000e-01
8.74000e-06	2.69494e-01	2.50000e-01
1.19600e-05	2.62018e-01	2.50000e-01
1.51800e-05	2.56392e-01	2.50000e-01
4.76000e-06	5.75632e-01	6.50000e-01
1.14240e-05	5.21612e-01	6.50000e-01
1.80880e-05	4.94321e-01	6.50000e-01
2.47520e-05	4.76119e-01	6.50000e-01
3.14160e-05	4.62517e-01	6.50000e-01
2.76000e-06	2.97717e-01	2.50000e-01
6.62400e-06	2.76173e-01	2.50000e-01
1.04880e-05	2.65138e-01	2.50000e-01
1.43520e-05	2.57711e-01	2.50000e-01
1.82160e-05	2.52123e-01	2.50000e-01
5.60000e-06	5.65404e-01	6.50000e-01
1.34400e-05	5.11875e-01	6.50000e-01
2.12800e-05	4.84846e-01	6.50000e-01
2.91200e-05	4.66825e-01	6.50000e-01
3.69600e-05	4.53361e-01	6.50000e-01
3.45000e-06	2.92160e-01	2.50000e-01
8.28000e-06	2.70791e-01	2.50000e-01
1.31100e-05	2.59845e-01	2.50000e-01
1.79400e-05	2.52479e-01	2.50000e-01
2.27700e-05	2.46936e-01	2.50000e-01
7.90000e-06	5.44049e-01	6.50000e-01
1.89600e-05	4.91566e-01	6.50000e-01
3.00200e-05	4.65094e-01	6.50000e-01
4.10800e-05	4.47457e-01	6.50000e-01
5.21400e-05	4.34288e-01	6.50000e-01
4.18000e-06	2.87416e-01	2.50000e-01
1.00320e-05	2.66197e-01	2.50000e-01
1.58840e-05	2.55328e-01	2.50000e-01
2.17360e-05	2.48013e-01	2.50000e-01
2.75880e-05	2.42509e-01	2.50000e-01
8.20000e-06	5.41761e-01	6.50000e-01
1.96800e-05	4.89391e-01	6.50000e-01
3.11600e-05	4.62980e-01	6.50000e-01
4.26400e-05	4.45385e-01	6.50000e-01
5.41200e-05	4.32248e-01	6.50000e-01
5.30000e-06	2.81595e-01	2.50000e-01
1.27200e-05	2.60559e-01	2.50000e-01
2.01400e-05	2.49784e-01	2.50000e-01
2.75600e-05	2.42532e-01	2.50000e-01
3.49800e-05	2.37077e-01	2.50000e-01
1.99000e-05	4.88744e-01	6.50000e-01
4.77600e-05	4.39111e-01	6.50000e-01
7.56200e-05	4.14163e-01	6.50000e-01
1.03480e-04	3.97578e-01	6.50000e-01
1.31340e-04	3.85215e-01	6.50000e-01
6.90000e-06	2.75185e-01	2.50000e-01
1.65600e-05	2.54351e-01	2.50000e-01
2.62200e-05	2.43679e-01	2.50000e-01
3.58800e-05	2.36498e-01	2.50000e-01
4.55400e-05	2.31096e-01	2.50000e-01
2.99000e-05	4.65322e-01	6.50000e-01
7.17600e-05	4.16968e-01	6.50000e-01
1.13620e-04	3.92705e-01	6.50000e-01
1.55480e-04	3.76594e-01	6.50000e-01
1.97340e-04	3.64595e-01	6.50000e-01
1.15000e-05	2.62948e-01	2.50000e-01
2.76000e-05	2.42499e-01	2.50000e-01
4.37000e-05	2.32027e-01	2.50000e-01
5.98000e-05	2.24983e-01	2.50000e-01
7.59000e-05	2.19685e-01	2.50000e-01
5.00000e-05	4.36588e-01	6.50000e-01
1.20000e-04	3.89873e-01	6.50000e-01
1.90000e-04	3.66488e-01	6.50000e-01
2.60000e-04	3.50985e-01	6.50000e-01
3.30000e-04	3.39452e-01	6.50000e-01
1.99000e-05	2.50062e-01	2.50000e-01
4.77600e-05	2.30023e-01	2.50000e-01
7.56200e-05	2.19766e-01	2.50000e-01
1.03480e-04	2.12869e-01	2.50000e-01
1.31340e-04	2.07684e-01	2.50000e-01
1.25500e-04	3.87557e-01	6.50000e-01
3.01200e-04	3.43843e-01	6.50000e-01
4.76900e-04	3.22070e-01	6.50000e-01
6.52600e-04	3.07681e-01	6.50000e-01
8.28300e-04	2.97002e-01	6.50000e-01
5.50000e-05	2.26854e-01	2.50000e-01
1.32000e-04	2.07576e-01	2.50000e-01
2.09000e-04	1.97724e-01	2.50000e-01
2.86000e-04	1.91109e-01	2.50000e-01
3.63000e-04	1.86141e-01	2.50000e-01
2.39000e-04	3.55111e-01	6.50000e-01
5.73600e-04	3.13554e-01	6.50000e-01
9.08200e-04	2.92937e-01	6.50000e-01
1.24280e-03	2.79345e-01	6.50000e-01
1.57740e-03	2.69277e-01	6.50000e-01
1.25500e-04	2.08670e-01	2.50000e-01
3.01200e-04	1.90025e-01	2.50000e-01
4.76900e-04	1.80519e-01	2.50000e-01
6.52600e-04	1.74145e-01	2.50000e-01
8.28300e-04	1.69364e-01	2.50000e-01
4.00000e-04	3.30305e-01	6.50000e-01
9.60000e-04	2.90505e-01	6.50000e-01
1.52000e-03	2.70828e-01	6.50000e-01
2.08000e-03	2.57883e-01	6.50000e-01
2.64000e-03	2.48309e-01	6.50000e-01
1.97000e-04	1.98981e-01	2.50000e-01
4.72800e-04	1.80695e-01	2.50000e-01
7.48600e-04	1.71386e-01	2.50000e-01
1.02440e-03	1.65150e-01	2.50000e-01
1.30020e-03	1.60477e-01	2.50000e-01
1.60000e-03	2.68684e-01	6.50000e-01
3.84000e-03	2.33728e-01	6.50000e-01
6.08000e-03	2.16624e-01	6.50000e-01
8.32000e-03	2.05443e-01	6.50000e-01
1.05600e-02	1.97211e-01	6.50000e-01
7.90000e-04	1.70309e-01	2.50000e-01
1.89600e-03	1.53204e-01	2.50000e-01
3.00200e-03	1.44550e-01	2.50000e-01
4.10800e-03	1.38778e-01	2.50000e-01
5.21400e-03	1.34466e-01	2.50000e-01
6.20000e-06	6.73030e-01	8.50000e-01
1.48800e-05	6.04645e-01	8.50000e-01
2.35600e-05	5.70314e-01	8.50000e-01
3.22400e-05	5.47507e-01	8.50000e-01
4.09200e-05	5.30515e-01	8.50000e-01
2.56000e-06	3.88290e-01	3.50000e-01
6.14400e-06	3.57949e-01	3.50000e-01
9.72800e-06	3.42462e-01	3.50000e-01
1.33120e-05	3.32064e-01	3.50000e-01
1.68960e-05	3.24253e-01	3.50000e-01
6.90000e-06	6.64467e-01	8.50000e-01
1.65600e-05	5.96557e-01	8.50000e-01
2.62200e-05	5.62478e-01	8.50000e-01
3.58800e-05	5.39846e-01	8.50000e-01
4.55400e-05	5.22988e-01	8.50000e-01
2.56000e-06	3.88290e-01	3.50000e-01
6.14400e-06	3.57949e-01	3.50000e-01
9.72800e-06	3.42462e-01	3.50000e-01
1.33120e-05	3.32064e-01	3.50000e-01
1.68960e-05	3.24253e-01	3.50000e-01
1.00000e-05	6.35209e-01	8.50000e-01
2.40000e-05	5.68954e-01	8.50000e-01
3.80000e-05	5.35760e-01	8.50000e-01
5.20000e-05	5.13738e-01	8.50000e-01
6.60000e-05	4.97346e-01	8.50000e-01
3.05000e-06	3.82132e-01	3.50000e-01
7.32000e-06	3.52011e-01	3.50000e-01
1.15900e-05	3.36639e-01	3.50000e-01
1.58600e-05	3.26318e-01	3.50000e-01
2.01300e-05	3.18567e-01	3.50000e-01
1.00000e-05	6.35209e-01	8.50000e-01
2.40000e-05	5.68954e-01	8.50000e-01
3.80000e-05	5.35760e-01	8.50000e-01
5.20000e-05	5.13738e-01	8.50000e-01
6.60000e-05	4.97346e-01	8.50000e-01
3.31000e-06	3.79271e-01	3.50000e-01
7.94400e-06	3.49253e-01	3.50000e-01
1.25780e-05	3.33934e-01	3.50000e-01
1.72120e-05	3.23649e-01	3.50000e-01
2.18460e-05	3.15926e-01	3.50000e-01
1.99000e-05	5.82801e-01	8.50000e-01
4.77600e-05	5.19658e-01	8.50000e-01
7.56200e-05	4.88126e-01	8.50000e-01
1.03480e-04	4.67249e-01	8.50000e-01
1.31340e-04	4.51734e-01	8.50000e-01
4.14000e-06	3.71494e-01	3.50000e-01
9.93600e-06	3.41756e-01	3.50000e-01
1.57320e-05	3.26583e-01	3.50000e-01
2.15280e-05	3.16398e-01	3.50000e-01
2.73240e-05	3.08750e-01	3.50000e-01
2.50000e-05	5.65961e-01	8.50000e-01
6.00000e-05	5.03863e-01	8.50000e-01
9.50000e-05	4.72888e-01	8.50000e-01
1.30000e-04	4.52395e-01	8.50000e-01
1.65000e-04	4.37173e-01	8.50000e-01
5.00000e-06	3.64990e-01	3.50000e-01
1.20000e-05	3.35488e-01	3.50000e-01
1.90000e-05	3.20438e-01	3.50000e-01
2.60000e-05	3.10337e-01	3.50000e-01
3.30000e-05	3.02753e-01	3.50000e-01
5.00000e-05	5.16463e-01	8.50000e-01
1.20000e-04	4.57574e-01	8.50000e-01
1.90000e-04	4.28311e-01	8.50000e-01
2.60000e-04	4.08996e-01	8.50000e-01
3.30000e-04	3.94675e-01	8.50000e-01
6.35000e-06	3.56827e-01	3.50000e-01
1.52400e-05	3.27623e-01	3.50000e-01
2.41300e-05	3.12728e-01	3.50000e-01
3.30200e-05	3.02734e-01	3.50000e-01
4.19100e-05	2.95231e-01	3.50000e-01
1.25500e-04	4.54670e-01	8.50000e-01
3.01200e-04	4.00124e-01	8.50000e-01
4.76900e-04	3.73171e-01	8.50000e-01
6.52600e-04	3.55444e-01	8.50000e-01
8.28300e-04	3.42334e-01	8.50000e-01
8.25000e-06	3.47981e-01	3.50000e-01
1.98000e-05	3.19102e-01	3.50000e-01
3.13500e-05	3.04378e-01	3.50000e-01
4.29000e-05	2.94500e-01	3.50000e-01
5.44500e-05	2.87087e-01	3.50000e-01
4.00000e-04	3.83347e-01	8.50000e-01
9.60000e-04	3.34378e-01	8.50000e-01
1.52000e-03	3.10376e-01	8.50000e-01
2.08000e-03	2.94668e-01	8.50000e-01
2.64000e-03	2.83092e-01	8.50000e-01
1.60000e-05	3.26031e-01	3.50000e-01
3.84000e-05	2.97974e-01	3.50000e-01
6.08000e-05	2.83684e-01	3.50000e-01
8.32000e-05	2.74106e-01	3.50000e-01
1.05600e-04	2.66922e-01	3.50000e-01
1.60000e-03	3.07770e-01	8.50000e-01
3.84000e-03	2.65536e-01	8.50000e-01
6.08000e-03	2.45057e-01	8.50000e-01
8.32000e-03	2.31741e-01	8.50000e-01
1.05600e-02	2.21974e-01	8.50000e-01
8.80000e-06	8.09605e-01	1.20000e+00
2.11200e-05	7.18639e-01	1.20000e+00
3.34400e-05	6.73416e-01	1.20000e+00
4.57600e-05	6.43558e-01	1.20000e+00
5.80800e-05	6.21412e-01	1.20000e+00
4.00000e-05	1.03229e+00	2.70000e+00
9.60000e-05	8.84063e-01	2.70000e+00
1.52000e-04	8.12869e-01	2.70000e+00
2.08000e-04	7.66821e-01	2.70000e+00
2.64000e-04	7.33176e-01	2.70000e+00
1.00000e-05	7.95932e-01	1.20000e+00
2.40000e-05	7.05883e-01	1.20000e+00
3.80000e-05	6.61148e-01	1.20000e+00
5.20000e-05	6.31624e-01	1.20000e+00
6.60000e-05	6.09734e-01	1.20000e+00
4.00000e-05	1.03229e+00	2.70000e+00
9.60000e-05	8.84063e-01	2.70000e+00
1.52000e-04	8.12869e-01	2.70000e+00
2.08000e-04	7.66821e-01	2.70000e+00
2.64000e-04	7.33176e-01	2.70000e+00
1.00000e-05	7.95932e-01	1.20000e+00
2.40000e-05	7.05883e-01	1.20000e+00
3.80000e-05	6.61148e-01	1.20000e+00
5.20000e-05	6.31624e-01	1.20000e+00
6.60000e-05	6.09734e-01	1.20000e+00
6.50000e-05	9.48023e-01	2.70000e+00
1.56000e-04	8.08978e-01	2.70000e+00
2.47000e-04	7.42452e-01	2.70000e+00
3.38000e-04	6.99519e-01	2.70000e+00
4.29000e-04	6.68200e-01	2.70000e+00
1.60000e-05	7.46807e-01	1.20000e+00
3.84000e-05	6.60149e-01	1.20000e+00
6.08000e-05	6.17215e-01	1.20000e+00
8.32000e-05	5.88927e-01	1.20000e+00
1.05600e-04	5.67979e-01	1.20000e+00
1.00000e-04	8.77557e-01	2.70000e+00
2.40000e-04	7.46487e-01	2.70000e+00
3.80000e-04	6.83992e-01	2.70000e+00
5.20000e-04	6.43740e-01	2.70000e+00
6.60000e-04	6.14417e-01	2.70000e+00
1.60000e-05	7.46807e-01	1.20000e+00
3.84000e-05	6.60149e-01	1.20000e+00
6.08000e-05	6.17215e-01	1.20000e+00
8.32000e-05	5.88927e-01	1.20000e+00
1.05600e-04	5.67979e-01	1.20000e+00
1.60000e-04	8.05199e-01	2.70000e+00
3.84000e-04	6.82617e-01	2.70000e+00
6.08000e-04	6.24388e-01	2.70000e+00
8.32000e-04	5.86963e-01	2.70000e+00
1.05600e-03	5.59740e-01	2.70000e+00
3.15500e-05	6.79045e-01	1.20000e+00
7.57200e-05	5.97336e-01	1.20000e+00
1.19890e-04	5.57023e-01	1.20000e+00
1.64060e-04	5.30528e-01	1.20000e+00
2.08230e-04	5.10946e-01	1.20000e+00
2.50000e-04	7.40763e-01	2.70000e+00
6.00000e-04	6.26010e-01	2.70000e+00
9.50000e-04	5.71690e-01	2.70000e+00
1.30000e-03	5.36848e-01	2.70000e+00
1.65000e-03	5.11539e-01	2.70000e+00
4.00000e-05	6.56264e-01	1.20000e+00
9.60000e-05	5.76296e-01	1.20000e+00
1.52000e-04	5.36901e-01	1.20000e+00
2.08000e-04	5.11035e-01	1.20000e+00
2.64000e-04	4.91930e-01	1.20000e+00
4.00000e-04	6.77278e-01	2.70000e+00
9.60000e-04	5.70498e-01	2.70000e+00
1.52000e-03	5.20138e-01	2.70000e+00
2.08000e-03	4.87901e-01	2.70000e+00
2.64000e-03	4.64519e-01	2.70000e+00
6.50000e-05	6.11122e-01	1.20000e+00
1.56000e-04	5.34728e-01	1.20000e+00
2.47000e-04	4.97215e-01	1.20000e+00
3.38000e-04	4.72634e-01	1.20000e+00
4.29000e-04	4.54503e-01	1.20000e+00
6.50000e-04	6.16263e-01	2.70000e+00
1.56000e-03	5.17403e-01	2.70000e+00
2.47000e-03	4.70951e-01	2.70000e+00
3.38000e-03	4.41279e-01	2.70000e+00
4.29000e-03	4.19788e-01	2.70000e+00
7.90000e-05	5.93542e-01	1.20000e+00
1.89600e-04	5.18587e-01	1.20000e+00
3.00200e-04	4.81831e-01	1.20000e+00
4.10800e-04	4.57764e-01	1.20000e+00
5.21400e-04	4.40024e-01	1.20000e+00
1.00000e-03	5.65870e-01	2.70000e+00
2.40000e-03	4.73752e-01	2.70000e+00
3.80000e-03	4.30608e-01	2.70000e+00
5.20000e-03	4.03098e-01	2.70000e+00
6.60000e-03	3.83198e-01	2.70000e+00
1.99000e-04	5.14633e-01	1.20000e+00
4.77600e-04	4.46498e-01	1.20000e+00
7.56200e-04	4.13308e-01	1.20000e+00
1.03480e-03	3.91664e-01	1.20000e+00
1.31340e-03	3.75756e-01	1.20000e+00
2.50000e-03	4.69779e-01	2.70000e+00
6.00000e-03	3.91051e-01	2.70000e+00
9.50000e-03	3.54421e-01	2.70000e+00
1.30000e-02	3.31150e-01	2.70000e+00
1.65000e-02	3.14359e-01	2.70000e+00
6.50000e-04	4.24044e-01	1.20000e+00
1.56000e-03	3.64564e-01	1.20000e+00
2.47000e-03	3.35855e-01	1.20000e+00
3.38000e-03	3.17234e-01	1.20000e+00
4.29000e-03	3.03601e-01	1.20000e+00
2.50000e-03	3.35124e-01	1.20000e+00
6.00000e-03	2.85169e-01	1.20000e+00
9.50000e-03	2.61319e-01	1.20000e+00
1.30000e-02	2.45947e-01	1.20000e+00
1.65000e-02	2.34744e-01	1.20000e+00
2.03000e-05	1.33141e+00	3.50000e+00
4.87200e-05	1.13715e+00	3.50000e+00
7.71400e-05	1.04409e+00	3.50000e+00
1.05560e-04	9.83989e-01	3.50000e+00
1.33980e-04	9.40128e-01	3.50000e+00
9.25000e-06	9.26497e-01	1.50000e+00
2.22000e-05	8.16692e-01	1.50000e+00
3.51500e-05	7.62438e-01	1.50000e+00
4.81000e-05	7.26751e-01	1.50000e+00
6.10500e-05	7.00357e-01	1.50000e+00
2.16000e-05	1.31689e+00	3.50000e+00
5.18400e-05	1.12423e+00	3.50000e+00
8.20800e-05	1.03198e+00	3.50000e+00
1.12320e-04	9.72419e-01	3.50000e+00
1.42560e-04	9.28963e-01	3.50000e+00
1.10000e-05	9.04097e-01	1.50000e+00
2.64000e-05	7.95961e-01	1.50000e+00
4.18000e-05	7.42589e-01	1.50000e+00
5.72000e-05	7.07506e-01	1.50000e+00
7.26000e-05	6.81570e-01	1.50000e+00
2.30000e-05	1.30232e+00	3.50000e+00
5.52000e-05	1.11126e+00	3.50000e+00
8.74000e-05	1.01983e+00	3.50000e+00
1.19600e-04	9.60822e-01	3.50000e+00
1.51800e-04	9.17773e-01	3.50000e+00
1.60000e-05	8.56783e-01	1.50000e+00
3.84000e-05	7.52266e-01	1.50000e+00
6.08000e-05	7.00806e-01	1.50000e+00
8.32000e-05	6.67028e-01	1.50000e+00
1.05600e-04	6.42085e-01	1.50000e+00
2.56000e-05	1.27774e+00	3.50000e+00
6.14400e-05	1.08942e+00	3.50000e+00
9.72800e-05	9.99376e-01	3.50000e+00
1.33120e-04	9.41292e-01	3.50000e+00
1.68960e-04	8.98934e-01	3.50000e+00
1.60000e-05	8.56783e-01	1.50000e+00
3.84000e-05	7.52266e-01	1.50000e+00
6.08000e-05	7.00806e-01	1.50000e+00
8.32000e-05	6.67028e-01	1.50000e+00
1.05600e-04	6.42085e-01	1.50000e+00
2.65500e-05	1.26945e+00	3.50000e+00
6.37200e-05	1.08206e+00	3.50000e+00
1.00890e-04	9.92490e-01	3.50000e+00
1.38060e-04	9.34719e-01	3.50000e+00
1.75230e-04	8.92594e-01	3.50000e+00
2.50000e-05	8.02444e-01	1.50000e+00
6.00000e-05	7.02256e-01	1.50000e+00
9.50000e-05	6.53074e-01	1.50000e+00
1.30000e-04	6.20851e-01	1.50000e+00
1.65000e-04	5.97086e-01	1.50000e+00
2.86500e-05	1.25227e+00	3.50000e+00
6.87600e-05	1.06681e+00	3.50000e+00
1.08870e-04	9.78221e-01	3.50000e+00
1.48980e-04	9.21103e-01	3.50000e+00
1.89090e-04	8.79464e-01	3.50000e+00
4.00000e-05	7.47600e-01	1.50000e+00
9.60000e-05	6.51981e-01	1.50000e+00
1.52000e-04	6.05195e-01	1.50000e+00
2.08000e-04	5.74601e-01	1.50000e+00
2.64000e-04	5.52070e-01	1.50000e+00
4.00000e-05	1.17895e+00	3.50000e+00
9.60000e-05	1.00189e+00	3.50000e+00
1.52000e-04	9.17539e-01	3.50000e+00
2.08000e-04	8.63240e-01	3.50000e+00
2.64000e-04	8.23700e-01	3.50000e+00
6.50000e-05	6.93521e-01	1.50000e+00
1.56000e-04	6.02620e-01	1.50000e+00
2.47000e-04	5.58297e-01	1.50000e+00
3.38000e-04	5.29374e-01	1.50000e+00
4.29000e-04	5.08105e-01	1.50000e+00
4.00000e-05	1.17895e+00	3.50000e+00
9.60000e-05	1.00189e+00	3.50000e+00
1.52000e-04	9.17539e-01	3.50000e+00
2.08000e-04	8.63240e-01	3.50000e+00
2.64000e-04	8.23700e-01	3.50000e+00
1.00000e-04	6.47730e-01	1.50000e+00
2.40000e-04	5.61002e-01	1.50000e+00
3.80000e-04	5.18848e-01	1.50000e+00
5.20000e-04	4.91392e-01	1.50000e+00
6.60000e-04	4.71230e-01	1.50000e+00
6.50000e-05	1.07806e+00	3.50000e+00
1.56000e-04	9.12943e-01	3.50000e+00
2.47000e-04	8.34590e-01	3.50000e+00
3.38000e-04	7.84264e-01	3.50000e+00
4.29000e-04	7.47675e-01	3.50000e+00
1.60000e-04	6.00118e-01	1.50000e+00
3.84000e-04	5.17914e-01	1.50000e+00
6.08000e-04	4.78101e-01	1.50000e+00
8.32000e-04	4.52224e-01	1.50000e+00
1.05600e-03	4.33250e-01	1.50000e+00
1.00000e-04	9.94161e-01	3.50000e+00
2.40000e-04	8.39330e-01	3.50000e+00
3.80000e-04	7.66112e-01	3.50000e+00
5.20000e-04	7.19175e-01	3.50000e+00
6.60000e-04	6.85096e-01	3.50000e+00
2.50000e-04	5.57164e-01	1.50000e+00
6.00000e-04	4.79217e-01	1.50000e+00
9.50000e-04	4.41595e-01	1.50000e+00
1.30000e-03	4.17192e-01	1.50000e+00
1.65000e-03	3.99325e-01	1.50000e+00
1.60000e-04	9.08480e-01	3.50000e+00
3.84000e-04	7.64506e-01	3.50000e+00
6.08000e-04	6.96673e-01	3.50000e+00
8.32000e-04	6.53279e-01	3.50000e+00
1.05600e-03	6.21818e-01	3.50000e+00
4.00000e-04	5.14285e-01	1.50000e+00
9.60000e-04	4.40764e-01	1.50000e+00
1.52000e-03	4.05409e-01	1.50000e+00
2.08000e-03	3.82526e-01	1.50000e+00
2.64000e-03	3.65798e-01	1.50000e+00
2.50000e-04	8.32607e-01	3.50000e+00
6.00000e-04	6.98557e-01	3.50000e+00
9.50000e-04	6.35617e-01	3.50000e+00
1.30000e-03	5.95431e-01	3.50000e+00
1.65000e-03	5.66334e-01	3.50000e+00
5.00000e-04	4.94767e-01	1.50000e+00
1.20000e-03	4.23322e-01	1.50000e+00
1.90000e-03	3.89027e-01	1.50000e+00
2.60000e-03	3.66853e-01	1.50000e+00
3.30000e-03	3.50655e-01	1.50000e+00
4.00000e-04	7.58270e-01	3.50000e+00
9.60000e-04	6.34240e-01	3.50000e+00
1.52000e-03	5.76211e-01	3.50000e+00
2.08000e-03	5.39233e-01	3.50000e+00
2.64000e-03	5.12496e-01	3.50000e+00
1.60000e-03	4.01599e-01	1.50000e+00
3.84000e-03	3.40649e-01	1.50000e+00
6.08000e-03	3.11663e-01	1.50000e+00
8.32000e-03	2.93021e-01	1.50000e+00
1.05600e-02	2.79456e-01	1.50000e+00
6.50000e-04	6.87238e-01	3.50000e+00
1.56000e-03	5.73069e-01	3.50000e+00
2.47000e-03	5.19844e-01	3.50000e+00
3.38000e-03	4.85993e-01	3.50000e+00
4.29000e-03	4.61551e-01	3.50000e+00
6.50000e-04	4.72503e-01	1.50000e+00
1.56000e-03	4.03476e-01	1.50000e+00
2.47000e-03	3.70411e-01	1.50000e+00
3.38000e-03	3.49058e-01	1.50000e+00
4.29000e-03	3.33473e-01	1.50000e+00
1.00000e-03	6.28894e-01	3.50000e+00
2.40000e-03	5.23045e-01	3.50000e+00
3.80000e-03	4.73849e-01	3.50000e+00
5.20000e-03	4.42613e-01	3.50000e+00
6.60000e-03	4.20086e-01	3.50000e+00
1.23500e-05	1.05779e+00	2.00000e+00
2.96400e-05	9.22370e-01	2.00000e+00
4.69300e-05	8.56130e-01	2.00000e+00
6.42200e-05	8.12824e-01	2.00000e+00
8.15100e-05	7.80936e-01	2.00000e+00
4.00000e-03	4.68614e-01	3.50000e+00
9.60000e-03	3.86710e-01	3.50000e+00
1.52000e-02	3.48989e-01	3.50000e+00
2.08000e-02	3.25158e-01	3.50000e+00
2.64000e-02	3.08030e-01	3.50000e+00
1.46500e-05	1.03042e+00	2.00000e+00
3.51600e-05	8.97363e-01	2.00000e+00
5.56700e-05	8.32359e-01	2.00000e+00
7.61800e-05	7.89891e-01	2.00000e+00
9.66900e-05	7.58637e-01	2.00000e+00
2.61000e-05	1.44504e+00	4.50000e+00
6.26400e-05	1.22297e+00	4.50000e+00
9.91800e-05	1.11762e+00	4.50000e+00
1.35720e-04	1.04998e+00	4.50000e+00
1.72260e-04	1.00080e+00	4.50000e+00
1.63500e-05	1.01307e+00	2.00000e+00
3.92400e-05	8.81531e-01	2.00000e+00
6.21300e-05	8.17319e-01	2.00000e+00
8.50200e-05	7.75389e-01	2.00000e+00
1.07910e-04	7.44542e-01	2.00000e+00
2.96000e-05	1.41135e+00	4.50000e+00
7.10400e-05	1.19337e+00	4.50000e+00
1.12480e-04	1.09008e+00	4.50000e+00
1.53920e-04	1.02378e+00	4.50000e+00
1.95360e-04	9.75612e-01	4.50000e+00
2.50000e-05	9.47756e-01	2.00000e+00
6.00000e-05	8.22077e-01	2.00000e+00
9.50000e-05	7.60919e-01	2.00000e+00
1.30000e-04	7.21057e-01	2.00000e+00
1.65000e-04	6.91770e-01	2.00000e+00
3.09000e-05	1.39998e+00	4.50000e+00
7.41600e-05	1.18339e+00	4.50000e+00
1.17420e-04	1.08079e+00	4.50000e+00
1.60680e-04	1.01496e+00	4.50000e+00
2.03940e-04	9.67128e-01	4.50000e+00
2.50000e-05	9.47756e-01	2.00000e+00
6.00000e-05	8.22077e-01	2.00000e+00
9.50000e-05	7.60919e-01	2.00000e+00
1.30000e-04	7.21057e-01	2.00000e+00
1.65000e-04	6.91770e-01	2.00000e+00
3.41500e-05	1.37380e+00	4.50000e+00
8.19600e-05	1.16043e+00	4.50000e+00
1.29770e-04	1.05944e+00	4.50000e+00
1.77580e-04	9.94665e-01	4.50000e+00
2.25390e-04	9.47622e-01	4.50000e+00
4.00000e-05	8.78784e-01	2.00000e+00
9.60000e-05	7.59563e-01	2.00000e+00
1.52000e-04	7.01753e-01	2.00000e+00
2.08000e-04	6.64151e-01	2.00000e+00
2.64000e-04	6.36566e-01	2.00000e+00
3.66000e-05	1.35588e+00	4.50000e+00
8.78400e-05	1.14473e+00	4.50000e+00
1.39080e-04	1.04484e+00	4.50000e+00
1.90320e-04	9.80801e-01	4.50000e+00
2.41560e-04	9.34299e-01	4.50000e+00
6.50000e-05	8.11187e-01	2.00000e+00
1.56000e-04	6.98582e-01	2.00000e+00
2.47000e-04	6.44181e-01	2.00000e+00
3.38000e-04	6.08874e-01	2.00000e+00
4.29000e-04	5.83014e-01	2.00000e+00
4.09000e-05	1.32753e+00	4.50000e+00
9.81600e-05	1.11991e+00	4.50000e+00
1.55420e-04	1.02179e+00	4.50000e+00
2.12680e-04	9.58904e-01	4.50000e+00
2.69940e-04	9.13260e-01	4.50000e+00
1.00000e-04	7.54296e-01	2.00000e+00
2.40000e-04	6.47491e-01	2.00000e+00
3.80000e-04	5.96065e-01	2.00000e+00
5.20000e-04	5.62754e-01	2.00000e+00
6.60000e-04	5.38390e-01	2.00000e+00
4.09000e-05	1.32753e+00	4.50000e+00
9.81600e-05	1.11991e+00	4.50000e+00
1.55420e-04	1.02179e+00	4.50000e+00
2.12680e-04	9.58904e-01	4.50000e+00
2.69940e-04	9.13260e-01	4.50000e+00
1.60000e-04	6.95501e-01	2.00000e+00
3.84000e-04	5.94930e-01	2.00000e+00
6.08000e-04	5.46684e-01	2.00000e+00
8.32000e-04	5.15500e-01	2.00000e+00
1.05600e-03	4.92726e-01	2.00000e+00
6.50000e-05	1.21421e+00	4.50000e+00
1.56000e-04	1.02102e+00	4.50000e+00
2.47000e-04	9.30049e-01	4.50000e+00
3.38000e-04	8.71875e-01	4.50000e+00
4.29000e-04	8.29710e-01	4.50000e+00
2.50000e-04	6.42795e-01	2.00000e+00
6.00000e-04	5.48032e-01	2.00000e+00
9.50000e-04	5.02732e-01	2.00000e+00
1.30000e-03	4.73512e-01	2.00000e+00
1.65000e-03	4.52203e-01	2.00000e+00
6.50000e-05	1.21421e+00	4.50000e+00
1.56000e-04	1.02102e+00	4.50000e+00
2.47000e-04	9.30049e-01	4.50000e+00
3.38000e-04	8.71875e-01	4.50000e+00
4.29000e-04	8.29710e-01	4.50000e+00
5.00000e-04	5.66841e-01	2.00000e+00
1.20000e-03	4.80840e-01	2.00000e+00
1.90000e-03	4.39954e-01	2.00000e+00
2.60000e-03	4.13663e-01	2.00000e+00
3.30000e-03	3.94533e-01	2.00000e+00
1.00000e-04	1.11581e+00	4.50000e+00
2.40000e-04	9.35538e-01	4.50000e+00
3.80000e-04	8.50942e-01	4.50000e+00
5.20000e-04	7.96946e-01	4.50000e+00
6.60000e-04	7.57862e-01	4.50000e+00
1.60000e-03	4.54910e-01	2.00000e+00
3.84000e-03	3.82748e-01	2.00000e+00
6.08000e-03	3.48752e-01	2.00000e+00
8.32000e-03	3.27005e-01	2.00000e+00
1.05600e-02	3.11237e-01	2.00000e+00
1.60000e-04	1.01583e+00	4.50000e+00
3.84000e-04	8.49091e-01	4.50000e+00
6.08000e-04	7.71128e-01	4.50000e+00
8.32000e-04	7.21465e-01	4.50000e+00
1.05600e-03	6.85566e-01	4.50000e+00
6.50000e-04	5.39926e-01	2.00000e+00
1.56000e-03	4.57147e-01	2.00000e+00
2.47000e-03	4.17875e-01	2.00000e+00
3.38000e-03	3.92651e-01	2.00000e+00
4.29000e-03	3.74313e-01	2.00000e+00
2.50000e-04	9.27752e-01	4.50000e+00
6.00000e-04	7.73287e-01	4.50000e+00
9.50000e-04	7.01301e-01	4.50000e+00
1.30000e-03	6.55529e-01	4.50000e+00
1.65000e-03	6.22485e-01	4.50000e+00
1.54500e-05	1.21257e+00	2.70000e+00
3.70800e-05	1.04591e+00	2.70000e+00
5.87100e-05	9.65259e-01	2.70000e+00
8.03400e-05	9.12863e-01	2.70000e+00
1.01970e-04	8.74460e-01	2.70000e+00
4.00000e-04	8.41908e-01	4.50000e+00
9.60000e-04	6.99730e-01	4.50000e+00
1.52000e-03	6.33692e-01	4.50000e+00
2.08000e-03	5.91781e-01	4.50000e+00
2.64000e-03	5.61563e-01	4.50000e+00
1.83000e-05	1.17900e+00	2.70000e+00
4.39200e-05	1.01566e+00	2.70000e+00
6.95400e-05	9.36714e-01	2.70000e+00
9.51600e-05	8.85468e-01	2.70000e+00
1.20780e-04	8.47929e-01	2.70000e+00
6.50000e-04	7.60315e-01	4.50000e+00
1.56000e-03	6.30126e-01	4.50000e+00
2.47000e-03	5.69860e-01	4.50000e+00
3.38000e-03	5.31682e-01	4.50000e+00
4.29000e-03	5.04190e-01	4.50000e+00
2.04500e-05	1.15733e+00	2.70000e+00
4.90800e-05	9.96151e-01	2.70000e+00
7.77100e-05	9.18322e-01	2.70000e+00
1.06340e-04	8.67827e-01	2.70000e+00
1.34970e-04	8.30850e-01	2.70000e+00
1.00000e-03	6.93633e-01	4.50000e+00
2.40000e-03	5.73477e-01	4.50000e+00
3.80000e-03	5.18014e-01	4.50000e+00
5.20000e-03	4.82933e-01	4.50000e+00
6.60000e-03	4.57699e-01	4.50000e+00
2.04500e-05	1.15733e+00	2.70000e+00
4.90800e-05	9.96151e-01	2.70000e+00
7.77100e-05	9.18322e-01	2.70000e+00
1.06340e-04	8.67827e-01	2.70000e+00
1.34970e-04	8.30850e-01	2.70000e+00
1.60000e-03	6.26667e-01	4.50000e+00
3.84000e-03	5.16807e-01	4.50000e+00
6.08000e-03	4.66249e-01	4.50000e+00
8.32000e-03	4.34321e-01	4.50000e+00
1.05600e-02	4.11380e-01	4.50000e+00
2.50000e-05	1.11883e+00	2.70000e+00
6.00000e-05	9.61559e-01	2.70000e+00
9.50000e-05	8.85737e-01	2.70000e+00
1.30000e-04	8.36589e-01	2.70000e+00
1.65000e-04	8.00624e-01	2.70000e+00
2.50000e-05	1.11883e+00	2.70000e+00
6.00000e-05	9.61559e-01	2.70000e+00
9.50000e-05	8.85737e-01	2.70000e+00
1.30000e-04	8.36589e-01	2.70000e+00
1.65000e-04	8.00624e-01	2.70000e+00
3.77000e-05	1.59850e+00	6.50000e+00
9.04800e-05	1.33610e+00	6.50000e+00
1.43260e-04	1.21333e+00	6.50000e+00
1.96040e-04	1.13510e+00	6.50000e+00
2.48820e-04	1.07855e+00	6.50000e+00
6.96000e-05	1.80370e+00	1.20000e+01
1.67040e-04	1.48143e+00	1.20000e+01
2.64480e-04	1.33364e+00	1.20000e+01
3.61920e-04	1.24052e+00	1.20000e+01
4.59360e-04	1.17371e+00	1.20000e+01
4.01500e-05	1.57833e+00	6.50000e+00
9.63600e-05	1.31869e+00	6.50000e+00
1.52570e-04	1.19727e+00	6.50000e+00
2.08780e-04	1.11993e+00	6.50000e+00
2.64990e-04	1.06402e+00	6.50000e+00
8.05000e-05	1.74621e+00	1.20000e+01
1.93200e-04	1.43313e+00	1.20000e+01
3.05900e-04	1.28969e+00	1.20000e+01
4.18600e-04	1.19935e+00	1.20000e+01
5.31300e-04	1.13456e+00	1.20000e+01
4.27500e-05	1.55843e+00	6.50000e+00
1.02600e-04	1.30153e+00	6.50000e+00
1.62450e-04	1.18145e+00	6.50000e+00
2.22300e-04	1.10498e+00	6.50000e+00
2.82150e-04	1.04972e+00	6.50000e+00
8.05000e-05	1.74621e+00	1.20000e+01
1.93200e-04	1.43313e+00	1.20000e+01
3.05900e-04	1.28969e+00	1.20000e+01
4.18600e-04	1.19935e+00	1.20000e+01
5.31300e-04	1.13456e+00	1.20000e+01
4.76000e-05	1.52483e+00	6.50000e+00
1.14240e-04	1.27257e+00	6.50000e+00
1.80880e-04	1.15476e+00	6.50000e+00
2.47520e-04	1.07977e+00	6.50000e+00
3.14160e-04	1.02559e+00	6.50000e+00
9.10000e-05	1.69902e+00	1.20000e+01
2.18400e-04	1.39352e+00	1.20000e+01
3.45800e-04	1.25367e+00	1.20000e+01
4.73200e-04	1.16562e+00	1.20000e+01
6.00600e-04	1.10250e+00	1.20000e+01
4.93000e-05	1.51398e+00	6.50000e+00
1.18320e-04	1.26323e+00	6.50000e+00
1.87340e-04	1.14615e+00	6.50000e+00
2.56360e-04	1.07164e+00	6.50000e+00
3.25380e-04	1.01782e+00	6.50000e+00
1.00000e-04	1.66349e+00	1.20000e+01
2.40000e-04	1.36373e+00	1.20000e+01
3.80000e-04	1.22658e+00	1.20000e+01
5.20000e-04	1.14027e+00	1.20000e+01
6.60000e-04	1.07840e+00	1.20000e+01
4.93000e-05	1.51398e+00	6.50000e+00
1.18320e-04	1.26323e+00	6.50000e+00
1.87340e-04	1.14615e+00	6.50000e+00
2.56360e-04	1.07164e+00	6.50000e+00
3.25380e-04	1.01782e+00	6.50000e+00
1.00000e-04	1.66349e+00	1.20000e+01
2.40000e-04	1.36373e+00	1.20000e+01
3.80000e-04	1.22658e+00	1.20000e+01
5.20000e-04	1.14027e+00	1.20000e+01
6.60000e-04	1.07840e+00	1.20000e+01
6.50000e-05	1.43072e+00	6.50000e+00
1.56000e-04	1.19164e+00	6.50000e+00
2.47000e-04	1.08026e+00	6.50000e+00
3.38000e-04	1.00945e+00	6.50000e+00
4.29000e-04	9.58343e-01	6.50000e+00
1.60000e-04	1.49600e+00	1.20000e+01
3.84000e-04	1.22361e+00	1.20000e+01
6.08000e-04	1.09934e+00	1.20000e+01
8.32000e-04	1.02125e+00	1.20000e+01
1.05600e-03	9.65337e-01	1.20000e+01
6.50000e-05	1.43072e+00	6.50000e+00
1.56000e-04	1.19164e+00	6.50000e+00
2.47000e-04	1.08026e+00	6.50000e+00
3.38000e-04	1.00945e+00	6.50000e+00
4.29000e-04	9.58343e-01	6.50000e+00
1.60000e-04	1.49600e+00	1.20000e+01
3.84000e-04	1.22361e+00	1.20000e+01
6.08000e-04	1.09934e+00	1.20000e+01
8.32000e-04	1.02125e+00	1.20000e+01
1.05600e-03	9.65337e-01	1.20000e+01
1.00000e-04	1.30853e+00	6.50000e+00
2.40000e-04	1.08695e+00	6.50000e+00
3.80000e-04	9.84054e-01	6.50000e+00
5.20000e-04	9.18758e-01	6.50000e+00
6.60000e-04	8.71687e-01	6.50000e+00
2.50000e-04	1.35101e+00	1.20000e+01
6.00000e-04	1.10276e+00	1.20000e+01
9.50000e-04	9.89790e-01	1.20000e+01
1.30000e-03	9.18897e-01	1.20000e+01
1.65000e-03	8.68180e-01	1.20000e+01
1.00000e-04	1.30853e+00	6.50000e+00
2.40000e-04	1.08695e+00	6.50000e+00
3.80000e-04	9.84054e-01	6.50000e+00
5.20000e-04	9.18758e-01	6.50000e+00
6.60000e-04	8.71687e-01	6.50000e+00
4.00000e-04	1.21207e+00	1.20000e+01
9.60000e-04	9.87344e-01	1.20000e+01
1.52000e-03	8.85337e-01	1.20000e+01
2.08000e-03	8.21408e-01	1.20000e+01
2.64000e-03	7.75713e-01	1.20000e+01
1.60000e-04	1.18526e+00	6.50000e+00
3.84000e-04	9.81811e-01	6.50000e+00
6.08000e-04	8.87646e-01	6.50000e+00
8.32000e-04	8.28002e-01	6.50000e+00
1.05600e-03	7.85060e-01	6.50000e+00
6.50000e-04	1.08227e+00	1.20000e+01
1.56000e-03	8.79873e-01	1.20000e+01
2.47000e-03	7.88226e-01	1.20000e+01
3.38000e-03	7.30862e-01	1.20000e+01
4.29000e-03	6.89896e-01	1.20000e+01
2.50000e-04	1.07745e+00	6.50000e+00
6.00000e-04	8.90245e-01	6.50000e+00
9.50000e-04	8.03864e-01	6.50000e+00
1.30000e-03	7.49241e-01	6.50000e+00
1.65000e-03	7.09958e-01	6.50000e+00
1.00000e-03	9.77862e-01	1.20000e+01
2.40000e-03	7.93689e-01	1.20000e+01
3.80000e-03	7.10460e-01	1.20000e+01
5.20000e-03	6.58420e-01	1.20000e+01
6.60000e-03	6.21282e-01	1.20000e+01
4.00000e-04	9.73108e-01	6.50000e+00
9.60000e-04	8.01985e-01	6.50000e+00
1.52000e-03	7.23267e-01	6.50000e+00
2.08000e-03	6.73574e-01	6.50000e+00
2.64000e-03	6.37877e-01	6.50000e+00
1.60000e-03	8.74577e-01	1.20000e+01
3.84000e-03	7.08662e-01	1.20000e+01
6.08000e-03	6.33837e-01	1.20000e+01
8.32000e-03	5.87102e-01	1.20000e+01
1.05600e-02	5.53774e-01	1.20000e+01
6.50000e-04	8.74637e-01	6.50000e+00
1.56000e-03	7.19031e-01	6.50000e+00
2.47000e-03	6.47668e-01	6.50000e+00
3.38000e-03	6.02690e-01	6.50000e+00
4.29000e-03	5.70416e-01	6.50000e+00
2.50000e-03	7.85943e-01	1.20000e+01
6.00000e-03	6.35886e-01	1.20000e+01
9.50000e-03	5.68335e-01	1.20000e+01
1.30000e-02	5.26182e-01	1.20000e+01
1.65000e-02	4.96142e-01	1.20000e+01
1.00000e-03	7.94696e-01	6.50000e+00
2.40000e-03	6.51938e-01	6.50000e+00
3.80000e-03	5.86633e-01	6.50000e+00
5.20000e-03	5.45529e-01	6.50000e+00
6.60000e-03	5.16063e-01	6.50000e+00
1.60000e-03	7.14923e-01	6.50000e+00
3.84000e-03	5.85216e-01	6.50000e+00
6.08000e-03	5.26037e-01	6.50000e+00
8.32000e-03	4.88842e-01	6.50000e+00
1.05600e-02	4.62202e-01	6.50000e+00
8.70000e-05	1.85922e+00	1.50000e+01
2.08800e-04	1.51899e+00	1.50000e+01
3.30600e-04	1.36393e+00	1.50000e+01
4.52400e-04	1.26654e+00	1.50000e+01
5.74200e-04	1.19684e+00	1.50000e+01
2.50000e-03	6.45882e-01	6.50000e+00
6.00000e-03	5.27664e-01	6.50000e+00
9.50000e-03	4.73852e-01	6.50000e+00
1.30000e-02	4.40073e-01	6.50000e+00
1.65000e-02	4.15901e-01	6.50000e+00
1.00000e-04	1.80090e+00	1.50000e+01
2.40000e-04	1.47039e+00	1.50000e+01
3.80000e-04	1.31988e+00	1.50000e+01
5.20000e-04	1.22539e+00	1.50000e+01
6.60000e-04	1.15778e+00	1.50000e+01
1.00000e-04	1.80090e+00	1.50000e+01
2.40000e-04	1.47039e+00	1.50000e+01
3.80000e-04	1.31988e+00	1.50000e+01
5.20000e-04	1.22539e+00	1.50000e+01
6.60000e-04	1.15778e+00	1.50000e+01
1.14000e-04	1.74753e+00	1.50000e+01
2.73600e-04	1.42595e+00	1.50000e+01
4.33200e-04	1.27962e+00	1.50000e+01
5.92800e-04	1.18779e+00	1.50000e+01
7.52400e-04	1.12210e+00	1.50000e+01
4.93000e-05	1.69717e+00	8.50000e+00
1.18320e-04	1.40698e+00	8.50000e+00
1.87340e-04	1.27247e+00	8.50000e+00
2.56360e-04	1.18720e+00	8.50000e+00
3.25380e-04	1.12578e+00	8.50000e+00
1.23000e-04	1.71723e+00	1.50000e+01
2.95200e-04	1.40075e+00	1.50000e+01
4.67400e-04	1.25679e+00	1.50000e+01
6.39600e-04	1.16648e+00	1.50000e+01
8.11800e-04	1.10188e+00	1.50000e+01
5.25000e-05	1.67476e+00	8.50000e+00
1.26000e-04	1.38788e+00	8.50000e+00
1.99500e-04	1.25495e+00	8.50000e+00
2.73000e-04	1.17072e+00	8.50000e+00
3.46500e-04	1.11006e+00	8.50000e+00
1.60000e-04	1.61597e+00	1.50000e+01
3.84000e-04	1.31662e+00	1.50000e+01
6.08000e-04	1.18065e+00	1.50000e+01
8.32000e-04	1.09541e+00	1.50000e+01
1.05600e-03	1.03448e+00	1.50000e+01
5.60000e-05	1.65203e+00	8.50000e+00
1.34400e-04	1.36850e+00	8.50000e+00
2.12800e-04	1.23720e+00	8.50000e+00
2.91200e-04	1.15402e+00	8.50000e+00
3.69600e-04	1.09412e+00	8.50000e+00
1.60000e-04	1.61597e+00	1.50000e+01
3.84000e-04	1.31662e+00	1.50000e+01
6.08000e-04	1.18065e+00	1.50000e+01
8.32000e-04	1.09541e+00	1.50000e+01
1.05600e-03	1.03448e+00	1.50000e+01
6.20000e-05	1.61670e+00	8.50000e+00
1.48800e-04	1.33842e+00	8.50000e+00
2.35600e-04	1.20965e+00	8.50000e+00
3.22400e-04	1.12810e+00	8.50000e+00
4.09200e-04	1.06940e+00	8.50000e+00
2.50000e-04	1.45641e+00	1.50000e+01
6.00000e-04	1.18438e+00	1.50000e+01
9.50000e-04	1.06112e+00	1.50000e+01
1.30000e-03	9.83939e-01	1.50000e+01
1.65000e-03	9.28812e-01	1.50000e+01
6.45000e-05	1.60315e+00	8.50000e+00
1.54800e-04	1.32690e+00	8.50000e+00
2.45100e-04	1.19910e+00	8.50000e+00
3.35400e-04	1.11818e+00	8.50000e+00
4.25700e-04	1.05993e+00	8.50000e+00
4.00000e-04	1.30398e+00	1.50000e+01
9.60000e-04	1.05845e+00	1.50000e+01
1.52000e-03	9.47454e-01	1.50000e+01
2.08000e-03	8.78039e-01	1.50000e+01
2.64000e-03	8.28498e-01	1.50000e+01
6.95000e-05	1.57782e+00	8.50000e+00
1.66800e-04	1.30536e+00	8.50000e+00
2.64100e-04	1.17938e+00	8.50000e+00
3.61400e-04	1.09964e+00	8.50000e+00
4.58700e-04	1.04225e+00	8.50000e+00
6.50000e-04	1.16200e+00	1.50000e+01
1.56000e-03	9.41516e-01	1.50000e+01
2.47000e-03	8.42058e-01	1.50000e+01
3.38000e-03	7.79933e-01	1.50000e+01
4.29000e-03	7.35630e-01	1.50000e+01
6.95000e-05	1.57782e+00	8.50000e+00
1.66800e-04	1.30536e+00	8.50000e+00
2.64100e-04	1.17938e+00	8.50000e+00
3.61400e-04	1.09964e+00	8.50000e+00
4.58700e-04	1.04225e+00	8.50000e+00
1.00000e-03	1.04812e+00	1.50000e+01
2.40000e-03	8.47980e-01	1.50000e+01
3.80000e-03	7.57863e-01	1.50000e+01
5.20000e-03	7.01626e-01	1.50000e+01
6.60000e-03	6.61547e-01	1.50000e+01
1.00000e-04	1.45920e+00	8.50000e+00
2.40000e-04	1.20470e+00	8.50000e+00
3.80000e-04	1.08733e+00	8.50000e+00
5.20000e-04	1.01314e+00	8.50000e+00
6.60000e-04	9.59792e-01	8.50000e+00
1.60000e-03	9.35762e-01	1.50000e+01
3.84000e-03	7.55918e-01	1.50000e+01
6.08000e-03	6.75091e-01	1.50000e+01
8.32000e-03	6.24700e-01	1.50000e+01
1.05600e-02	5.88811e-01	1.50000e+01
1.00000e-04	1.45920e+00	8.50000e+00
2.40000e-04	1.20470e+00	8.50000e+00
3.80000e-04	1.08733e+00	8.50000e+00
5.20000e-04	1.01314e+00	8.50000e+00
6.60000e-04	9.59792e-01	8.50000e+00
2.50000e-03	8.39583e-01	1.50000e+01
6.00000e-03	6.77302e-01	1.50000e+01
9.50000e-03	6.04486e-01	1.50000e+01
1.30000e-02	5.59128e-01	1.50000e+01
1.65000e-02	5.26842e-01	1.50000e+01
1.60000e-04	1.31733e+00	8.50000e+00
3.84000e-04	1.08478e+00	8.50000e+00
6.08000e-04	9.77863e-01	8.50000e+00
8.32000e-04	9.10395e-01	8.50000e+00
1.05600e-03	8.61944e-01	8.50000e+00
4.00000e-03	7.48384e-01	1.50000e+01
9.60000e-03	6.02917e-01	1.50000e+01
1.52000e-02	5.37750e-01	1.50000e+01
2.08000e-02	4.97190e-01	1.50000e+01
2.64000e-02	4.68336e-01	1.50000e+01
2.50000e-04	1.19384e+00	8.50000e+00
6.00000e-04	9.80808e-01	8.50000e+00
9.50000e-04	8.83147e-01	8.50000e+00
1.30000e-03	8.21612e-01	8.50000e+00
1.65000e-03	7.77468e-01	8.50000e+00
4.00000e-04	1.07488e+00	8.50000e+00
9.60000e-04	8.81028e-01	8.50000e+00
1.52000e-03	7.92414e-01	8.50000e+00
2.08000e-03	7.36664e-01	8.50000e+00
2.64000e-03	6.96710e-01	8.50000e+00
1.04500e-04	1.89605e+00	1.80000e+01
2.50800e-04	1.54307e+00	1.80000e+01
3.97100e-04	1.38292e+00	1.80000e+01
5.43400e-04	1.28259e+00	1.80000e+01
6.89700e-04	1.21089e+00	1.80000e+01
6.50000e-04	9.63131e-01	8.50000e+00
1.56000e-03	7.87655e-01	8.50000e+00
2.47000e-03	7.07660e-01	8.50000e+00
3.38000e-03	6.57407e-01	8.50000e+00
4.29000e-03	6.21428e-01	8.50000e+00
1.18500e-04	1.84121e+00	1.80000e+01
2.84400e-04	1.49763e+00	1.80000e+01
4.50300e-04	1.34186e+00	1.80000e+01
6.16200e-04	1.24430e+00	1.80000e+01
7.82100e-04	1.17460e+00	1.80000e+01
1.00000e-03	8.72808e-01	8.50000e+00
2.40000e-03	7.12438e-01	8.50000e+00
3.80000e-03	6.39498e-01	8.50000e+00
5.20000e-03	5.93732e-01	8.50000e+00
6.60000e-03	5.60994e-01	8.50000e+00
1.34000e-04	1.78899e+00	1.80000e+01
3.21600e-04	1.45441e+00	1.80000e+01
5.09200e-04	1.30281e+00	1.80000e+01
6.96800e-04	1.20790e+00	1.80000e+01
8.84400e-04	1.14011e+00	1.80000e+01
1.60000e-03	7.83042e-01	8.50000e+00
3.84000e-03	6.37919e-01	8.50000e+00
6.08000e-03	5.72069e-01	8.50000e+00
8.32000e-03	5.30803e-01	8.50000e+00
1.05600e-02	5.01309e-01	8.50000e+00
1.34000e-04	1.78899e+00	1.80000e+01
3.21600e-04	1.45441e+00	1.80000e+01
5.09200e-04	1.30281e+00	1.80000e+01
6.96800e-04	1.20790e+00	1.80000e+01
8.84400e-04	1.14011e+00	1.80000e+01
2.50000e-03	7.05662e-01	8.50000e+00
6.00000e-03	5.73875e-01	8.50000e+00
9.50000e-03	5.14202e-01	8.50000e+00
1.30000e-02	4.76848e-01	8.50000e+00
1.65000e-02	4.50170e-01	8.50000e+00
1.64000e-04	1.70607e+00	1.80000e+01
3.93600e-04	1.38585e+00	1.80000e+01
6.23200e-04	1.24091e+00	1.80000e+01
8.52800e-04	1.15022e+00	1.80000e+01
1.08240e-03	1.08546e+00	1.80000e+01
1.64000e-04	1.70607e+00	1.80000e+01
3.93600e-04	1.38585e+00	1.80000e+01
6.23200e-04	1.24091e+00	1.80000e+01
8.52800e-04	1.15022e+00	1.80000e+01
1.08240e-03	1.08546e+00	1.80000e+01
6.50000e-05	1.70767e+00	1.00000e+01
1.56000e-04	1.40833e+00	1.00000e+01
2.47000e-04	1.27041e+00	1.00000e+01
3.38000e-04	1.18327e+00	1.00000e+01
4.29000e-04	1.12065e+00	1.00000e+01
2.50000e-04	1.54424e+00	1.80000e+01
6.00000e-04	1.25232e+00	1.80000e+01
9.50000e-04	1.12046e+00	1.80000e+01
1.30000e-03	1.03805e+00	1.80000e+01
1.65000e-03	9.79244e-01	1.80000e+01
1.00000e-04	1.55412e+00	1.00000e+01
2.40000e-04	1.27867e+00	1.00000e+01
3.80000e-04	1.15213e+00	1.00000e+01
5.20000e-04	1.07231e+00	1.00000e+01
6.60000e-04	1.01501e+00	1.00000e+01
2.50000e-04	1.54424e+00	1.80000e+01
6.00000e-04	1.25232e+00	1.80000e+01
9.50000e-04	1.12046e+00	1.80000e+01
1.30000e-03	1.03805e+00	1.80000e+01
1.65000e-03	9.79244e-01	1.80000e+01
1.60000e-04	1.40040e+00	1.00000e+01
3.84000e-04	1.14938e+00	1.00000e+01
6.08000e-04	1.03441e+00	1.00000e+01
8.32000e-04	9.62010e-01	1.00000e+01
1.05600e-03	9.10090e-01	1.00000e+01
4.00000e-04	1.38051e+00	1.80000e+01
9.60000e-04	1.11762e+00	1.80000e+01
1.52000e-03	9.99122e-01	1.80000e+01
2.08000e-03	9.25138e-01	1.80000e+01
2.64000e-03	8.72394e-01	1.80000e+01
2.50000e-04	1.26695e+00	1.00000e+01
6.00000e-04	1.03758e+00	1.00000e+01
9.50000e-04	9.32803e-01	1.00000e+01
1.30000e-03	8.66918e-01	1.00000e+01
1.65000e-03	8.19717e-01	1.00000e+01
6.50000e-04	1.22836e+00	1.80000e+01
1.56000e-03	9.92789e-01	1.80000e+01
2.47000e-03	8.86826e-01	1.80000e+01
3.38000e-03	8.20738e-01	1.80000e+01
4.29000e-03	7.73657e-01	1.80000e+01
4.00000e-04	1.13872e+00	1.00000e+01
9.60000e-04	9.30532e-01	1.00000e+01
1.52000e-03	8.35691e-01	1.00000e+01
2.08000e-03	7.76136e-01	1.00000e+01
2.64000e-03	7.33511e-01	1.00000e+01
1.00000e-03	1.10658e+00	1.80000e+01
2.40000e-03	8.93129e-01	1.80000e+01
3.80000e-03	7.97278e-01	1.80000e+01
5.20000e-03	7.37550e-01	1.80000e+01
6.60000e-03	6.95024e-01	1.80000e+01
6.50000e-04	1.01859e+00	1.00000e+01
1.56000e-03	8.30604e-01	1.00000e+01
2.47000e-03	7.45189e-01	1.00000e+01
3.38000e-03	6.91626e-01	1.00000e+01
4.29000e-03	6.53325e-01	1.00000e+01
1.60000e-03	9.86653e-01	1.80000e+01
3.84000e-03	7.95212e-01	1.80000e+01
6.08000e-03	7.09391e-01	1.80000e+01
8.32000e-03	6.55960e-01	1.80000e+01
1.05600e-02	6.17941e-01	1.80000e+01
1.00000e-03	9.21726e-01	1.00000e+01
2.40000e-03	7.50285e-01	1.00000e+01
3.80000e-03	6.72556e-01	1.00000e+01
5.20000e-03	6.23869e-01	1.00000e+01
6.60000e-03	5.89082e-01	1.00000e+01
2.50000e-03	8.84192e-01	1.80000e+01
6.00000e-03	7.11736e-01	1.80000e+01
9.50000e-03	6.34543e-01	1.80000e+01
1.30000e-02	5.86520e-01	1.80000e+01
1.65000e-02	5.52368e-01	1.80000e+01
2.50000e-03	7.43058e-01	1.00000e+01
6.00000e-03	6.02766e-01	1.00000e+01
9.50000e-03	5.39423e-01	1.00000e+01
1.30000e-02	4.99834e-01	1.00000e+01
1.65000e-02	4.71589e-01	1.00000e+01
4.00000e-03	7.87206e-01	1.80000e+01
9.60000e-03	6.32880e-01	1.80000e+01
1.52000e-02	5.63903e-01	1.80000e+01
2.08000e-02	5.21025e-01	1.80000e+01
2.64000e-02	4.90546e-01	1.80000e+01
1.45000e-04	1.87123e+00	2.20000e+01
3.48000e-04	1.51626e+00	2.20000e+01
5.51000e-04	1.35604e+00	2.20000e+01
7.54000e-04	1.25593e+00	2.20000e+01
9.57000e-04	1.18452e+00	2.20000e+01
1.00000e-03	1.32505e+00	3.50000e+01
2.40000e-03	1.06177e+00	3.50000e+01
3.80000e-03	9.44481e-01	3.50000e+01
5.20000e-03	8.71705e-01	3.50000e+01
6.60000e-03	8.20041e-01	3.50000e+01
1.60000e-04	1.82780e+00	2.20000e+01
3.84000e-04	1.48052e+00	2.20000e+01
6.08000e-04	1.32384e+00	2.20000e+01
8.32000e-04	1.22597e+00	2.20000e+01
1.05600e-03	1.15617e+00	2.20000e+01
1.60000e-03	1.17678e+00	3.50000e+01
3.84000e-03	9.41959e-01	3.50000e+01
6.08000e-03	8.37481e-01	3.50000e+01
8.32000e-03	7.72697e-01	3.50000e+01
1.05600e-02	7.26727e-01	3.50000e+01
1.72500e-04	1.79524e+00	2.20000e+01
4.14000e-04	1.45374e+00	2.20000e+01
6.55500e-04	1.29972e+00	2.20000e+01
8.97000e-04	1.20353e+00	2.20000e+01
1.13850e-03	1.13494e+00	2.20000e+01
2.50000e-03	1.05081e+00	3.50000e+01
6.00000e-03	8.40330e-01	3.50000e+01
9.50000e-03	7.46787e-01	3.50000e+01
1.30000e-02	6.88816e-01	3.50000e+01
1.65000e-02	6.47697e-01	3.50000e+01
1.94000e-04	1.74546e+00	2.20000e+01
4.65600e-04	1.41283e+00	2.20000e+01
7.37200e-04	1.26288e+00	2.20000e+01
1.00880e-03	1.16926e+00	2.20000e+01
1.28040e-03	1.10252e+00	2.20000e+01
4.00000e-03	9.32191e-01	3.50000e+01
9.60000e-03	7.44777e-01	3.50000e+01
1.52000e-02	6.61575e-01	3.50000e+01
2.08000e-02	6.10041e-01	3.50000e+01
2.64000e-02	5.73501e-01	3.50000e+01
2.50000e-04	1.64231e+00	2.20000e+01
6.00000e-04	1.32813e+00	2.20000e+01
9.50000e-04	1.18667e+00	2.20000e+01
1.30000e-03	1.09839e+00	2.20000e+01
1.65000e-03	1.03549e+00	2.20000e+01
2.50000e-04	1.64231e+00	2.20000e+01
6.00000e-04	1.32813e+00	2.20000e+01
9.50000e-04	1.18667e+00	2.20000e+01
1.30000e-03	1.09839e+00	2.20000e+01
1.65000e-03	1.03549e+00	2.20000e+01
2.96000e-04	1.57678e+00	2.20000e+01
7.10400e-04	1.27439e+00	2.20000e+01
1.12480e-03	1.13833e+00	2.20000e+01
1.53920e-03	1.05347e+00	2.20000e+01
1.95360e-03	9.93003e-01	2.20000e+01
4.00000e-04	1.46593e+00	2.20000e+01
9.60000e-04	1.18361e+00	2.20000e+01
1.52000e-03	1.05674e+00	2.20000e+01
2.08000e-03	9.77659e-01	2.20000e+01
2.64000e-03	9.21341e-01	2.20000e+01
6.50000e-04	1.30240e+00	2.20000e+01
1.56000e-03	1.04997e+00	2.20000e+01
2.47000e-03	9.36746e-01	2.20000e+01
3.38000e-03	8.66235e-01	2.20000e+01
4.29000e-03	8.16056e-01	2.20000e+01
2.95000e-04	1.91819e+00	4.50000e+01
7.08000e-04	1.53802e+00	4.50000e+01
1.12100e-03	1.36849e+00	4.50000e+01
1.53400e-03	1.26324e+00	4.50000e+01
1.94700e-03	1.18850e+00	4.50000e+01
1.00000e-03	1.17179e+00	2.20000e+01
2.40000e-03	9.43475e-01	2.20000e+01
3.80000e-03	8.41226e-01	2.20000e+01
5.20000e-03	7.77603e-01	2.20000e+01
6.60000e-03	7.32349e-01	2.20000e+01
3.17000e-04	1.88385e+00	4.50000e+01
7.60800e-04	1.51022e+00	4.50000e+01
1.20460e-03	1.34363e+00	4.50000e+01
1.64840e-03	1.24023e+00	4.50000e+01
2.09220e-03	1.16680e+00	4.50000e+01
1.60000e-03	1.04341e+00	2.20000e+01
3.84000e-03	8.39024e-01	2.20000e+01
6.08000e-03	7.47634e-01	2.20000e+01
8.32000e-03	6.90813e-01	2.20000e+01
1.05600e-02	6.50420e-01	2.20000e+01
3.50000e-04	1.83754e+00	4.50000e+01
8.40000e-04	1.47272e+00	4.50000e+01
1.33000e-03	1.31012e+00	4.50000e+01
1.82000e-03	1.20920e+00	4.50000e+01
2.31000e-03	1.13755e+00	4.50000e+01
2.50000e-03	9.33933e-01	2.20000e+01
6.00000e-03	7.50129e-01	2.20000e+01
9.50000e-03	6.68054e-01	2.20000e+01
1.30000e-02	6.17061e-01	2.20000e+01
1.65000e-02	5.80828e-01	2.20000e+01
4.00000e-04	1.77680e+00	4.50000e+01
9.60000e-04	1.42358e+00	4.50000e+01
1.52000e-03	1.26620e+00	4.50000e+01
2.08000e-03	1.16855e+00	4.50000e+01
2.64000e-03	1.09923e+00	4.50000e+01
4.00000e-03	8.30492e-01	2.20000e+01
9.60000e-03	6.66288e-01	2.20000e+01
1.52000e-02	5.93062e-01	2.20000e+01
2.08000e-02	5.47599e-01	2.20000e+01
2.64000e-02	5.15311e-01	2.20000e+01
4.00000e-04	1.77680e+00	4.50000e+01
9.60000e-04	1.42358e+00	4.50000e+01
1.52000e-03	1.26620e+00	4.50000e+01
2.08000e-03	1.16855e+00	4.50000e+01
2.64000e-03	1.09923e+00	4.50000e+01
4.60000e-04	1.71528e+00	4.50000e+01
1.10400e-03	1.37382e+00	4.50000e+01
1.74800e-03	1.22176e+00	4.50000e+01
2.39200e-03	1.12742e+00	4.50000e+01
3.03600e-03	1.06046e+00	4.50000e+01
5.50000e-04	1.63958e+00	4.50000e+01
1.32000e-03	1.31264e+00	4.50000e+01
2.09000e-03	1.16712e+00	4.50000e+01
2.86000e-03	1.07686e+00	4.50000e+01
3.63000e-03	1.01281e+00	4.50000e+01
1.57000e-04	1.95219e+00	2.70000e+01
3.76800e-04	1.57707e+00	2.70000e+01
5.96600e-04	1.40833e+00	2.70000e+01
8.16400e-04	1.30310e+00	2.70000e+01
1.03620e-03	1.22814e+00	2.70000e+01
6.50000e-04	1.57170e+00	4.50000e+01
1.56000e-03	1.25783e+00	4.50000e+01
2.47000e-03	1.11817e+00	4.50000e+01
3.38000e-03	1.03158e+00	4.50000e+01
4.29000e-03	9.70139e-01	4.50000e+01
1.67500e-04	1.92183e+00	2.70000e+01
4.02000e-04	1.55220e+00	2.70000e+01
6.36500e-04	1.38598e+00	2.70000e+01
8.71000e-04	1.28233e+00	2.70000e+01
1.10550e-03	1.20850e+00	2.70000e+01
6.50000e-04	1.57170e+00	4.50000e+01
1.56000e-03	1.25783e+00	4.50000e+01
2.47000e-03	1.11817e+00	4.50000e+01
3.38000e-03	1.03158e+00	4.50000e+01
4.29000e-03	9.70139e-01	4.50000e+01
1.77500e-04	1.89501e+00	2.70000e+01
4.26000e-04	1.53023e+00	2.70000e+01
6.74500e-04	1.36624e+00	2.70000e+01
9.23000e-04	1.26399e+00	2.70000e+01
1.17150e-03	1.19117e+00	2.70000e+01
1.00000e-03	1.40887e+00	4.50000e+01
2.40000e-03	1.12645e+00	4.50000e+01
3.80000e-03	1.00094e+00	4.50000e+01
5.20000e-03	9.23160e-01	4.50000e+01
6.60000e-03	8.67992e-01	4.50000e+01
2.05000e-04	1.82989e+00	2.70000e+01
4.92000e-04	1.47693e+00	2.70000e+01
7.79000e-04	1.31835e+00	2.70000e+01
1.06600e-03	1.21950e+00	2.70000e+01
1.35300e-03	1.14912e+00	2.70000e+01
1.60000e-03	1.24971e+00	4.50000e+01
3.84000e-03	9.98243e-01	4.50000e+01
6.08000e-03	8.86611e-01	4.50000e+01
8.32000e-03	8.17473e-01	4.50000e+01
1.05600e-02	7.68455e-01	4.50000e+01
2.05000e-04	1.82989e+00	2.70000e+01
4.92000e-04	1.47693e+00	2.70000e+01
7.79000e-04	1.31835e+00	2.70000e+01
1.06600e-03	1.21950e+00	2.70000e+01
1.35300e-03	1.14912e+00	2.70000e+01
2.50000e-03	1.11471e+00	4.50000e+01
6.00000e-03	8.89652e-01	4.50000e+01
9.50000e-03	7.89841e-01	4.50000e+01
1.30000e-02	7.28057e-01	4.50000e+01
1.65000e-02	6.84267e-01	4.50000e+01
2.50000e-04	1.74358e+00	2.70000e+01
6.00000e-04	1.40636e+00	2.70000e+01
9.50000e-04	1.25496e+00	2.70000e+01
1.30000e-03	1.16064e+00	2.70000e+01
1.65000e-03	1.09350e+00	2.70000e+01
4.00000e-03	9.87800e-01	4.50000e+01
9.60000e-03	7.87698e-01	4.50000e+01
1.52000e-02	6.99042e-01	4.50000e+01
2.08000e-02	6.44191e-01	4.50000e+01
2.64000e-02	6.05328e-01	4.50000e+01
2.50000e-04	1.74358e+00	2.70000e+01
6.00000e-04	1.40636e+00	2.70000e+01
9.50000e-04	1.25496e+00	2.70000e+01
1.30000e-03	1.16064e+00	2.70000e+01
1.65000e-03	1.09350e+00	2.70000e+01
4.00000e-04	1.55410e+00	2.70000e+01
9.60000e-04	1.25170e+00	2.70000e+01
1.52000e-03	1.11618e+00	2.70000e+01
2.08000e-03	1.03183e+00	2.70000e+01
2.64000e-03	9.71822e-01	2.70000e+01
4.00000e-04	1.55410e+00	2.70000e+01
9.60000e-04	1.25170e+00	2.70000e+01
1.52000e-03	1.11618e+00	2.70000e+01
2.08000e-03	1.03183e+00	2.70000e+01
2.64000e-03	9.71822e-01	2.70000e+01
6.50000e-04	1.37880e+00	2.70000e+01
1.56000e-03	1.10895e+00	2.70000e+01
2.47000e-03	9.88231e-01	2.70000e+01
3.38000e-03	9.13158e-01	2.70000e+01
4.29000e-03	8.59783e-01	2.70000e+01
1.00000e-03	1.23905e+00	2.70000e+01
2.40000e-03	9.95400e-01	2.70000e+01
3.80000e-03	8.86551e-01	2.70000e+01
5.20000e-03	8.18910e-01	2.70000e+01
6.60000e-03	7.70842e-01	2.70000e+01
1.60000e-03	1.10195e+00	2.70000e+01
3.84000e-03	8.84208e-01	2.70000e+01
6.08000e-03	7.87073e-01	2.70000e+01
8.32000e-03	7.26757e-01	2.70000e+01
1.05600e-02	6.83915e-01	2.70000e+01
2.50000e-03	9.85235e-01	2.70000e+01
6.00000e-03	7.89724e-01	2.70000e+01
9.50000e-03	7.02614e-01	2.70000e+01
1.30000e-02	6.48558e-01	2.70000e+01
1.65000e-02	6.10180e-01	2.70000e+01
4.00000e-03	8.75134e-01	2.70000e+01
9.60000e-03	7.00741e-01	2.70000e+01
1.52000e-02	6.23135e-01	2.70000e+01
2.08000e-02	5.75007e-01	2.70000e+01
2.64000e-02	5.40852e-01	2.70000e+01
2.30000e-04	1.91215e+00	3.50000e+01
5.52000e-04	1.53813e+00	3.50000e+01
8.74000e-04	1.37072e+00	3.50000e+01
1.19600e-03	1.26659e+00	3.50000e+01
1.51800e-03	1.19255e+00	3.50000e+01
2.50000e-04	1.87313e+00	3.50000e+01
6.00000e-04	1.50638e+00	3.50000e+01
9.50000e-04	1.34227e+00	3.50000e+01
1.30000e-03	1.24021e+00	3.50000e+01
1.65000e-03	1.16765e+00	3.50000e+01
2.65500e-04	1.84545e+00	3.50000e+01
6.37200e-04	1.48386e+00	3.50000e+01
1.00890e-03	1.32210e+00	3.50000e+01
1.38060e-03	1.22151e+00	3.50000e+01
1.75230e-03	1.14999e+00	3.50000e+01
2.87000e-04	1.81018e+00	3.50000e+01
6.88800e-04	1.45518e+00	3.50000e+01
1.09060e-03	1.29641e+00	3.50000e+01
1.49240e-03	1.19769e+00	3.50000e+01
1.89420e-03	1.12752e+00	3.50000e+01
3.08000e-04	1.77876e+00	3.50000e+01
7.39200e-04	1.42963e+00	3.50000e+01
1.17040e-03	1.27353e+00	3.50000e+01
1.60160e-03	1.17648e+00	3.50000e+01
2.03280e-03	1.10750e+00	3.50000e+01
3.28500e-04	1.75053e+00	3.50000e+01
7.88400e-04	1.40669e+00	3.50000e+01
1.24830e-03	1.25299e+00	3.50000e+01
1.70820e-03	1.15744e+00	3.50000e+01
2.16810e-03	1.08954e+00	3.50000e+01
4.00000e-04	1.66686e+00	3.50000e+01
9.60000e-04	1.33874e+00	3.50000e+01
1.52000e-03	1.19215e+00	3.50000e+01
2.08000e-03	1.10107e+00	3.50000e+01
2.64000e-03	1.03635e+00	3.50000e+01
4.00000e-04	1.66686e+00	3.50000e+01
9.60000e-04	1.33874e+00	3.50000e+01
1.52000e-03	1.19215e+00	3.50000e+01
2.08000e-03	1.10107e+00	3.50000e+01
2.64000e-03	1.03635e+00	3.50000e+01
5.00000e-04	1.57664e+00	3.50000e+01
1.20000e-03	1.26553e+00	3.50000e+01
1.90000e-03	1.12665e+00	3.50000e+01
2.60000e-03	1.04038e+00	3.50000e+01
3.30000e-03	9.79093e-01	3.50000e+01
6.50000e-04	1.47648e+00	3.50000e+01
1.56000e-03	1.18434e+00	3.50000e+01
2.47000e-03	1.05404e+00	3.50000e+01
3.38000e-03	9.73131e-01	3.50000e+01
4.29000e-03	9.15670e-01	3.50000e+01
