3.10500e-07	7.55655e-02	4.50000e-02
7.45200e-07	7.05674e-02	4.50000e-02
1.17990e-06	6.79943e-02	4.50000e-02
1.61460e-06	6.62567e-02	4.50000e-02
2.04930e-06	6.49457e-02	4.50000e-02
3.31000e-05	3.00957e-01	3.50000e-01
7.94400e-05	2.68262e-01	3.50000e-01
1.25780e-04	2.51797e-01	3.50000e-01
1.72120e-04	2.40844e-01	3.50000e-01
2.18460e-04	2.32677e-01	3.50000e-01
4.48500e-07	1.05257e-01	6.50000e-02
1.07640e-06	9.80407e-02	6.50000e-02
1.70430e-06	9.43284e-02	6.50000e-02
2.33220e-06	9.18228e-02	6.50000e-02
2.96010e-06	8.99331e-02	6.50000e-02
6.50000e-05	2.75603e-01	3.50000e-01
1.56000e-04	2.44253e-01	3.50000e-01
2.47000e-04	2.28526e-01	3.50000e-01
3.38000e-04	2.18090e-01	3.50000e-01
4.29000e-04	2.10323e-01	3.50000e-01
5.10000e-07	1.04185e-01	6.50000e-02
1.22400e-06	9.69975e-02	6.50000e-02
1.93800e-06	9.32992e-02	6.50000e-02
2.65200e-06	9.08027e-02	6.50000e-02
3.36600e-06	8.89198e-02	6.50000e-02
1.10000e-04	2.56550e-01	3.50000e-01
2.64000e-04	2.26291e-01	3.50000e-01
4.18000e-04	2.11163e-01	3.50000e-01
5.72000e-04	2.01147e-01	3.50000e-01
7.26000e-04	1.93706e-01	3.50000e-01
5.85000e-07	1.33196e-01	8.50000e-02
1.40400e-06	1.23767e-01	8.50000e-02
2.22300e-06	1.18920e-01	8.50000e-02
3.04200e-06	1.15650e-01	8.50000e-02
3.86100e-06	1.13186e-01	8.50000e-02
2.50000e-04	2.28119e-01	3.50000e-01
6.00000e-04	1.99643e-01	3.50000e-01
9.50000e-04	1.85494e-01	3.50000e-01
1.30000e-03	1.76163e-01	3.50000e-01
1.65000e-03	1.69252e-01	3.50000e-01
6.70000e-07	1.31717e-01	8.50000e-02
1.60800e-06	1.22329e-01	8.50000e-02
2.54600e-06	1.17502e-01	8.50000e-02
3.48400e-06	1.14246e-01	8.50000e-02
4.42200e-06	1.11791e-01	8.50000e-02
1.25500e-03	1.77198e-01	3.50000e-01
3.01200e-03	1.52512e-01	3.50000e-01
4.76900e-03	1.40425e-01	3.50000e-01
6.52600e-03	1.32527e-01	3.50000e-01
8.28300e-03	1.26715e-01	3.50000e-01
7.80000e-07	1.30068e-01	8.50000e-02
1.87200e-06	1.20724e-01	8.50000e-02
2.96400e-06	1.15920e-01	8.50000e-02
4.05600e-06	1.12678e-01	8.50000e-02
5.14800e-06	1.10235e-01	8.50000e-02
4.41500e-06	4.25313e-01	4.00000e-01
1.05960e-05	3.83809e-01	4.00000e-01
1.67770e-05	3.62788e-01	4.00000e-01
2.29580e-05	3.48749e-01	4.00000e-01
2.91390e-05	3.38246e-01	4.00000e-01
7.55000e-07	1.66030e-01	1.10000e-01
1.81200e-06	1.53847e-01	1.10000e-01
2.86900e-06	1.47591e-01	1.10000e-01
3.92600e-06	1.43374e-01	1.10000e-01
4.98300e-06	1.40197e-01	1.10000e-01
5.50000e-06	4.14717e-01	4.00000e-01
1.32000e-05	3.73691e-01	4.00000e-01
2.09000e-05	3.52926e-01	4.00000e-01
2.86000e-05	3.39063e-01	4.00000e-01
3.63000e-05	3.28698e-01	4.00000e-01
8.65000e-07	1.64114e-01	1.10000e-01
2.07600e-06	1.51986e-01	1.10000e-01
3.28700e-06	1.45757e-01	1.10000e-01
4.49800e-06	1.41559e-01	1.10000e-01
5.70900e-06	1.38395e-01	1.10000e-01
6.65000e-06	4.05658e-01	4.00000e-01
1.59600e-05	3.65046e-01	4.00000e-01
2.52700e-05	3.44504e-01	4.00000e-01
3.45800e-05	3.30796e-01	4.00000e-01
4.38900e-05	3.20550e-01	4.00000e-01
1.01000e-06	1.61941e-01	1.10000e-01
2.42400e-06	1.49875e-01	1.10000e-01
3.83800e-06	1.43678e-01	1.10000e-01
5.25200e-06	1.39499e-01	1.10000e-01
6.66600e-06	1.36352e-01	1.10000e-01
8.50000e-06	3.94079e-01	4.00000e-01
2.04000e-05	3.54007e-01	4.00000e-01
3.23000e-05	3.33755e-01	4.00000e-01
4.42000e-05	3.20249e-01	4.00000e-01
5.61000e-05	3.10158e-01	4.00000e-01
1.21500e-06	1.59365e-01	1.10000e-01
2.91600e-06	1.47372e-01	1.10000e-01
4.61700e-06	1.41211e-01	1.10000e-01
6.31800e-06	1.37057e-01	1.10000e-01
8.01900e-06	1.33928e-01	1.10000e-01
1.10000e-05	3.82077e-01	4.00000e-01
2.64000e-05	3.42577e-01	4.00000e-01
4.18000e-05	3.22634e-01	4.00000e-01
5.72000e-05	3.09343e-01	4.00000e-01
7.26000e-05	2.99418e-01	4.00000e-01
1.03500e-06	2.14419e-01	1.50000e-01
2.48400e-06	1.97870e-01	1.50000e-01
3.93300e-06	1.89386e-01	1.50000e-01
5.38200e-06	1.83674e-01	1.50000e-01
6.83100e-06	1.79374e-01	1.50000e-01
1.84000e-05	3.58629e-01	4.00000e-01
4.41600e-05	3.20288e-01	4.00000e-01
6.99200e-05	3.00974e-01	4.00000e-01
9.56800e-05	2.88121e-01	4.00000e-01
1.21440e-04	2.78535e-01	4.00000e-01
1.18000e-06	2.11908e-01	1.50000e-01
2.83200e-06	1.95435e-01	1.50000e-01
4.48400e-06	1.86990e-01	1.50000e-01
6.13600e-06	1.81304e-01	1.50000e-01
7.78800e-06	1.77025e-01	1.50000e-01
4.41500e-05	3.20298e-01	4.00000e-01
1.05960e-04	2.83998e-01	4.00000e-01
1.67770e-04	2.65797e-01	4.00000e-01
2.29580e-04	2.53722e-01	4.00000e-01
2.91390e-04	2.44737e-01	4.00000e-01
1.38000e-06	2.08924e-01	1.50000e-01
3.31200e-06	1.92543e-01	1.50000e-01
5.24400e-06	1.84144e-01	1.50000e-01
7.17600e-06	1.78490e-01	1.50000e-01
9.10800e-06	1.74234e-01	1.50000e-01
8.80000e-05	2.91523e-01	4.00000e-01
2.11200e-04	2.56906e-01	4.00000e-01
3.34400e-04	2.39625e-01	4.00000e-01
4.57600e-04	2.28193e-01	4.00000e-01
5.80800e-04	2.19704e-01	4.00000e-01
1.65500e-06	2.05482e-01	1.50000e-01
3.97200e-06	1.89205e-01	1.50000e-01
6.28900e-06	1.80861e-01	1.50000e-01
8.60600e-06	1.75242e-01	1.50000e-01
1.09230e-05	1.71014e-01	1.50000e-01
1.47000e-04	2.70970e-01	4.00000e-01
3.52800e-04	2.37651e-01	4.00000e-01
5.58600e-04	2.21080e-01	4.00000e-01
7.64400e-04	2.10143e-01	4.00000e-01
9.70200e-04	2.02037e-01	4.00000e-01
2.07000e-06	2.01274e-01	1.50000e-01
4.96800e-06	1.85125e-01	1.50000e-01
7.86600e-06	1.76846e-01	1.50000e-01
1.07640e-05	1.71273e-01	1.50000e-01
1.36620e-05	1.67078e-01	1.50000e-01
3.15500e-04	2.41778e-01	4.00000e-01
7.57200e-04	2.10468e-01	4.00000e-01
1.19890e-03	1.94992e-01	4.00000e-01
1.64060e-03	1.84817e-01	4.00000e-01
2.08230e-03	1.77298e-01	4.00000e-01
2.51000e-06	1.97676e-01	1.50000e-01
6.02400e-06	1.81637e-01	1.50000e-01
9.53800e-06	1.73414e-01	1.50000e-01
1.30520e-05	1.67879e-01	1.50000e-01
1.65660e-05	1.63714e-01	1.50000e-01
3.66000e-06	5.17398e-01	5.00000e-01
8.78400e-06	4.65384e-01	5.00000e-01
1.39080e-05	4.39120e-01	5.00000e-01
1.90320e-05	4.21611e-01	5.00000e-01
2.41560e-05	4.08532e-01	5.00000e-01
1.57500e-06	2.66090e-01	2.00000e-01
3.78000e-06	2.44265e-01	2.00000e-01
5.98500e-06	2.33102e-01	2.00000e-01
8.19000e-06	2.25596e-01	2.00000e-01
1.03950e-05	2.19954e-01	2.00000e-01
4.30000e-06	5.07631e-01	5.00000e-01
1.03200e-05	4.56092e-01	5.00000e-01
1.63400e-05	4.30082e-01	5.00000e-01
2.23600e-05	4.12748e-01	5.00000e-01
2.83800e-05	3.99805e-01	5.00000e-01
1.84000e-06	2.62160e-01	2.00000e-01
4.41600e-06	2.40465e-01	2.00000e-01
6.99200e-06	2.29369e-01	2.00000e-01
9.56800e-06	2.21910e-01	2.00000e-01
1.21440e-05	2.16302e-01	2.00000e-01
7.90000e-06	4.71549e-01	5.00000e-01
1.89600e-05	4.21820e-01	5.00000e-01
3.00200e-05	3.96784e-01	5.00000e-01
4.10800e-05	3.80126e-01	5.00000e-01
5.21400e-05	3.67702e-01	5.00000e-01
2.20500e-06	2.57615e-01	2.00000e-01
5.29200e-06	2.36072e-01	2.00000e-01
8.37900e-06	2.25054e-01	2.00000e-01
1.14660e-05	2.17649e-01	2.00000e-01
1.45530e-05	2.12082e-01	2.00000e-01
1.06000e-05	4.54557e-01	5.00000e-01
2.54400e-05	4.05717e-01	5.00000e-01
4.02800e-05	3.81160e-01	5.00000e-01
5.51200e-05	3.64835e-01	5.00000e-01
6.99600e-05	3.52667e-01	5.00000e-01
2.76000e-06	2.52021e-01	2.00000e-01
6.62400e-06	2.30664e-01	2.00000e-01
1.04880e-05	2.19744e-01	2.00000e-01
1.43520e-05	2.12406e-01	2.00000e-01
1.82160e-05	2.06890e-01	2.00000e-01
1.38000e-05	4.39560e-01	5.00000e-01
3.31200e-05	3.91527e-01	5.00000e-01
5.24400e-05	3.67405e-01	5.00000e-01
7.17600e-05	3.51383e-01	5.00000e-01
9.10800e-05	3.39449e-01	5.00000e-01
3.34500e-06	2.47269e-01	2.00000e-01
8.02800e-06	2.26072e-01	2.00000e-01
1.27110e-05	2.15235e-01	2.00000e-01
1.73940e-05	2.07954e-01	2.00000e-01
2.20770e-05	2.02483e-01	2.00000e-01
1.99000e-05	4.19149e-01	5.00000e-01
4.77600e-05	3.72250e-01	5.00000e-01
7.56200e-05	3.48742e-01	5.00000e-01
1.03480e-04	3.33147e-01	5.00000e-01
1.31340e-04	3.21541e-01	5.00000e-01
4.24500e-06	2.41428e-01	2.00000e-01
1.01880e-05	2.20428e-01	2.00000e-01
1.61310e-05	2.09696e-01	2.00000e-01
2.20740e-05	2.02486e-01	2.00000e-01
2.80170e-05	1.97070e-01	2.00000e-01
5.00000e-05	3.69871e-01	5.00000e-01
1.20000e-04	3.25911e-01	5.00000e-01
1.90000e-04	3.03998e-01	5.00000e-01
2.60000e-04	2.89511e-01	5.00000e-01
3.30000e-04	2.78760e-01	5.00000e-01
5.50000e-06	2.35140e-01	2.00000e-01
1.32000e-05	2.14354e-01	2.00000e-01
2.09000e-05	2.03735e-01	2.00000e-01
2.86000e-05	1.96604e-01	2.00000e-01
3.63000e-05	1.91249e-01	2.00000e-01
1.25500e-04	3.23739e-01	5.00000e-01
3.01200e-04	2.82852e-01	5.00000e-01
4.76900e-04	2.62603e-01	5.00000e-01
6.52600e-04	2.49274e-01	5.00000e-01
8.28300e-04	2.39413e-01	5.00000e-01
1.99000e-05	2.04859e-01	2.00000e-01
4.77600e-05	1.85155e-01	2.00000e-01
7.56200e-05	1.75121e-01	2.00000e-01
1.03480e-04	1.68398e-01	2.00000e-01
1.31340e-04	1.63359e-01	2.00000e-01
1.84000e-04	3.05501e-01	5.00000e-01
4.41600e-04	2.65933e-01	5.00000e-01
6.99200e-04	2.46397e-01	5.00000e-01
9.56800e-04	2.33562e-01	5.00000e-01
1.21440e-03	2.24080e-01	5.00000e-01
1.25500e-04	1.64315e-01	2.00000e-01
3.01200e-04	1.46312e-01	2.00000e-01
4.76900e-04	1.37223e-01	2.00000e-01
6.52600e-04	1.31169e-01	2.00000e-01
8.28300e-04	1.26653e-01	2.00000e-01
4.00000e-04	2.70251e-01	5.00000e-01
9.60000e-04	2.33428e-01	5.00000e-01
1.52000e-03	2.15371e-01	5.00000e-01
2.08000e-03	2.03556e-01	5.00000e-01
2.64000e-03	1.94855e-01	5.00000e-01
1.97000e-06	3.15372e-01	2.50000e-01
4.72800e-06	2.88290e-01	2.50000e-01
7.48600e-06	2.74469e-01	2.50000e-01
1.02440e-05	2.65192e-01	2.50000e-01
1.30020e-05	2.58225e-01	2.50000e-01
1.60000e-03	2.13410e-01	5.00000e-01
3.84000e-03	1.81670e-01	5.00000e-01
6.08000e-03	1.66316e-01	5.00000e-01
8.32000e-03	1.56354e-01	5.00000e-01
1.05600e-02	1.49060e-01	5.00000e-01
2.30000e-06	3.10510e-01	2.50000e-01
5.52000e-06	2.83602e-01	2.50000e-01
8.74000e-06	2.69872e-01	2.50000e-01
1.19600e-05	2.60657e-01	2.50000e-01
1.51800e-05	2.53739e-01	2.50000e-01
4.76000e-06	6.11165e-01	6.50000e-01
1.14240e-05	5.45484e-01	6.50000e-01
1.80880e-05	5.12512e-01	6.50000e-01
2.47520e-05	4.90613e-01	6.50000e-01
3.14160e-05	4.74300e-01	6.50000e-01
2.76000e-06	3.04825e-01	2.50000e-01
6.62400e-06	2.78122e-01	2.50000e-01
1.04880e-05	2.64500e-01	2.50000e-01
1.43520e-05	2.55360e-01	2.50000e-01
1.82160e-05	2.48497e-01	2.50000e-01
5.60000e-06	5.98692e-01	6.50000e-01
1.34400e-05	5.33703e-01	6.50000e-01
2.12800e-05	5.01103e-01	6.50000e-01
2.91200e-05	4.79462e-01	6.50000e-01
3.69600e-05	4.63347e-01	6.50000e-01
3.45000e-06	2.97925e-01	2.50000e-01
8.28000e-06	2.71474e-01	2.50000e-01
1.31100e-05	2.57984e-01	2.50000e-01
1.79400e-05	2.48935e-01	2.50000e-01
2.27700e-05	2.42143e-01	2.50000e-01
7.90000e-06	5.72703e-01	6.50000e-01
1.89600e-05	5.09193e-01	6.50000e-01
3.00200e-05	4.77388e-01	6.50000e-01
4.10800e-05	4.56297e-01	6.50000e-01
5.21400e-05	4.40605e-01	6.50000e-01
4.18000e-06	2.92042e-01	2.50000e-01
1.00320e-05	2.65806e-01	2.50000e-01
1.58840e-05	2.52431e-01	2.50000e-01
2.17360e-05	2.43461e-01	2.50000e-01
2.75880e-05	2.36729e-01	2.50000e-01
8.20000e-06	5.69923e-01	6.50000e-01
1.96800e-05	5.06574e-01	6.50000e-01
3.11600e-05	4.74855e-01	6.50000e-01
4.26400e-05	4.53824e-01	6.50000e-01
5.41200e-05	4.38178e-01	6.50000e-01
5.30000e-06	2.84830e-01	2.50000e-01
1.27200e-05	2.58862e-01	2.50000e-01
2.01400e-05	2.45630e-01	2.50000e-01
2.75600e-05	2.36758e-01	2.50000e-01
3.49800e-05	2.30102e-01	2.50000e-01
1.99000e-05	5.05794e-01	6.50000e-01
4.77600e-05	4.46346e-01	6.50000e-01
7.56200e-05	4.16726e-01	6.50000e-01
1.03480e-04	3.97149e-01	6.50000e-01
1.31340e-04	3.82619e-01	6.50000e-01
6.90000e-06	2.76901e-01	2.50000e-01
1.65600e-05	2.51232e-01	2.50000e-01
2.62200e-05	2.38159e-01	2.50000e-01
3.58800e-05	2.29397e-01	2.50000e-01
4.55400e-05	2.22827e-01	2.50000e-01
2.99000e-05	4.77661e-01	6.50000e-01
7.17600e-05	4.20047e-01	6.50000e-01
1.13620e-04	3.91415e-01	6.50000e-01
1.55480e-04	3.72522e-01	6.50000e-01
1.97340e-04	3.58517e-01	6.50000e-01
1.15000e-05	2.61803e-01	2.50000e-01
2.76000e-05	2.36717e-01	2.50000e-01
4.37000e-05	2.23958e-01	2.50000e-01
5.98000e-05	2.15416e-01	2.50000e-01
7.59000e-05	2.09015e-01	2.50000e-01
5.00000e-05	4.43342e-01	6.50000e-01
1.20000e-04	3.88086e-01	6.50000e-01
1.90000e-04	3.60723e-01	6.50000e-01
2.60000e-04	3.42706e-01	6.50000e-01
3.30000e-04	3.29374e-01	6.50000e-01
1.99000e-05	2.45971e-01	2.50000e-01
4.77600e-05	2.21525e-01	2.50000e-01
7.56200e-05	2.09114e-01	2.50000e-01
1.03480e-04	2.00816e-01	2.50000e-01
1.31340e-04	1.94604e-01	2.50000e-01
1.25500e-04	3.85368e-01	6.50000e-01
3.01200e-04	3.34444e-01	6.50000e-01
4.76900e-04	3.09403e-01	6.50000e-01
6.52600e-04	2.92989e-01	6.50000e-01
8.28300e-04	2.80883e-01	6.50000e-01
5.50000e-05	2.17681e-01	2.50000e-01
1.32000e-04	1.94475e-01	2.50000e-01
2.09000e-04	1.82747e-01	2.50000e-01
2.86000e-04	1.74929e-01	2.50000e-01
3.63000e-04	1.69092e-01	2.50000e-01
2.39000e-04	3.47491e-01	6.50000e-01
5.73600e-04	2.99675e-01	6.50000e-01
9.08200e-04	2.76292e-01	6.50000e-01
1.24280e-03	2.61017e-01	6.50000e-01
1.57740e-03	2.49779e-01	6.50000e-01
1.25500e-04	1.95783e-01	2.50000e-01
3.01200e-04	1.73654e-01	2.50000e-01
4.76900e-04	1.62525e-01	2.50000e-01
6.52600e-04	1.55130e-01	2.50000e-01
8.28300e-04	1.49623e-01	2.50000e-01
4.00000e-04	3.18846e-01	6.50000e-01
9.60000e-04	2.73551e-01	6.50000e-01
1.52000e-03	2.51505e-01	6.50000e-01
2.08000e-03	2.37144e-01	6.50000e-01
2.64000e-03	2.26601e-01	6.50000e-01
1.97000e-04	1.84238e-01	2.50000e-01
4.72800e-04	1.62730e-01	2.50000e-01
7.48600e-04	1.51948e-01	2.50000e-01
1.02440e-03	1.44798e-01	2.50000e-01
1.30020e-03	1.39480e-01	2.50000e-01
1.60000e-03	2.49118e-01	6.50000e-01
3.84000e-03	2.10680e-01	6.50000e-01
6.08000e-03	1.92229e-01	6.50000e-01
8.32000e-03	1.80309e-01	6.50000e-01
1.05600e-02	1.71611e-01	6.50000e-01
7.90000e-04	1.50708e-01	2.50000e-01
1.89600e-03	1.31279e-01	2.50000e-01
3.00200e-03	1.21648e-01	2.50000e-01
4.10800e-03	1.15308e-01	2.50000e-01
5.21400e-03	1.10618e-01	2.50000e-01
6.20000e-06	7.16987e-01	8.50000e-01
1.48800e-05	6.34404e-01	8.50000e-01
2.35600e-05	5.93240e-01	8.50000e-01
3.22400e-05	5.66022e-01	8.50000e-01
4.09200e-05	5.45814e-01	8.50000e-01
2.56000e-06	4.05907e-01	3.50000e-01
6.14400e-06	3.68487e-01	3.50000e-01
9.72800e-06	3.49473e-01	3.50000e-01
1.33120e-05	3.36745e-01	3.50000e-01
1.68960e-05	3.27208e-01	3.50000e-01
6.90000e-06	7.06607e-01	8.50000e-01
1.65600e-05	6.24686e-01	8.50000e-01
2.62200e-05	5.83877e-01	8.50000e-01
3.58800e-05	5.56903e-01	8.50000e-01
4.55400e-05	5.36884e-01	8.50000e-01
2.56000e-06	4.05907e-01	3.50000e-01
6.14400e-06	3.68487e-01	3.50000e-01
9.72800e-06	3.49473e-01	3.50000e-01
1.33120e-05	3.36745e-01	3.50000e-01
1.68960e-05	3.27208e-01	3.50000e-01
1.00000e-05	6.71223e-01	8.50000e-01
2.40000e-05	5.91615e-01	8.50000e-01
3.80000e-05	5.52045e-01	8.50000e-01
5.20000e-05	5.25926e-01	8.50000e-01
6.60000e-05	5.06561e-01	8.50000e-01
3.05000e-06	3.98297e-01	3.50000e-01
7.32000e-06	3.61189e-01	3.50000e-01
1.15900e-05	3.42341e-01	3.50000e-01
1.58600e-05	3.29727e-01	3.50000e-01
2.01300e-05	3.20278e-01	3.50000e-01
1.00000e-05	6.71223e-01	8.50000e-01
2.40000e-05	5.91615e-01	8.50000e-01
3.80000e-05	5.52045e-01	8.50000e-01
5.20000e-05	5.25926e-01	8.50000e-01
6.60000e-05	5.06561e-01	8.50000e-01
3.31000e-06	3.94763e-01	3.50000e-01
7.94400e-06	3.57802e-01	3.50000e-01
1.25780e-05	3.39031e-01	3.50000e-01
1.72120e-05	3.26471e-01	3.50000e-01
2.18460e-05	3.17063e-01	3.50000e-01
1.99000e-05	6.08187e-01	8.50000e-01
4.77600e-05	5.32937e-01	8.50000e-01
7.56200e-05	4.95698e-01	8.50000e-01
1.03480e-04	4.71187e-01	8.50000e-01
1.31340e-04	4.53051e-01	8.50000e-01
4.14000e-06	3.85168e-01	3.50000e-01
9.93600e-06	3.48608e-01	3.50000e-01
1.57320e-05	3.30050e-01	3.50000e-01
2.15280e-05	3.17639e-01	3.50000e-01
2.73240e-05	3.08344e-01	3.50000e-01
2.50000e-05	5.88037e-01	8.50000e-01
6.00000e-05	5.14252e-01	8.50000e-01
9.50000e-05	4.77795e-01	8.50000e-01
1.30000e-04	4.53822e-01	8.50000e-01
1.65000e-04	4.36098e-01	8.50000e-01
5.00000e-06	3.77153e-01	3.50000e-01
1.20000e-05	3.40932e-01	3.50000e-01
1.90000e-05	3.22557e-01	3.50000e-01
2.60000e-05	3.10271e-01	3.50000e-01
3.30000e-05	3.01073e-01	3.50000e-01
5.00000e-05	5.29152e-01	8.50000e-01
1.20000e-04	4.59870e-01	8.50000e-01
1.90000e-04	4.25813e-01	8.50000e-01
2.60000e-04	4.03488e-01	8.50000e-01
3.30000e-04	3.87022e-01	8.50000e-01
6.35000e-06	3.67108e-01	3.50000e-01
1.52400e-05	3.31319e-01	3.50000e-01
2.41300e-05	3.13175e-01	3.50000e-01
3.30200e-05	3.01050e-01	3.50000e-01
4.19100e-05	2.91977e-01	3.50000e-01
1.25500e-04	4.56478e-01	8.50000e-01
3.01200e-04	3.93278e-01	8.50000e-01
4.76900e-04	3.62444e-01	8.50000e-01
6.52600e-04	3.42326e-01	8.50000e-01
8.28300e-04	3.27537e-01	8.50000e-01
8.25000e-06	3.56241e-01	3.50000e-01
1.98000e-05	3.20929e-01	3.50000e-01
3.13500e-05	3.03042e-01	3.50000e-01
4.29000e-05	2.91095e-01	3.50000e-01
5.44500e-05	2.82159e-01	3.50000e-01
4.00000e-04	3.74052e-01	8.50000e-01
9.60000e-04	3.18601e-01	8.50000e-01
1.52000e-03	2.91834e-01	8.50000e-01
2.08000e-03	2.74480e-01	8.50000e-01
2.64000e-03	2.61783e-01	8.50000e-01
1.60000e-05	3.29377e-01	3.50000e-01
3.84000e-05	2.95291e-01	3.50000e-01
6.08000e-05	2.78067e-01	3.50000e-01
8.32000e-05	2.66583e-01	3.50000e-01
1.05600e-04	2.58005e-01	3.50000e-01
1.60000e-03	2.88945e-01	8.50000e-01
3.84000e-03	2.42680e-01	8.50000e-01
6.08000e-03	2.20653e-01	8.50000e-01
8.32000e-03	2.06490e-01	8.50000e-01
1.05600e-02	1.96187e-01	8.50000e-01
8.80000e-06	8.63775e-01	1.20000e+00
2.11200e-05	7.54970e-01	1.20000e+00
3.34400e-05	7.01321e-01	1.20000e+00
4.57600e-05	6.66084e-01	1.20000e+00
5.80800e-05	6.40051e-01	1.20000e+00
4.00000e-05	1.08110e+00	2.70000e+00
9.60000e-05	9.10185e-01	2.70000e+00
1.52000e-04	8.29003e-01	2.70000e+00
2.08000e-04	7.76849e-01	2.70000e+00
2.64000e-04	7.38932e-01	2.70000e+00
1.00000e-05	8.47353e-01	1.20000e+00
2.40000e-05	7.39805e-01	1.20000e+00
3.80000e-05	6.86824e-01	1.20000e+00
5.20000e-05	6.52045e-01	1.20000e+00
6.60000e-05	6.26361e-01	1.20000e+00
4.00000e-05	1.08110e+00	2.70000e+00
9.60000e-05	9.10185e-01	2.70000e+00
1.52000e-04	8.29003e-01	2.70000e+00
2.08000e-04	7.76849e-01	2.70000e+00
2.64000e-04	7.38932e-01	2.70000e+00
1.00000e-05	8.47353e-01	1.20000e+00
2.40000e-05	7.39805e-01	1.20000e+00
3.80000e-05	6.86824e-01	1.20000e+00
5.20000e-05	6.52045e-01	1.20000e+00
6.60000e-05	6.26361e-01	1.20000e+00
6.50000e-05	9.83642e-01	2.70000e+00
1.56000e-04	8.24585e-01	2.70000e+00
2.47000e-04	7.49370e-01	2.70000e+00
3.38000e-04	7.01173e-01	2.70000e+00
4.29000e-04	6.66196e-01	2.70000e+00
1.60000e-05	7.88542e-01	1.20000e+00
3.84000e-05	6.85645e-01	1.20000e+00
6.08000e-05	6.35128e-01	1.20000e+00
8.32000e-05	6.02035e-01	1.20000e+00
1.05600e-04	5.77636e-01	1.20000e+00
1.00000e-04	9.02740e-01	2.70000e+00
2.40000e-04	7.53914e-01	2.70000e+00
3.80000e-04	6.83813e-01	2.70000e+00
5.20000e-04	6.38994e-01	2.70000e+00
6.60000e-04	6.06519e-01	2.70000e+00
1.60000e-05	7.88542e-01	1.20000e+00
3.84000e-05	6.85645e-01	1.20000e+00
6.08000e-05	6.35128e-01	1.20000e+00
8.32000e-05	6.02035e-01	1.20000e+00
1.05600e-04	5.77636e-01	1.20000e+00
1.60000e-04	8.20295e-01	2.70000e+00
3.84000e-04	6.82278e-01	2.70000e+00
6.08000e-04	6.17544e-01	2.70000e+00
8.32000e-04	5.76257e-01	2.70000e+00
1.05600e-03	5.46392e-01	2.70000e+00
3.15500e-05	7.07981e-01	1.20000e+00
7.57200e-05	6.11856e-01	1.20000e+00
1.19890e-04	5.64912e-01	1.20000e+00
1.64060e-04	5.34258e-01	1.20000e+00
2.08230e-04	5.11710e-01	1.20000e+00
2.50000e-04	7.47468e-01	2.70000e+00
6.00000e-04	6.19339e-01	2.70000e+00
9.50000e-04	5.59484e-01	2.70000e+00
1.30000e-03	5.21394e-01	2.70000e+00
1.65000e-03	4.93887e-01	2.70000e+00
4.00000e-05	6.81060e-01	1.20000e+00
9.60000e-05	5.87312e-01	1.20000e+00
1.52000e-04	5.41617e-01	1.20000e+00
2.08000e-04	5.11813e-01	1.20000e+00
2.64000e-04	4.89909e-01	1.20000e+00
4.00000e-04	6.76318e-01	2.70000e+00
9.60000e-04	5.58177e-01	2.70000e+00
1.52000e-03	5.03217e-01	2.70000e+00
2.08000e-03	4.68325e-01	2.70000e+00
2.64000e-03	4.43168e-01	2.70000e+00
6.50000e-05	6.27986e-01	1.20000e+00
1.56000e-04	5.39106e-01	1.20000e+00
2.47000e-04	4.95959e-01	1.20000e+00
3.38000e-04	4.67887e-01	1.20000e+00
4.29000e-04	4.47293e-01	1.20000e+00
6.50000e-04	6.08558e-01	2.70000e+00
1.56000e-03	5.00248e-01	2.70000e+00
2.47000e-03	4.50076e-01	2.70000e+00
3.38000e-03	4.18298e-01	2.70000e+00
4.29000e-03	3.95425e-01	2.70000e+00
7.90000e-05	6.07423e-01	1.20000e+00
1.89600e-04	5.20497e-01	1.20000e+00
3.00200e-04	4.78371e-01	1.20000e+00
4.10800e-04	4.50990e-01	1.20000e+00
5.21400e-04	4.30918e-01	1.20000e+00
1.00000e-03	5.53104e-01	2.70000e+00
2.40000e-03	4.53087e-01	2.70000e+00
3.80000e-03	4.06926e-01	2.70000e+00
5.20000e-03	3.77750e-01	2.70000e+00
6.60000e-03	3.56780e-01	2.70000e+00
1.99000e-04	5.15948e-01	1.20000e+00
4.77600e-04	4.38231e-01	1.20000e+00
7.56200e-04	4.00880e-01	1.20000e+00
1.03480e-03	3.76724e-01	1.20000e+00
1.31340e-03	3.59079e-01	1.20000e+00
2.50000e-03	4.48816e-01	2.70000e+00
6.00000e-03	3.65040e-01	2.70000e+00
9.50000e-03	3.26668e-01	2.70000e+00
1.30000e-02	3.02517e-01	2.70000e+00
1.65000e-02	2.85210e-01	2.70000e+00
6.50000e-04	4.12922e-01	1.20000e+00
1.56000e-03	3.46725e-01	1.20000e+00
2.47000e-03	3.15268e-01	1.20000e+00
3.38000e-03	2.95059e-01	1.20000e+00
4.29000e-03	2.80368e-01	1.20000e+00
2.50000e-03	3.14472e-01	1.20000e+00
6.00000e-03	2.60654e-01	1.20000e+00
9.50000e-03	2.35420e-01	1.20000e+00
1.30000e-02	2.19332e-01	1.20000e+00
1.65000e-02	2.07701e-01	1.20000e+00
2.03000e-05	1.41278e+00	3.50000e+00
4.87200e-05	1.18754e+00	3.50000e+00
7.71400e-05	1.08079e+00	3.50000e+00
1.05560e-04	1.01228e+00	3.50000e+00
1.33980e-04	9.62525e-01	3.50000e+00
9.25000e-06	9.91000e-01	1.50000e+00
2.22000e-05	8.60248e-01	1.50000e+00
3.51500e-05	7.96199e-01	1.50000e+00
4.81000e-05	7.54298e-01	1.50000e+00
6.10500e-05	7.23433e-01	1.50000e+00
2.16000e-05	1.39584e+00	3.50000e+00
5.18400e-05	1.17267e+00	3.50000e+00
8.20800e-05	1.06695e+00	3.50000e+00
1.12320e-04	9.99139e-01	3.50000e+00
1.42560e-04	9.49892e-01	3.50000e+00
1.10000e-05	9.64216e-01	1.50000e+00
2.64000e-05	8.35727e-01	1.50000e+00
4.18000e-05	7.72870e-01	1.50000e+00
5.72000e-05	7.31781e-01	1.50000e+00
7.26000e-05	7.01533e-01	1.50000e+00
2.30000e-05	1.37886e+00	3.50000e+00
5.52000e-05	1.15777e+00	3.50000e+00
8.74000e-05	1.05310e+00	3.50000e+00
1.19600e-04	9.85976e-01	3.50000e+00
1.51800e-04	9.37244e-01	3.50000e+00
1.60000e-05	9.07824e-01	1.50000e+00
3.84000e-05	7.84237e-01	1.50000e+00
6.08000e-05	7.23957e-01	1.50000e+00
8.32000e-05	6.84623e-01	1.50000e+00
1.05600e-04	6.55704e-01	1.50000e+00
2.56000e-05	1.35025e+00	3.50000e+00
6.14400e-05	1.13269e+00	3.50000e+00
9.72800e-05	1.02979e+00	3.50000e+00
1.33120e-04	9.63844e-01	3.50000e+00
1.68960e-04	9.15983e-01	3.50000e+00
1.60000e-05	9.07824e-01	1.50000e+00
3.84000e-05	7.84237e-01	1.50000e+00
6.08000e-05	7.23957e-01	1.50000e+00
8.32000e-05	6.84623e-01	1.50000e+00
1.05600e-04	6.55704e-01	1.50000e+00
2.65500e-05	1.34061e+00	3.50000e+00
6.37200e-05	1.12425e+00	3.50000e+00
1.00890e-04	1.02195e+00	3.50000e+00
1.38060e-04	9.56403e-01	3.50000e+00
1.75230e-04	9.08837e-01	3.50000e+00
2.50000e-05	8.43390e-01	1.50000e+00
6.00000e-05	7.25650e-01	1.50000e+00
9.50000e-05	6.68431e-01	1.50000e+00
1.30000e-04	6.31176e-01	1.50000e+00
1.65000e-04	6.03829e-01	1.50000e+00
2.86500e-05	1.32065e+00	3.50000e+00
6.87600e-05	1.10678e+00	3.50000e+00
1.08870e-04	1.00573e+00	3.50000e+00
1.48980e-04	9.41006e-01	3.50000e+00
1.89090e-04	8.94053e-01	3.50000e+00
4.00000e-05	7.78754e-01	1.50000e+00
9.60000e-05	6.67163e-01	1.50000e+00
1.52000e-04	6.13148e-01	1.50000e+00
2.08000e-04	5.78062e-01	1.50000e+00
2.64000e-04	5.52351e-01	1.50000e+00
4.00000e-05	1.23575e+00	3.50000e+00
9.60000e-05	1.03265e+00	3.50000e+00
1.52000e-04	9.36980e-01	3.50000e+00
2.08000e-04	8.75812e-01	3.50000e+00
2.64000e-04	8.31491e-01	3.50000e+00
6.50000e-05	7.15457e-01	1.50000e+00
1.56000e-04	6.10187e-01	1.50000e+00
2.47000e-04	5.59446e-01	1.50000e+00
3.38000e-04	5.26571e-01	1.50000e+00
4.29000e-04	5.02524e-01	1.50000e+00
4.00000e-05	1.23575e+00	3.50000e+00
9.60000e-05	1.03265e+00	3.50000e+00
1.52000e-04	9.36980e-01	3.50000e+00
2.08000e-04	8.75812e-01	3.50000e+00
2.64000e-04	8.31491e-01	3.50000e+00
1.00000e-04	6.62239e-01	1.50000e+00
2.40000e-04	5.62531e-01	1.50000e+00
3.80000e-04	5.14656e-01	1.50000e+00
5.20000e-04	4.83708e-01	1.50000e+00
6.60000e-04	4.61109e-01	1.50000e+00
6.50000e-05	1.11967e+00	3.50000e+00
1.56000e-04	9.31789e-01	3.50000e+00
2.47000e-04	8.43679e-01	3.50000e+00
3.38000e-04	7.87483e-01	3.50000e+00
4.29000e-04	7.46836e-01	3.50000e+00
1.60000e-04	6.07311e-01	1.50000e+00
3.84000e-04	5.13600e-01	1.50000e+00
6.08000e-04	4.68799e-01	1.50000e+00
8.32000e-04	4.39910e-01	1.50000e+00
1.05600e-03	4.18854e-01	1.50000e+00
1.00000e-04	1.02385e+00	3.50000e+00
2.40000e-04	8.48987e-01	3.50000e+00
3.80000e-04	7.67294e-01	3.50000e+00
5.20000e-04	7.15305e-01	3.50000e+00
6.60000e-04	6.77757e-01	3.50000e+00
2.50000e-04	5.58155e-01	1.50000e+00
6.00000e-04	4.70048e-01	1.50000e+00
9.50000e-04	4.28101e-01	1.50000e+00
1.30000e-03	4.01120e-01	1.50000e+00
1.65000e-03	3.81487e-01	1.50000e+00
1.60000e-04	9.26751e-01	3.50000e+00
3.84000e-04	7.65510e-01	3.50000e+00
6.08000e-04	6.90493e-01	3.50000e+00
8.32000e-04	6.42862e-01	3.50000e+00
1.05600e-03	6.08519e-01	3.50000e+00
4.00000e-04	5.09500e-01	1.50000e+00
9.60000e-04	4.27179e-01	1.50000e+00
1.52000e-03	3.88161e-01	1.50000e+00
2.08000e-03	3.63128e-01	1.50000e+00
2.64000e-03	3.44947e-01	1.50000e+00
2.50000e-04	8.41457e-01	3.50000e+00
6.00000e-04	6.92567e-01	3.50000e+00
9.50000e-04	6.23562e-01	3.50000e+00
1.30000e-03	5.79843e-01	3.50000e+00
1.65000e-03	5.48367e-01	3.50000e+00
5.00000e-04	4.87502e-01	1.50000e+00
1.20000e-03	4.07880e-01	1.50000e+00
1.90000e-03	3.70221e-01	1.50000e+00
2.60000e-03	3.46090e-01	1.50000e+00
3.30000e-03	3.28579e-01	1.50000e+00
4.00000e-04	7.58587e-01	3.50000e+00
9.60000e-04	6.22059e-01	3.50000e+00
1.52000e-03	5.59034e-01	3.50000e+00
2.08000e-03	5.19191e-01	3.50000e+00
2.64000e-03	4.90550e-01	3.50000e+00
1.60000e-03	3.83979e-01	1.50000e+00
3.84000e-03	3.17814e-01	1.50000e+00
6.08000e-03	2.86867e-01	1.50000e+00
8.32000e-03	2.67164e-01	1.50000e+00
1.05600e-02	2.52931e-01	1.50000e+00
6.50000e-04	6.80112e-01	3.50000e+00
1.56000e-03	5.55639e-01	3.50000e+00
2.47000e-03	4.98407e-01	3.50000e+00
3.38000e-03	4.62306e-01	3.50000e+00
4.29000e-03	4.36395e-01	3.50000e+00
6.50000e-04	4.62532e-01	1.50000e+00
1.56000e-03	3.86039e-01	1.50000e+00
2.47000e-03	3.49950e-01	1.50000e+00
3.38000e-03	3.26859e-01	1.50000e+00
4.29000e-03	3.10120e-01	1.50000e+00
1.00000e-03	6.16229e-01	3.50000e+00
2.40000e-03	5.01833e-01	3.50000e+00
3.80000e-03	4.49415e-01	3.50000e+00
5.20000e-03	4.16414e-01	3.50000e+00
6.60000e-03	3.92759e-01	3.50000e+00
1.23500e-05	1.12931e+00	2.00000e+00
2.96400e-05	9.69482e-01	2.00000e+00
4.69300e-05	8.92038e-01	2.00000e+00
6.42200e-05	8.41701e-01	2.00000e+00
8.15100e-05	8.04798e-01	2.00000e+00
4.00000e-03	4.43869e-01	3.50000e+00
9.60000e-03	3.57954e-01	3.50000e+00
1.52000e-02	3.18994e-01	3.50000e+00
2.08000e-02	2.94605e-01	3.50000e+00
2.64000e-02	2.77194e-01	3.50000e+00
1.46500e-05	1.09686e+00	2.00000e+00
3.51600e-05	9.40184e-01	2.00000e+00
5.56700e-05	8.64377e-01	2.00000e+00
7.61800e-05	8.15147e-01	2.00000e+00
9.66900e-05	7.79078e-01	2.00000e+00
2.61000e-05	1.52671e+00	4.50000e+00
6.26400e-05	1.27149e+00	4.50000e+00
9.91800e-05	1.15174e+00	4.50000e+00
1.35720e-04	1.07535e+00	4.50000e+00
1.72260e-04	1.02008e+00	4.50000e+00
1.63500e-05	1.07632e+00	2.00000e+00
3.92400e-05	9.21673e-01	2.00000e+00
6.21300e-05	8.46915e-01	2.00000e+00
8.50200e-05	7.98393e-01	2.00000e+00
1.07910e-04	7.62857e-01	2.00000e+00
2.96000e-05	1.48776e+00	4.50000e+00
7.10400e-05	1.23775e+00	4.50000e+00
1.12480e-04	1.12058e+00	4.50000e+00
1.53920e-04	1.04588e+00	4.50000e+00
1.95360e-04	9.91866e-01	4.50000e+00
2.50000e-05	9.99297e-01	2.00000e+00
6.00000e-05	8.52436e-01	2.00000e+00
9.50000e-05	7.81706e-01	2.00000e+00
1.30000e-04	7.35899e-01	2.00000e+00
1.65000e-04	7.02403e-01	2.00000e+00
3.09000e-05	1.47464e+00	4.50000e+00
7.41600e-05	1.22639e+00	4.50000e+00
1.17420e-04	1.11009e+00	4.50000e+00
1.60680e-04	1.03597e+00	4.50000e+00
2.03940e-04	9.82376e-01	4.50000e+00
2.50000e-05	9.99297e-01	2.00000e+00
6.00000e-05	8.52436e-01	2.00000e+00
9.50000e-05	7.81706e-01	2.00000e+00
1.30000e-04	7.35899e-01	2.00000e+00
1.65000e-04	7.02403e-01	2.00000e+00
3.41500e-05	1.44444e+00	4.50000e+00
8.19600e-05	1.20028e+00	4.50000e+00
1.29770e-04	1.08601e+00	4.50000e+00
1.77580e-04	1.01320e+00	4.50000e+00
2.25390e-04	9.60586e-01	4.50000e+00
4.00000e-05	9.18464e-01	2.00000e+00
9.60000e-05	7.80145e-01	2.00000e+00
1.52000e-04	7.13805e-01	2.00000e+00
2.08000e-04	6.70945e-01	2.00000e+00
2.64000e-04	6.39660e-01	2.00000e+00
3.66000e-05	1.42381e+00	4.50000e+00
8.78400e-05	1.18246e+00	4.50000e+00
1.39080e-04	1.06957e+00	4.50000e+00
1.90320e-04	9.97673e-01	4.50000e+00
2.41560e-04	9.45726e-01	4.50000e+00
6.50000e-05	8.39804e-01	2.00000e+00
1.56000e-04	7.10181e-01	2.00000e+00
2.47000e-04	6.48283e-01	2.00000e+00
3.38000e-04	6.08396e-01	2.00000e+00
4.29000e-04	5.79334e-01	2.00000e+00
4.09000e-05	1.39121e+00	4.50000e+00
9.81600e-05	1.15433e+00	4.50000e+00
1.55420e-04	1.04364e+00	4.50000e+00
2.12680e-04	9.73184e-01	4.50000e+00
2.69940e-04	9.22298e-01	4.50000e+00
1.00000e-04	7.74079e-01	2.00000e+00
2.40000e-04	6.52034e-01	2.00000e+00
3.80000e-04	5.93984e-01	2.00000e+00
5.20000e-04	5.56662e-01	2.00000e+00
6.60000e-04	5.29514e-01	2.00000e+00
4.09000e-05	1.39121e+00	4.50000e+00
9.81600e-05	1.15433e+00	4.50000e+00
1.55420e-04	1.04364e+00	4.50000e+00
2.12680e-04	9.73184e-01	4.50000e+00
2.69940e-04	9.22298e-01	4.50000e+00
1.60000e-04	7.06662e-01	2.00000e+00
3.84000e-04	5.92709e-01	2.00000e+00
6.08000e-04	5.38741e-01	2.00000e+00
8.32000e-04	5.04130e-01	2.00000e+00
1.05600e-03	4.78999e-01	2.00000e+00
6.50000e-05	1.26150e+00	4.50000e+00
1.56000e-04	1.04278e+00	4.50000e+00
2.47000e-04	9.40990e-01	4.50000e+00
3.38000e-04	8.76353e-01	4.50000e+00
4.29000e-04	8.29742e-01	4.50000e+00
2.50000e-04	6.46713e-01	2.00000e+00
6.00000e-04	5.40242e-01	2.00000e+00
9.50000e-04	4.90026e-01	2.00000e+00
1.30000e-03	4.57897e-01	2.00000e+00
1.65000e-03	4.34608e-01	2.00000e+00
6.50000e-05	1.26150e+00	4.50000e+00
1.56000e-04	1.04278e+00	4.50000e+00
2.47000e-04	9.40990e-01	4.50000e+00
3.38000e-04	8.76353e-01	4.50000e+00
4.29000e-04	8.29742e-01	4.50000e+00
5.00000e-04	5.61229e-01	2.00000e+00
1.20000e-03	4.65934e-01	2.00000e+00
1.90000e-03	4.21276e-01	2.00000e+00
2.60000e-03	3.92809e-01	2.00000e+00
3.30000e-03	3.72227e-01	2.00000e+00
1.00000e-04	1.14968e+00	4.50000e+00
2.40000e-04	9.47107e-01	4.50000e+00
3.80000e-04	8.53187e-01	4.50000e+00
5.20000e-04	7.93669e-01	4.50000e+00
6.60000e-04	7.50811e-01	4.50000e+00
1.60000e-03	4.37560e-01	2.00000e+00
3.84000e-03	3.59605e-01	2.00000e+00
6.08000e-03	3.23460e-01	2.00000e+00
8.32000e-03	3.00557e-01	2.00000e+00
1.05600e-02	2.84068e-01	2.00000e+00
1.60000e-04	1.03694e+00	4.50000e+00
3.84000e-04	8.51141e-01	4.50000e+00
6.08000e-04	7.65336e-01	4.50000e+00
8.32000e-04	7.11080e-01	4.50000e+00
1.05600e-03	6.72070e-01	4.50000e+00
6.50000e-04	5.31221e-01	2.00000e+00
1.56000e-03	4.40001e-01	2.00000e+00
2.47000e-03	3.97355e-01	2.00000e+00
3.38000e-03	3.70208e-01	2.00000e+00
4.29000e-03	3.50600e-01	2.00000e+00
2.50000e-04	9.38430e-01	4.50000e+00
6.00000e-04	7.67702e-01	4.50000e+00
9.50000e-04	6.89146e-01	4.50000e+00
1.30000e-03	6.39573e-01	4.50000e+00
1.65000e-03	6.03981e-01	4.50000e+00
1.54500e-05	1.29191e+00	2.70000e+00
3.70800e-05	1.09693e+00	2.70000e+00
5.87100e-05	1.00352e+00	2.70000e+00
8.03400e-05	9.43204e-01	2.70000e+00
1.01970e-04	8.99198e-01	2.70000e+00
4.00000e-04	8.43205e-01	4.50000e+00
9.60000e-04	6.87439e-01	4.50000e+00
1.52000e-03	6.16033e-01	4.50000e+00
2.08000e-03	5.71065e-01	4.50000e+00
2.64000e-03	5.38825e-01	4.50000e+00
1.83000e-05	1.25244e+00	2.70000e+00
4.39200e-05	1.06181e+00	2.70000e+00
6.95400e-05	9.70620e-01	2.70000e+00
9.51600e-05	9.11794e-01	2.70000e+00
1.20780e-04	8.68901e-01	2.70000e+00
6.50000e-04	7.53495e-01	4.50000e+00
1.56000e-03	6.12196e-01	4.50000e+00
2.47000e-03	5.47662e-01	4.50000e+00
3.38000e-03	5.07103e-01	4.50000e+00
4.29000e-03	4.78066e-01	4.50000e+00
2.04500e-05	1.22701e+00	2.70000e+00
4.90800e-05	1.03922e+00	2.70000e+00
7.77100e-05	9.49473e-01	2.70000e+00
1.06340e-04	8.91615e-01	2.70000e+00
1.34970e-04	8.49446e-01	2.70000e+00
1.00000e-03	6.80820e-01	4.50000e+00
2.40000e-03	5.51517e-01	4.50000e+00
3.80000e-03	4.92649e-01	4.50000e+00
5.20000e-03	4.55717e-01	4.50000e+00
6.60000e-03	4.29307e-01	4.50000e+00
2.04500e-05	1.22701e+00	2.70000e+00
4.90800e-05	1.03922e+00	2.70000e+00
7.77100e-05	9.49473e-01	2.70000e+00
1.06340e-04	8.91615e-01	2.70000e+00
1.34970e-04	8.49446e-01	2.70000e+00
1.60000e-03	6.08476e-01	4.50000e+00
3.84000e-03	4.91375e-01	4.50000e+00
6.08000e-03	4.38240e-01	4.50000e+00
8.32000e-03	4.04964e-01	4.50000e+00
1.05600e-02	3.81200e-01	4.50000e+00
2.50000e-05	1.18194e+00	2.70000e+00
6.00000e-05	9.99248e-01	2.70000e+00
9.50000e-05	9.12103e-01	2.70000e+00
1.30000e-04	8.55980e-01	2.70000e+00
1.65000e-04	8.15105e-01	2.70000e+00
2.50000e-05	1.18194e+00	2.70000e+00
6.00000e-05	9.99248e-01	2.70000e+00
9.50000e-05	9.12103e-01	2.70000e+00
1.30000e-04	8.55980e-01	2.70000e+00
1.65000e-04	8.15105e-01	2.70000e+00
3.77000e-05	1.67687e+00	6.50000e+00
9.04800e-05	1.37917e+00	6.50000e+00
1.43260e-04	1.24145e+00	6.50000e+00
1.96040e-04	1.15429e+00	6.50000e+00
2.48820e-04	1.09158e+00	6.50000e+00
6.96000e-05	1.86811e+00	1.20000e+01
1.67040e-04	1.50995e+00	1.20000e+01
2.64480e-04	1.34758e+00	1.20000e+01
3.61920e-04	1.24593e+00	1.20000e+01
4.59360e-04	1.17337e+00	1.20000e+01
4.01500e-05	1.65384e+00	6.50000e+00
9.63600e-05	1.35957e+00	6.50000e+00
1.52570e-04	1.22352e+00	6.50000e+00
2.08780e-04	1.13744e+00	6.50000e+00
2.64990e-04	1.07552e+00	6.50000e+00
8.05000e-05	1.80385e+00	1.20000e+01
1.93200e-04	1.45674e+00	1.20000e+01
3.05900e-04	1.29953e+00	1.20000e+01
4.18600e-04	1.20118e+00	1.20000e+01
5.31300e-04	1.13098e+00	1.20000e+01
4.27500e-05	1.63114e+00	6.50000e+00
1.02600e-04	1.34028e+00	6.50000e+00
1.62450e-04	1.20587e+00	6.50000e+00
2.22300e-04	1.12085e+00	6.50000e+00
2.82150e-04	1.05971e+00	6.50000e+00
8.05000e-05	1.80385e+00	1.20000e+01
1.93200e-04	1.45674e+00	1.20000e+01
3.05900e-04	1.29953e+00	1.20000e+01
4.18600e-04	1.20118e+00	1.20000e+01
5.31300e-04	1.13098e+00	1.20000e+01
4.76000e-05	1.59285e+00	6.50000e+00
1.14240e-04	1.30777e+00	6.50000e+00
1.80880e-04	1.17614e+00	6.50000e+00
2.47520e-04	1.09293e+00	6.50000e+00
3.14160e-04	1.03311e+00	6.50000e+00
9.10000e-05	1.75121e+00	1.20000e+01
2.18400e-04	1.41322e+00	1.20000e+01
3.45800e-04	1.26026e+00	1.20000e+01
4.73200e-04	1.16460e+00	1.20000e+01
6.00600e-04	1.09635e+00	1.20000e+01
4.93000e-05	1.58051e+00	6.50000e+00
1.18320e-04	1.29729e+00	6.50000e+00
1.87340e-04	1.16657e+00	6.50000e+00
2.56360e-04	1.08394e+00	6.50000e+00
3.25380e-04	1.02454e+00	6.50000e+00
1.00000e-04	1.71165e+00	1.20000e+01
2.40000e-04	1.38053e+00	1.20000e+01
3.80000e-04	1.23077e+00	1.20000e+01
5.20000e-04	1.13716e+00	1.20000e+01
6.60000e-04	1.07038e+00	1.20000e+01
4.93000e-05	1.58051e+00	6.50000e+00
1.18320e-04	1.29729e+00	6.50000e+00
1.87340e-04	1.16657e+00	6.50000e+00
2.56360e-04	1.08394e+00	6.50000e+00
3.25380e-04	1.02454e+00	6.50000e+00
1.00000e-04	1.71165e+00	1.20000e+01
2.40000e-04	1.38053e+00	1.20000e+01
3.80000e-04	1.23077e+00	1.20000e+01
5.20000e-04	1.13716e+00	1.20000e+01
6.60000e-04	1.07038e+00	1.20000e+01
6.50000e-05	1.48602e+00	6.50000e+00
1.56000e-04	1.21724e+00	6.50000e+00
2.47000e-04	1.09347e+00	6.50000e+00
3.38000e-04	1.01533e+00	6.50000e+00
4.29000e-04	9.59212e-01	6.50000e+00
1.60000e-04	1.52603e+00	1.20000e+01
3.84000e-04	1.22754e+00	1.20000e+01
6.08000e-04	1.09295e+00	1.20000e+01
8.32000e-04	1.00895e+00	1.20000e+01
1.05600e-03	9.49088e-01	1.20000e+01
6.50000e-05	1.48602e+00	6.50000e+00
1.56000e-04	1.21724e+00	6.50000e+00
2.47000e-04	1.09347e+00	6.50000e+00
3.38000e-04	1.01533e+00	6.50000e+00
4.29000e-04	9.59212e-01	6.50000e+00
1.60000e-04	1.52603e+00	1.20000e+01
3.84000e-04	1.22754e+00	1.20000e+01
6.08000e-04	1.09295e+00	1.20000e+01
8.32000e-04	1.00895e+00	1.20000e+01
1.05600e-03	9.49088e-01	1.20000e+01
1.00000e-04	1.34814e+00	6.50000e+00
2.40000e-04	1.10088e+00	6.50000e+00
3.80000e-04	9.87414e-01	6.50000e+00
5.20000e-04	9.15916e-01	6.50000e+00
6.60000e-04	8.64634e-01	6.50000e+00
2.50000e-04	1.36659e+00	1.20000e+01
6.00000e-04	1.09663e+00	1.20000e+01
9.50000e-04	9.75233e-01	1.20000e+01
1.30000e-03	8.99571e-01	1.20000e+01
1.65000e-03	8.45710e-01	1.20000e+01
1.00000e-04	1.34814e+00	6.50000e+00
2.40000e-04	1.10088e+00	6.50000e+00
3.80000e-04	9.87414e-01	6.50000e+00
5.20000e-04	9.15916e-01	6.50000e+00
6.60000e-04	8.64634e-01	6.50000e+00
4.00000e-04	1.21500e+00	1.20000e+01
9.60000e-04	9.72616e-01	1.20000e+01
1.52000e-03	8.63906e-01	1.20000e+01
2.08000e-03	7.96249e-01	1.20000e+01
2.64000e-03	7.48134e-01	1.20000e+01
1.60000e-04	1.21012e+00	6.50000e+00
3.84000e-04	9.84951e-01	6.50000e+00
6.08000e-04	8.81995e-01	6.50000e+00
8.32000e-04	8.17249e-01	6.50000e+00
1.05600e-03	7.70873e-01	6.50000e+00
6.50000e-04	1.07454e+00	1.20000e+01
1.56000e-03	8.58108e-01	1.20000e+01
2.47000e-03	7.61289e-01	1.20000e+01
3.38000e-03	7.01116e-01	1.20000e+01
4.29000e-03	6.58364e-01	1.20000e+01
2.50000e-04	1.09037e+00	6.50000e+00
6.00000e-04	8.84826e-01	6.50000e+00
9.50000e-04	7.91155e-01	6.50000e+00
1.30000e-03	7.32354e-01	6.50000e+00
1.65000e-03	6.90289e-01	6.50000e+00
1.00000e-03	9.62474e-01	1.20000e+01
2.40000e-03	7.67037e-01	1.20000e+01
3.80000e-03	6.79801e-01	1.20000e+01
5.20000e-03	6.25647e-01	1.20000e+01
6.60000e-03	5.87201e-01	1.20000e+01
4.00000e-04	9.75401e-01	6.50000e+00
9.60000e-04	7.89126e-01	6.50000e+00
1.52000e-03	7.04519e-01	6.50000e+00
2.08000e-03	6.51504e-01	6.50000e+00
2.64000e-03	6.13625e-01	6.50000e+00
1.60000e-03	8.52491e-01	1.20000e+01
3.84000e-03	6.77925e-01	1.20000e+01
6.08000e-03	6.00179e-01	1.20000e+01
8.32000e-03	5.51975e-01	1.20000e+01
1.05600e-02	5.17782e-01	1.20000e+01
6.50000e-04	8.67841e-01	6.50000e+00
1.56000e-03	6.99987e-01	6.50000e+00
2.47000e-03	6.23996e-01	6.50000e+00
3.38000e-03	5.76464e-01	6.50000e+00
4.29000e-03	5.42545e-01	6.50000e+00
2.50000e-03	7.58887e-01	1.20000e+01
6.00000e-03	6.02299e-01	1.20000e+01
9.50000e-03	5.32701e-01	1.20000e+01
1.30000e-02	4.89597e-01	1.20000e+01
1.65000e-02	4.59043e-01	1.20000e+01
1.00000e-03	7.81262e-01	6.50000e+00
2.40000e-03	6.28524e-01	6.50000e+00
3.80000e-03	5.59569e-01	6.50000e+00
5.20000e-03	5.16503e-01	6.50000e+00
6.60000e-03	4.85802e-01	6.50000e+00
1.60000e-03	6.95594e-01	6.50000e+00
3.84000e-03	5.58080e-01	6.50000e+00
6.08000e-03	4.96177e-01	6.50000e+00
8.32000e-03	4.57577e-01	6.50000e+00
1.05600e-02	4.30090e-01	6.50000e+00
8.70000e-05	1.91659e+00	1.50000e+01
2.08800e-04	1.54112e+00	1.50000e+01
3.30600e-04	1.37192e+00	1.50000e+01
4.52400e-04	1.26636e+00	1.50000e+01
5.74200e-04	1.19115e+00	1.50000e+01
2.50000e-03	6.22103e-01	6.50000e+00
6.00000e-03	4.97871e-01	6.50000e+00
9.50000e-03	4.42094e-01	6.50000e+00
1.30000e-02	4.07363e-01	6.50000e+00
1.65000e-02	3.82656e-01	6.50000e+00
1.00000e-04	1.85185e+00	1.50000e+01
2.40000e-04	1.48794e+00	1.50000e+01
3.80000e-04	1.32410e+00	1.50000e+01
5.20000e-04	1.22192e+00	1.50000e+01
6.60000e-04	1.14915e+00	1.50000e+01
1.00000e-04	1.85185e+00	1.50000e+01
2.40000e-04	1.48794e+00	1.50000e+01
3.80000e-04	1.32410e+00	1.50000e+01
5.20000e-04	1.22192e+00	1.50000e+01
6.60000e-04	1.14915e+00	1.50000e+01
1.14000e-04	1.79273e+00	1.50000e+01
2.73600e-04	1.43944e+00	1.50000e+01
4.33200e-04	1.28049e+00	1.50000e+01
5.92800e-04	1.18141e+00	1.50000e+01
7.52400e-04	1.11087e+00	1.50000e+01
4.93000e-05	1.77058e+00	8.50000e+00
1.18320e-04	1.44437e+00	8.50000e+00
1.87340e-04	1.29489e+00	8.50000e+00
2.56360e-04	1.20077e+00	8.50000e+00
3.25380e-04	1.13330e+00	8.50000e+00
1.23000e-04	1.75923e+00	1.50000e+01
2.95200e-04	1.41197e+00	1.50000e+01
4.67400e-04	1.25582e+00	1.50000e+01
6.39600e-04	1.15850e+00	1.50000e+01
8.11800e-04	1.08922e+00	1.50000e+01
5.25000e-05	1.74522e+00	8.50000e+00
1.26000e-04	1.42307e+00	8.50000e+00
1.99500e-04	1.27551e+00	8.50000e+00
2.73000e-04	1.18263e+00	8.50000e+00
3.46500e-04	1.11607e+00	8.50000e+00
1.60000e-04	1.64758e+00	1.50000e+01
3.84000e-04	1.32056e+00	1.50000e+01
6.08000e-04	1.17373e+00	1.50000e+01
8.32000e-04	1.08230e+00	1.50000e+01
1.05600e-03	1.01725e+00	1.50000e+01
5.60000e-05	1.71952e+00	8.50000e+00
1.34400e-04	1.40149e+00	8.50000e+00
2.12800e-04	1.25590e+00	8.50000e+00
2.91200e-04	1.16428e+00	8.50000e+00
3.69600e-04	1.09862e+00	8.50000e+00
1.60000e-04	1.64758e+00	1.50000e+01
3.84000e-04	1.32056e+00	1.50000e+01
6.08000e-04	1.17373e+00	1.50000e+01
8.32000e-04	1.08230e+00	1.50000e+01
1.05600e-03	1.01725e+00	1.50000e+01
6.20000e-05	1.67965e+00	8.50000e+00
1.48800e-04	1.36804e+00	8.50000e+00
2.35600e-04	1.22550e+00	8.50000e+00
3.22400e-04	1.13584e+00	8.50000e+00
4.09200e-04	1.07161e+00	8.50000e+00
2.50000e-04	1.47267e+00	1.50000e+01
6.00000e-04	1.17775e+00	1.50000e+01
9.50000e-04	1.04565e+00	1.50000e+01
1.30000e-03	9.63500e-01	1.50000e+01
1.65000e-03	9.05105e-01	1.50000e+01
6.45000e-05	1.66437e+00	8.50000e+00
1.54800e-04	1.35523e+00	8.50000e+00
2.45100e-04	1.21387e+00	8.50000e+00
3.35400e-04	1.12496e+00	8.50000e+00
4.25700e-04	1.06127e+00	8.50000e+00
4.00000e-04	1.30687e+00	1.50000e+01
9.60000e-04	1.04281e+00	1.50000e+01
1.52000e-03	9.24824e-01	1.50000e+01
2.08000e-03	8.51546e-01	1.50000e+01
2.64000e-03	7.99504e-01	1.50000e+01
6.95000e-05	1.63584e+00	8.50000e+00
1.66800e-04	1.33133e+00	8.50000e+00
2.64100e-04	1.19216e+00	8.50000e+00
3.61400e-04	1.10466e+00	8.50000e+00
4.58700e-04	1.04200e+00	8.50000e+00
6.50000e-04	1.15368e+00	1.50000e+01
1.56000e-03	9.18540e-01	1.50000e+01
2.47000e-03	8.13727e-01	1.50000e+01
3.38000e-03	7.48710e-01	1.50000e+01
4.29000e-03	7.02575e-01	1.50000e+01
6.95000e-05	1.63584e+00	8.50000e+00
1.66800e-04	1.33133e+00	8.50000e+00
2.64100e-04	1.19216e+00	8.50000e+00
3.61400e-04	1.10466e+00	8.50000e+00
4.58700e-04	1.04200e+00	8.50000e+00
1.00000e-03	1.03179e+00	1.50000e+01
2.40000e-03	8.19943e-01	1.50000e+01
3.80000e-03	7.25702e-01	1.50000e+01
5.20000e-03	6.67305e-01	1.50000e+01
6.60000e-03	6.25897e-01	1.50000e+01
1.00000e-04	1.50271e+00	8.50000e+00
2.40000e-04	1.22004e+00	8.50000e+00
3.80000e-04	1.09120e+00	8.50000e+00
5.20000e-04	1.01032e+00	8.50000e+00
6.60000e-04	9.52450e-01	8.50000e+00
1.60000e-03	9.12453e-01	1.50000e+01
3.84000e-03	7.23678e-01	1.50000e+01
6.08000e-03	6.39870e-01	1.50000e+01
8.32000e-03	5.87995e-01	1.50000e+01
1.05600e-02	5.51240e-01	1.50000e+01
1.00000e-04	1.50271e+00	8.50000e+00
2.40000e-04	1.22004e+00	8.50000e+00
3.80000e-04	1.09120e+00	8.50000e+00
5.20000e-04	1.01032e+00	8.50000e+00
6.60000e-04	9.52450e-01	8.50000e+00
2.50000e-03	8.11130e-01	1.50000e+01
6.00000e-03	6.42153e-01	1.50000e+01
9.50000e-03	5.67273e-01	1.50000e+01
1.30000e-02	5.20969e-01	1.50000e+01
1.65000e-02	4.88184e-01	1.50000e+01
1.60000e-04	1.34461e+00	8.50000e+00
3.84000e-04	1.08841e+00	8.50000e+00
6.08000e-04	9.72025e-01	8.50000e+00
8.32000e-04	8.99094e-01	8.50000e+00
1.05600e-03	8.46983e-01	8.50000e+00
4.00000e-03	7.15836e-01	1.50000e+01
9.60000e-03	5.65666e-01	1.50000e+01
1.52000e-02	4.99243e-01	1.50000e+01
2.08000e-02	4.58210e-01	1.50000e+01
2.64000e-02	4.29176e-01	1.50000e+01
2.50000e-04	1.20808e+00	8.50000e+00
6.00000e-04	9.75218e-01	8.50000e+00
9.50000e-04	8.69759e-01	8.50000e+00
1.30000e-03	8.03782e-01	8.50000e+00
1.65000e-03	7.56693e-01	8.50000e+00
4.00000e-04	1.07759e+00	8.50000e+00
9.60000e-04	8.67480e-01	8.50000e+00
1.52000e-03	7.72612e-01	8.50000e+00
2.08000e-03	7.13358e-01	8.50000e+00
2.64000e-03	6.71114e-01	8.50000e+00
1.04500e-04	1.94709e+00	1.80000e+01
2.50800e-04	1.55968e+00	1.80000e+01
3.97100e-04	1.38588e+00	1.80000e+01
5.43400e-04	1.27770e+00	1.80000e+01
6.89700e-04	1.20076e+00	1.80000e+01
6.50000e-04	9.56065e-01	8.50000e+00
1.56000e-03	7.67541e-01	8.50000e+00
2.47000e-03	6.82672e-01	8.50000e+00
3.38000e-03	6.29748e-01	8.50000e+00
4.29000e-03	5.92059e-01	8.50000e+00
1.18500e-04	1.88654e+00	1.80000e+01
2.84400e-04	1.51024e+00	1.80000e+01
4.50300e-04	1.34154e+00	1.80000e+01
6.16200e-04	1.23657e+00	1.80000e+01
7.82100e-04	1.16194e+00	1.80000e+01
1.00000e-03	8.58647e-01	8.50000e+00
2.40000e-03	6.87721e-01	8.50000e+00
3.80000e-03	6.10967e-01	8.50000e+00
5.20000e-03	5.63168e-01	8.50000e+00
6.60000e-03	5.29160e-01	8.50000e+00
1.34000e-04	1.82900e+00	1.80000e+01
3.21600e-04	1.46329e+00	1.80000e+01
5.09200e-04	1.29945e+00	1.80000e+01
6.96800e-04	1.19755e+00	1.80000e+01
8.84400e-04	1.12511e+00	1.80000e+01
1.60000e-03	7.62627e-01	8.50000e+00
3.84000e-03	6.09313e-01	8.50000e+00
6.08000e-03	5.40647e-01	8.50000e+00
8.32000e-03	4.97944e-01	8.50000e+00
1.05600e-02	4.67591e-01	8.50000e+00
1.34000e-04	1.82900e+00	1.80000e+01
3.21600e-04	1.46329e+00	1.80000e+01
5.09200e-04	1.29945e+00	1.80000e+01
6.96800e-04	1.19755e+00	1.80000e+01
8.84400e-04	1.12511e+00	1.80000e+01
2.50000e-03	6.80562e-01	8.50000e+00
6.00000e-03	5.42522e-01	8.50000e+00
9.50000e-03	4.80841e-01	8.50000e+00
1.30000e-02	4.42532e-01	8.50000e+00
1.65000e-02	4.15326e-01	8.50000e+00
1.64000e-04	1.73789e+00	1.80000e+01
3.93600e-04	1.38905e+00	1.80000e+01
6.23200e-04	1.23294e+00	1.80000e+01
8.52800e-04	1.13589e+00	1.80000e+01
1.08240e-03	1.06693e+00	1.80000e+01
1.64000e-04	1.73789e+00	1.80000e+01
3.93600e-04	1.38905e+00	1.80000e+01
6.23200e-04	1.23294e+00	1.80000e+01
8.52800e-04	1.13589e+00	1.80000e+01
1.08240e-03	1.06693e+00	1.80000e+01
6.50000e-05	1.77183e+00	1.00000e+01
1.56000e-04	1.43780e+00	1.00000e+01
2.47000e-04	1.28566e+00	1.00000e+01
3.38000e-04	1.19019e+00	1.00000e+01
4.29000e-04	1.12191e+00	1.00000e+01
2.50000e-04	1.56095e+00	1.80000e+01
6.00000e-04	1.24518e+00	1.80000e+01
9.50000e-04	1.10418e+00	1.80000e+01
1.30000e-03	1.01662e+00	1.80000e+01
1.65000e-03	9.54455e-01	1.80000e+01
1.00000e-04	1.59988e+00	1.00000e+01
2.40000e-04	1.29475e+00	1.00000e+01
3.80000e-04	1.15620e+00	1.00000e+01
5.20000e-04	1.06939e+00	1.00000e+01
6.60000e-04	1.00738e+00	1.00000e+01
2.50000e-04	1.56095e+00	1.80000e+01
6.00000e-04	1.24518e+00	1.80000e+01
9.50000e-04	1.10418e+00	1.80000e+01
1.30000e-03	1.01662e+00	1.80000e+01
1.65000e-03	9.54455e-01	1.80000e+01
1.60000e-04	1.42903e+00	1.00000e+01
3.84000e-04	1.15320e+00	1.00000e+01
6.08000e-04	1.02835e+00	1.00000e+01
8.32000e-04	9.50274e-01	1.00000e+01
1.05600e-03	8.94559e-01	1.00000e+01
4.00000e-04	1.38327e+00	1.80000e+01
9.60000e-04	1.10114e+00	1.80000e+01
1.52000e-03	9.75441e-01	1.80000e+01
2.08000e-03	8.97486e-01	1.80000e+01
2.64000e-03	8.42179e-01	1.80000e+01
2.50000e-04	1.28187e+00	1.00000e+01
6.00000e-04	1.03177e+00	1.00000e+01
9.50000e-04	9.18903e-01	1.00000e+01
1.30000e-03	8.48420e-01	1.00000e+01
1.65000e-03	7.98178e-01	1.00000e+01
6.50000e-04	1.21948e+00	1.80000e+01
1.56000e-03	9.68752e-01	1.80000e+01
2.47000e-03	8.57289e-01	1.80000e+01
3.38000e-03	7.88244e-01	1.80000e+01
4.29000e-03	7.39298e-01	1.80000e+01
4.00000e-04	1.14158e+00	1.00000e+01
9.60000e-04	9.16467e-01	1.00000e+01
1.52000e-03	8.15157e-01	1.00000e+01
2.08000e-03	7.51991e-01	1.00000e+01
2.64000e-03	7.07013e-01	1.00000e+01
1.00000e-03	1.08939e+00	1.80000e+01
2.40000e-03	8.63894e-01	1.80000e+01
3.80000e-03	7.63829e-01	1.80000e+01
5.20000e-03	7.01905e-01	1.80000e+01
6.60000e-03	6.58036e-01	1.80000e+01
6.50000e-04	1.01126e+00	1.00000e+01
1.56000e-03	8.09748e-01	1.00000e+01
2.47000e-03	7.19315e-01	1.00000e+01
3.38000e-03	6.63016e-01	1.00000e+01
4.29000e-03	6.22968e-01	1.00000e+01
1.60000e-03	9.62274e-01	1.80000e+01
3.84000e-03	7.61681e-01	1.80000e+01
6.08000e-03	6.72836e-01	1.80000e+01
8.32000e-03	6.17911e-01	1.80000e+01
1.05600e-02	5.79027e-01	1.80000e+01
1.00000e-03	9.07024e-01	1.00000e+01
2.40000e-03	7.24690e-01	1.00000e+01
3.80000e-03	6.43054e-01	1.00000e+01
5.20000e-03	5.92294e-01	1.00000e+01
6.60000e-03	5.56218e-01	1.00000e+01
2.50000e-03	8.54530e-01	1.80000e+01
6.00000e-03	6.75254e-01	1.80000e+01
9.50000e-03	5.95985e-01	1.80000e+01
1.30000e-02	5.47024e-01	1.80000e+01
1.65000e-02	5.12385e-01	1.80000e+01
2.50000e-03	7.17070e-01	1.00000e+01
6.00000e-03	5.70389e-01	1.00000e+01
9.50000e-03	5.05019e-01	1.00000e+01
1.30000e-02	4.64475e-01	1.00000e+01
1.65000e-02	4.35708e-01	1.00000e+01
4.00000e-03	7.53362e-01	1.80000e+01
9.60000e-03	5.94285e-01	1.80000e+01
1.52000e-02	5.24067e-01	1.80000e+01
2.08000e-02	4.80737e-01	1.80000e+01
2.64000e-02	4.50100e-01	1.80000e+01
1.45000e-04	1.90935e+00	2.20000e+01
3.48000e-04	1.52281e+00	2.20000e+01
5.51000e-04	1.35027e+00	2.20000e+01
7.54000e-04	1.24316e+00	2.20000e+01
9.57000e-04	1.16712e+00	2.20000e+01
1.00000e-03	1.30428e+00	3.50000e+01
2.40000e-03	1.02777e+00	3.50000e+01
3.80000e-03	9.05965e-01	3.50000e+01
5.20000e-03	8.30885e-01	3.50000e+01
6.60000e-03	7.77837e-01	3.50000e+01
1.60000e-04	1.86177e+00	2.20000e+01
3.84000e-04	1.48421e+00	2.20000e+01
6.08000e-04	1.31576e+00	2.20000e+01
8.32000e-04	1.21122e+00	2.20000e+01
1.05600e-03	1.13702e+00	2.20000e+01
1.60000e-03	1.14807e+00	3.50000e+01
3.84000e-03	9.03357e-01	3.50000e+01
6.08000e-03	7.95720e-01	3.50000e+01
8.32000e-03	7.29422e-01	3.50000e+01
1.05600e-02	6.82604e-01	3.50000e+01
1.72500e-04	1.82614e+00	2.20000e+01
4.14000e-04	1.45533e+00	2.20000e+01
6.55500e-04	1.28995e+00	2.20000e+01
8.97000e-04	1.18733e+00	2.20000e+01
1.13850e-03	1.11450e+00	2.20000e+01
2.50000e-03	1.01634e+00	3.50000e+01
6.00000e-03	7.98643e-01	3.50000e+01
9.50000e-03	7.03009e-01	3.50000e+01
1.30000e-02	6.44145e-01	3.50000e+01
1.65000e-02	6.02597e-01	3.50000e+01
1.94000e-04	1.77177e+00	2.20000e+01
4.65600e-04	1.41127e+00	2.20000e+01
7.37200e-04	1.25059e+00	2.20000e+01
1.00880e-03	1.15091e+00	2.20000e+01
1.28040e-03	1.08018e+00	2.20000e+01
4.00000e-03	8.93258e-01	3.50000e+01
9.60000e-03	7.00964e-01	3.50000e+01
1.52000e-02	6.16600e-01	3.50000e+01
2.08000e-02	5.64709e-01	3.50000e+01
2.64000e-02	5.28100e-01	3.50000e+01
2.50000e-04	1.65943e+00	2.20000e+01
6.00000e-04	1.32036e+00	2.20000e+01
9.50000e-04	1.16940e+00	2.20000e+01
1.30000e-03	1.07582e+00	2.20000e+01
1.65000e-03	1.00944e+00	2.20000e+01
2.50000e-04	1.65943e+00	2.20000e+01
6.00000e-04	1.32036e+00	2.20000e+01
9.50000e-04	1.16940e+00	2.20000e+01
1.30000e-03	1.07582e+00	2.20000e+01
1.65000e-03	1.00944e+00	2.20000e+01
2.96000e-04	1.58830e+00	2.20000e+01
7.10400e-04	1.26287e+00	2.20000e+01
1.12480e-03	1.11810e+00	2.20000e+01
1.53920e-03	1.02838e+00	2.20000e+01
1.95360e-03	9.64771e-01	2.20000e+01
4.00000e-04	1.46847e+00	2.20000e+01
9.60000e-04	1.16615e+00	2.20000e+01
1.52000e-03	1.03184e+00	2.20000e+01
2.08000e-03	9.48669e-01	2.20000e+01
2.64000e-03	8.89722e-01	2.20000e+01
6.50000e-04	1.29282e+00	2.20000e+01
1.56000e-03	1.02470e+00	2.20000e+01
2.47000e-03	9.05822e-01	2.20000e+01
3.38000e-03	8.32286e-01	2.20000e+01
4.29000e-03	7.80206e-01	2.20000e+01
2.95000e-04	1.92976e+00	4.50000e+01
7.08000e-04	1.52332e+00	4.50000e+01
1.12100e-03	1.34402e+00	4.50000e+01
1.53400e-03	1.23341e+00	4.50000e+01
1.94700e-03	1.15521e+00	4.50000e+01
1.00000e-03	1.15359e+00	2.20000e+01
2.40000e-03	9.12860e-01	2.20000e+01
3.80000e-03	8.06303e-01	2.20000e+01
5.20000e-03	7.40448e-01	2.20000e+01
6.60000e-03	6.93837e-01	2.20000e+01
3.17000e-04	1.89283e+00	4.50000e+01
7.60800e-04	1.49383e+00	4.50000e+01
1.20460e-03	1.31785e+00	4.50000e+01
1.64840e-03	1.20930e+00	4.50000e+01
2.09220e-03	1.13256e+00	4.50000e+01
1.60000e-03	1.01779e+00	2.20000e+01
3.84000e-03	8.04018e-01	2.20000e+01
6.08000e-03	7.09558e-01	2.20000e+01
8.32000e-03	6.51234e-01	2.20000e+01
1.05600e-02	6.09979e-01	2.20000e+01
3.50000e-04	1.84307e+00	4.50000e+01
8.40000e-04	1.45410e+00	4.50000e+01
1.33000e-03	1.28261e+00	4.50000e+01
1.82000e-03	1.17684e+00	4.50000e+01
2.31000e-03	1.10208e+00	4.50000e+01
2.50000e-03	9.02881e-01	2.20000e+01
6.00000e-03	7.12127e-01	2.20000e+01
9.50000e-03	6.27968e-01	2.20000e+01
1.30000e-02	5.76048e-01	2.20000e+01
1.65000e-02	5.39344e-01	2.20000e+01
4.00000e-04	1.77795e+00	4.50000e+01
9.60000e-04	1.40214e+00	4.50000e+01
1.52000e-03	1.23651e+00	4.50000e+01
2.08000e-03	1.13439e+00	4.50000e+01
2.64000e-03	1.06222e+00	4.50000e+01
4.00000e-03	7.95167e-01	2.20000e+01
9.60000e-03	6.26165e-01	2.20000e+01
1.52000e-02	5.51719e-01	2.20000e+01
2.08000e-02	5.05830e-01	2.20000e+01
2.64000e-02	4.73409e-01	2.20000e+01
4.00000e-04	1.77795e+00	4.50000e+01
9.60000e-04	1.40214e+00	4.50000e+01
1.52000e-03	1.23651e+00	4.50000e+01
2.08000e-03	1.13439e+00	4.50000e+01
2.64000e-03	1.06222e+00	4.50000e+01
4.60000e-04	1.71212e+00	4.50000e+01
1.10400e-03	1.34964e+00	4.50000e+01
1.74800e-03	1.18997e+00	4.50000e+01
2.39200e-03	1.09153e+00	4.50000e+01
3.03600e-03	1.02198e+00	4.50000e+01
5.50000e-04	1.63133e+00	4.50000e+01
1.32000e-03	1.28526e+00	4.50000e+01
2.09000e-03	1.13289e+00	4.50000e+01
2.86000e-03	1.03899e+00	4.50000e+01
3.63000e-03	9.72659e-01	4.50000e+01
1.57000e-04	1.98809e+00	2.70000e+01
3.76800e-04	1.58105e+00	2.70000e+01
5.96600e-04	1.39997e+00	2.70000e+01
8.16400e-04	1.28776e+00	2.70000e+01
1.03620e-03	1.20820e+00	2.70000e+01
6.50000e-04	1.55909e+00	4.50000e+01
1.56000e-03	1.22773e+00	4.50000e+01
2.47000e-03	1.08191e+00	4.50000e+01
3.38000e-03	9.92075e-01	4.50000e+01
4.29000e-03	9.28621e-01	4.50000e+01
1.67500e-04	1.95494e+00	2.70000e+01
4.02000e-04	1.55428e+00	2.70000e+01
6.36500e-04	1.37608e+00	2.70000e+01
8.71000e-04	1.26568e+00	2.70000e+01
1.10550e-03	1.18740e+00	2.70000e+01
6.50000e-04	1.55909e+00	4.50000e+01
1.56000e-03	1.22773e+00	4.50000e+01
2.47000e-03	1.08191e+00	4.50000e+01
3.38000e-03	9.92075e-01	4.50000e+01
4.29000e-03	9.28621e-01	4.50000e+01
1.77500e-04	1.92568e+00	2.70000e+01
4.26000e-04	1.53066e+00	2.70000e+01
6.74500e-04	1.35501e+00	2.70000e+01
9.23000e-04	1.24621e+00	2.70000e+01
1.17150e-03	1.16907e+00	2.70000e+01
1.00000e-03	1.38661e+00	4.50000e+01
2.40000e-03	1.09053e+00	4.50000e+01
3.80000e-03	9.60399e-01	4.50000e+01
5.20000e-03	8.80279e-01	4.50000e+01
6.60000e-03	8.23717e-01	4.50000e+01
2.05000e-04	1.85476e+00	2.70000e+01
4.92000e-04	1.47343e+00	2.70000e+01
7.79000e-04	1.30398e+00	2.70000e+01
1.06600e-03	1.19905e+00	2.70000e+01
1.35300e-03	1.12467e+00	2.70000e+01
1.60000e-03	1.21923e+00	4.50000e+01
3.84000e-03	9.57614e-01	4.50000e+01
6.08000e-03	8.42780e-01	4.50000e+01
8.32000e-03	7.72127e-01	4.50000e+01
1.05600e-02	7.22271e-01	4.50000e+01
2.05000e-04	1.85476e+00	2.70000e+01
4.92000e-04	1.47343e+00	2.70000e+01
7.79000e-04	1.30398e+00	2.70000e+01
1.06600e-03	1.19905e+00	2.70000e+01
1.35300e-03	1.12467e+00	2.70000e+01
2.50000e-03	1.07832e+00	4.50000e+01
6.00000e-03	8.45897e-01	4.50000e+01
9.50000e-03	7.43997e-01	4.50000e+01
1.30000e-02	6.81341e-01	4.50000e+01
1.65000e-02	6.37147e-01	4.50000e+01
2.50000e-04	1.76101e+00	2.70000e+01
6.00000e-04	1.39786e+00	2.70000e+01
9.50000e-04	1.23663e+00	2.70000e+01
1.30000e-03	1.13683e+00	2.70000e+01
1.65000e-03	1.06611e+00	2.70000e+01
4.00000e-03	9.46834e-01	4.50000e+01
9.60000e-03	7.41819e-01	4.50000e+01
1.52000e-02	6.52039e-01	4.50000e+01
2.08000e-02	5.96870e-01	4.50000e+01
2.64000e-02	5.57975e-01	4.50000e+01
2.50000e-04	1.76101e+00	2.70000e+01
6.00000e-04	1.39786e+00	2.70000e+01
9.50000e-04	1.23663e+00	2.70000e+01
1.30000e-03	1.13683e+00	2.70000e+01
1.65000e-03	1.06611e+00	2.70000e+01
4.00000e-04	1.55633e+00	2.70000e+01
9.60000e-04	1.23317e+00	2.70000e+01
1.52000e-03	1.08997e+00	2.70000e+01
2.08000e-03	1.00142e+00	2.70000e+01
2.64000e-03	9.38715e-01	2.70000e+01
4.00000e-04	1.55633e+00	2.70000e+01
9.60000e-04	1.23317e+00	2.70000e+01
1.52000e-03	1.08997e+00	2.70000e+01
2.08000e-03	1.00142e+00	2.70000e+01
2.64000e-03	9.38715e-01	2.70000e+01
6.50000e-04	1.36842e+00	2.70000e+01
1.56000e-03	1.08236e+00	2.70000e+01
2.47000e-03	9.55835e-01	2.70000e+01
3.38000e-03	8.77671e-01	2.70000e+01
4.29000e-03	8.22361e-01	2.70000e+01
1.00000e-03	1.21976e+00	2.70000e+01
2.40000e-03	9.63321e-01	2.70000e+01
3.80000e-03	8.50070e-01	2.70000e+01
5.20000e-03	7.80165e-01	2.70000e+01
6.60000e-03	7.30727e-01	2.70000e+01
4.00000e-04	1.90358e+00	6.00000e+01
9.60000e-04	1.49790e+00	6.00000e+01
1.52000e-03	1.31956e+00	6.00000e+01
2.08000e-03	1.20975e+00	6.00000e+01
2.64000e-03	1.13221e+00	6.00000e+01
1.60000e-03	1.07500e+00	2.70000e+01
3.84000e-03	8.47643e-01	2.70000e+01
6.08000e-03	7.47397e-01	2.70000e+01
8.32000e-03	6.85571e-01	2.70000e+01
1.05600e-02	6.41873e-01	2.70000e+01
4.30000e-04	1.86644e+00	6.00000e+01
1.03200e-03	1.46838e+00	6.00000e+01
1.63400e-03	1.29342e+00	6.00000e+01
2.23600e-03	1.18571e+00	6.00000e+01
2.83800e-03	1.10966e+00	6.00000e+01
2.50000e-03	9.52708e-01	2.70000e+01
6.00000e-03	7.50122e-01	2.70000e+01
9.50000e-03	6.60923e-01	2.70000e+01
1.30000e-02	6.05954e-01	2.70000e+01
1.65000e-02	5.67122e-01	2.70000e+01
4.70000e-04	1.82170e+00	6.00000e+01
1.12800e-03	1.43283e+00	6.00000e+01
1.78600e-03	1.26196e+00	6.00000e+01
2.44400e-03	1.15676e+00	6.00000e+01
3.10200e-03	1.08250e+00	6.00000e+01
4.00000e-03	8.38245e-01	2.70000e+01
9.60000e-03	6.59014e-01	2.70000e+01
1.52000e-02	5.80212e-01	2.70000e+01
2.08000e-02	5.31687e-01	2.70000e+01
2.64000e-02	4.97426e-01	2.70000e+01
5.50000e-04	1.74515e+00	6.00000e+01
1.32000e-03	1.37202e+00	6.00000e+01
2.09000e-03	1.20814e+00	6.00000e+01
2.86000e-03	1.10727e+00	6.00000e+01
3.63000e-03	1.03608e+00	6.00000e+01
6.50000e-04	1.66717e+00	6.00000e+01
1.56000e-03	1.31012e+00	6.00000e+01
2.47000e-03	1.15337e+00	6.00000e+01
3.38000e-03	1.05691e+00	6.00000e+01
4.29000e-03	9.88844e-01	6.00000e+01
6.50000e-04	1.66717e+00	6.00000e+01
1.56000e-03	1.31012e+00	6.00000e+01
2.47000e-03	1.15337e+00	6.00000e+01
3.38000e-03	1.05691e+00	6.00000e+01
4.29000e-03	9.88844e-01	6.00000e+01
7.50000e-04	1.60303e+00	6.00000e+01
1.80000e-03	1.25923e+00	6.00000e+01
2.85000e-03	1.10835e+00	6.00000e+01
3.90000e-03	1.01553e+00	6.00000e+01
4.95000e-03	9.50038e-01	6.00000e+01
2.30000e-04	1.93308e+00	3.50000e+01
5.52000e-04	1.53076e+00	3.50000e+01
8.74000e-04	1.35264e+00	3.50000e+01
1.19600e-03	1.24255e+00	3.50000e+01
1.51800e-03	1.16463e+00	3.50000e+01
1.00000e-03	1.48117e+00	6.00000e+01
2.40000e-03	1.16262e+00	6.00000e+01
3.80000e-03	1.02293e+00	6.00000e+01
5.20000e-03	9.37020e-01	6.00000e+01
6.60000e-03	8.76420e-01	6.00000e+01
2.50000e-04	1.89085e+00	3.50000e+01
6.00000e-04	1.49687e+00	3.50000e+01
9.50000e-04	1.32251e+00	3.50000e+01
1.30000e-03	1.21475e+00	3.50000e+01
1.65000e-03	1.13849e+00	3.50000e+01
1.60000e-03	1.30097e+00	6.00000e+01
3.84000e-03	1.01994e+00	6.00000e+01
6.08000e-03	8.96840e-01	6.00000e+01
8.32000e-03	8.21185e-01	6.00000e+01
1.05600e-02	7.67840e-01	6.00000e+01
2.65500e-04	1.86092e+00	3.50000e+01
6.37200e-04	1.47287e+00	3.50000e+01
1.00890e-03	1.30116e+00	3.50000e+01
1.38060e-03	1.19506e+00	3.50000e+01
1.75230e-03	1.11998e+00	3.50000e+01
2.50000e-03	1.14950e+00	6.00000e+01
6.00000e-03	9.00179e-01	6.00000e+01
9.50000e-03	7.91082e-01	6.00000e+01
1.30000e-02	7.24072e-01	6.00000e+01
1.65000e-02	6.76840e-01	6.00000e+01
2.87000e-04	1.82285e+00	3.50000e+01
6.88800e-04	1.44234e+00	3.50000e+01
1.09060e-03	1.27402e+00	3.50000e+01
1.49240e-03	1.17003e+00	3.50000e+01
1.89420e-03	1.09644e+00	3.50000e+01
4.00000e-03	1.00838e+00	6.00000e+01
9.60000e-03	7.88752e-01	6.00000e+01
1.52000e-02	6.92752e-01	6.00000e+01
2.08000e-02	6.33819e-01	6.00000e+01
2.64000e-02	5.92298e-01	6.00000e+01
3.08000e-04	1.78895e+00	3.50000e+01
7.39200e-04	1.41517e+00	3.50000e+01
1.17040e-03	1.24987e+00	3.50000e+01
1.60160e-03	1.14776e+00	3.50000e+01
2.03280e-03	1.07551e+00	3.50000e+01
3.28500e-04	1.75854e+00	3.50000e+01
7.88400e-04	1.39080e+00	3.50000e+01
1.24830e-03	1.22821e+00	3.50000e+01
1.70820e-03	1.12778e+00	3.50000e+01
2.16810e-03	1.05673e+00	3.50000e+01
4.00000e-04	1.66859e+00	3.50000e+01
9.60000e-04	1.31877e+00	3.50000e+01
1.52000e-03	1.16421e+00	3.50000e+01
2.08000e-03	1.06878e+00	3.50000e+01
2.64000e-03	1.00129e+00	3.50000e+01
4.00000e-04	1.66859e+00	3.50000e+01
9.60000e-04	1.31877e+00	3.50000e+01
1.52000e-03	1.16421e+00	3.50000e+01
2.08000e-03	1.06878e+00	3.50000e+01
2.64000e-03	1.00129e+00	3.50000e+01
5.00000e-04	1.57191e+00	3.50000e+01
1.20000e-03	1.24143e+00	3.50000e+01
1.90000e-03	1.09553e+00	3.50000e+01
2.60000e-03	1.00548e+00	3.50000e+01
3.30000e-03	9.41810e-01	3.50000e+01
6.50000e-04	1.46501e+00	3.50000e+01
1.56000e-03	1.15601e+00	3.50000e+01
2.47000e-03	1.01971e+00	3.50000e+01
3.38000e-03	9.35630e-01	3.50000e+01
4.29000e-03	8.76194e-01	3.50000e+01
4.61000e-04	1.89586e+00	7.00000e+01
1.10640e-03	1.48967e+00	7.00000e+01
1.75180e-03	1.31139e+00	7.00000e+01
2.39720e-03	1.20170e+00	7.00000e+01
3.04260e-03	1.12430e+00	7.00000e+01
5.00000e-04	1.85411e+00	7.00000e+01
1.20000e-03	1.45655e+00	7.00000e+01
1.90000e-03	1.28210e+00	7.00000e+01
2.60000e-03	1.17478e+00	7.00000e+01
3.30000e-03	1.09905e+00	7.00000e+01
5.50000e-04	1.80623e+00	7.00000e+01
1.32000e-03	1.41859e+00	7.00000e+01
2.09000e-03	1.24852e+00	7.00000e+01
2.86000e-03	1.14392e+00	7.00000e+01
3.63000e-03	1.07012e+00	7.00000e+01
6.20000e-04	1.74773e+00	7.00000e+01
1.48800e-03	1.37222e+00	7.00000e+01
2.35600e-03	1.20752e+00	7.00000e+01
3.22400e-03	1.10624e+00	7.00000e+01
4.09200e-03	1.03479e+00	7.00000e+01
1.00000e-03	1.78274e+00	1.50000e+02
2.40000e-03	1.39258e+00	1.50000e+02
3.80000e-03	1.22240e+00	1.50000e+02
5.20000e-03	1.11805e+00	1.50000e+02
6.60000e-03	1.04458e+00	1.50000e+02
6.50000e-04	1.72516e+00	7.00000e+01
1.56000e-03	1.35433e+00	7.00000e+01
2.47000e-03	1.19171e+00	7.00000e+01
3.38000e-03	1.09171e+00	7.00000e+01
4.29000e-03	1.02117e+00	7.00000e+01
1.60000e-03	1.56169e+00	1.50000e+02
3.84000e-03	1.21877e+00	1.50000e+02
6.08000e-03	1.06932e+00	1.50000e+02
8.32000e-03	9.77723e-01	1.50000e+02
1.05600e-02	9.13254e-01	1.50000e+02
6.50000e-04	1.72516e+00	7.00000e+01
1.56000e-03	1.35433e+00	7.00000e+01
2.47000e-03	1.19171e+00	7.00000e+01
3.38000e-03	1.09171e+00	7.00000e+01
4.29000e-03	1.02117e+00	7.00000e+01
1.60000e-03	1.56169e+00	1.50000e+02
3.84000e-03	1.21877e+00	1.50000e+02
6.08000e-03	1.06932e+00	1.50000e+02
8.32000e-03	9.77723e-01	1.50000e+02
1.05600e-02	9.13254e-01	1.50000e+02
1.00000e-03	1.53191e+00	7.00000e+01
2.40000e-03	1.20131e+00	7.00000e+01
3.80000e-03	1.05648e+00	7.00000e+01
5.20000e-03	9.67473e-01	7.00000e+01
6.60000e-03	9.04708e-01	7.00000e+01
2.50000e-03	1.37658e+00	1.50000e+02
6.00000e-03	1.07337e+00	1.50000e+02
9.50000e-03	9.41331e-01	1.50000e+02
1.30000e-02	8.60435e-01	1.50000e+02
1.65000e-02	8.03516e-01	1.50000e+02
1.00000e-03	1.53191e+00	7.00000e+01
2.40000e-03	1.20131e+00	7.00000e+01
3.80000e-03	1.05648e+00	7.00000e+01
5.20000e-03	9.67473e-01	7.00000e+01
6.60000e-03	9.04708e-01	7.00000e+01
4.00000e-03	1.20471e+00	1.50000e+02
9.60000e-03	9.38515e-01	1.50000e+02
1.52000e-02	8.22682e-01	1.50000e+02
2.08000e-02	7.51745e-01	1.50000e+02
2.64000e-02	7.01849e-01	1.50000e+02
1.25000e-03	1.44017e+00	7.00000e+01
3.00000e-03	1.12874e+00	7.00000e+01
4.75000e-03	9.92388e-01	7.00000e+01
6.50000e-03	9.08606e-01	7.00000e+01
8.25000e-03	8.49540e-01	7.00000e+01
1.60000e-03	1.34484e+00	7.00000e+01
3.84000e-03	1.05339e+00	7.00000e+01
6.08000e-03	9.25855e-01	7.00000e+01
8.32000e-03	8.47516e-01	7.00000e+01
1.05600e-02	7.92299e-01	7.00000e+01
2.50000e-03	1.18771e+00	7.00000e+01
6.00000e-03	9.29312e-01	7.00000e+01
9.50000e-03	8.16355e-01	7.00000e+01
1.30000e-02	7.47007e-01	7.00000e+01
1.65000e-02	6.98146e-01	7.00000e+01
4.00000e-03	1.04141e+00	7.00000e+01
9.60000e-03	8.13942e-01	7.00000e+01
1.52000e-02	7.14605e-01	7.00000e+01
2.08000e-02	6.53652e-01	7.00000e+01
2.64000e-02	6.10721e-01	7.00000e+01
1.30000e-03	1.74281e+00	2.00000e+02
3.12000e-03	1.35912e+00	2.00000e+02
4.94000e-03	1.19205e+00	2.00000e+02
6.76000e-03	1.08970e+00	2.00000e+02
8.58000e-03	1.01769e+00	2.00000e+02
1.60000e-03	1.64324e+00	2.00000e+02
3.84000e-03	1.28098e+00	2.00000e+02
6.08000e-03	1.12330e+00	2.00000e+02
8.32000e-03	1.02671e+00	2.00000e+02
1.05600e-02	9.58764e-01	2.00000e+02
6.50000e-04	1.81976e+00	9.00000e+01
1.56000e-03	1.42645e+00	9.00000e+01
2.47000e-03	1.25426e+00	9.00000e+01
3.38000e-03	1.14847e+00	9.00000e+01
4.29000e-03	1.07389e+00	9.00000e+01
1.60000e-03	1.64324e+00	2.00000e+02
3.84000e-03	1.28098e+00	2.00000e+02
6.08000e-03	1.12330e+00	2.00000e+02
8.32000e-03	1.02671e+00	2.00000e+02
1.05600e-02	9.58764e-01	2.00000e+02
7.50000e-04	1.74900e+00	9.00000e+01
1.80000e-03	1.37052e+00	9.00000e+01
2.85000e-03	1.20488e+00	9.00000e+01
3.90000e-03	1.10313e+00	9.00000e+01
4.95000e-03	1.03140e+00	9.00000e+01
2.50000e-03	1.44761e+00	2.00000e+02
6.00000e-03	1.12757e+00	2.00000e+02
9.50000e-03	9.88353e-01	2.00000e+02
1.30000e-02	9.03115e-01	2.00000e+02
1.65000e-02	8.43166e-01	2.00000e+02
1.00000e-03	1.61468e+00	9.00000e+01
2.40000e-03	1.26442e+00	9.00000e+01
3.80000e-03	1.11123e+00	9.00000e+01
5.20000e-03	1.01715e+00	9.00000e+01
6.60000e-03	9.50854e-01	9.00000e+01
2.50000e-03	1.44761e+00	2.00000e+02
6.00000e-03	1.12757e+00	2.00000e+02
9.50000e-03	9.88353e-01	2.00000e+02
1.30000e-02	9.03115e-01	2.00000e+02
1.65000e-02	8.43166e-01	2.00000e+02
1.00000e-03	1.61468e+00	9.00000e+01
2.40000e-03	1.26442e+00	9.00000e+01
3.80000e-03	1.11123e+00	9.00000e+01
5.20000e-03	1.01715e+00	9.00000e+01
6.60000e-03	9.50854e-01	9.00000e+01
4.00000e-03	1.26614e+00	2.00000e+02
9.60000e-03	9.85385e-01	2.00000e+02
1.52000e-02	8.63350e-01	2.00000e+02
2.08000e-02	7.88659e-01	2.00000e+02
2.64000e-02	7.36142e-01	2.00000e+02
1.60000e-03	1.41640e+00	9.00000e+01
3.84000e-03	1.10795e+00	9.00000e+01
6.08000e-03	9.73188e-01	9.00000e+01
8.32000e-03	8.90472e-01	9.00000e+01
1.05600e-02	8.32201e-01	9.00000e+01
2.50000e-03	1.25002e+00	9.00000e+01
6.00000e-03	9.76840e-01	9.00000e+01
9.50000e-03	8.57584e-01	9.00000e+01
1.30000e-02	7.84426e-01	9.00000e+01
1.65000e-02	7.32905e-01	9.00000e+01
4.00000e-03	1.09529e+00	9.00000e+01
9.60000e-03	8.55039e-01	9.00000e+01
1.52000e-02	7.50257e-01	9.00000e+01
2.08000e-02	6.86010e-01	9.00000e+01
2.64000e-02	6.40781e-01	9.00000e+01
8.00000e-04	1.81944e+00	1.20000e+02
1.92000e-03	1.42338e+00	1.20000e+02
3.04000e-03	1.25035e+00	1.20000e+02
4.16000e-03	1.14416e+00	1.20000e+02
5.28000e-03	1.06936e+00	1.20000e+02
1.65000e-03	1.69140e+00	2.50000e+02
3.96000e-03	1.31742e+00	2.50000e+02
6.27000e-03	1.15477e+00	2.50000e+02
8.58000e-03	1.05520e+00	2.50000e+02
1.08900e-02	9.85173e-01	2.50000e+02
8.60000e-04	1.78304e+00	1.20000e+02
2.06400e-03	1.39468e+00	1.20000e+02
3.26800e-03	1.22505e+00	1.20000e+02
4.47200e-03	1.12095e+00	1.20000e+02
5.67600e-03	1.04763e+00	1.20000e+02
2.50000e-03	1.50252e+00	2.50000e+02
6.00000e-03	1.16946e+00	2.50000e+02
9.50000e-03	1.02471e+00	2.50000e+02
1.30000e-02	9.36112e-01	2.50000e+02
1.65000e-02	8.73822e-01	2.50000e+02
9.40000e-04	1.73924e+00	1.20000e+02
2.25600e-03	1.36016e+00	1.20000e+02
3.57200e-03	1.19461e+00	1.20000e+02
4.88800e-03	1.09303e+00	1.20000e+02
6.20400e-03	1.02148e+00	1.20000e+02
2.50000e-03	1.50252e+00	2.50000e+02
6.00000e-03	1.16946e+00	2.50000e+02
9.50000e-03	1.02471e+00	2.50000e+02
1.30000e-02	9.36112e-01	2.50000e+02
1.65000e-02	8.73822e-01	2.50000e+02
1.00000e-03	1.70939e+00	1.20000e+02
2.40000e-03	1.33664e+00	1.20000e+02
3.80000e-03	1.17387e+00	1.20000e+02
5.20000e-03	1.07401e+00	1.20000e+02
6.60000e-03	1.00367e+00	1.20000e+02
4.00000e-03	1.31363e+00	2.50000e+02
9.60000e-03	1.02162e+00	2.50000e+02
1.52000e-02	8.94792e-01	2.50000e+02
2.08000e-02	8.17199e-01	2.50000e+02
2.64000e-02	7.62658e-01	2.50000e+02
1.06000e-03	1.68173e+00	1.20000e+02
2.54400e-03	1.31485e+00	1.20000e+02
4.02800e-03	1.15466e+00	1.20000e+02
5.51200e-03	1.05639e+00	1.20000e+02
6.99600e-03	9.87169e-01	1.20000e+02
1.06000e-03	1.68173e+00	1.20000e+02
2.54400e-03	1.31485e+00	1.20000e+02
4.02800e-03	1.15466e+00	1.20000e+02
5.51200e-03	1.05639e+00	1.20000e+02
6.99600e-03	9.87169e-01	1.20000e+02
1.35000e-03	1.57150e+00	1.20000e+02
3.24000e-03	1.22803e+00	1.20000e+02
5.13000e-03	1.07815e+00	1.20000e+02
7.02000e-03	9.86207e-01	1.20000e+02
8.91000e-03	9.21467e-01	1.20000e+02
1.60000e-03	1.49827e+00	1.20000e+02
3.84000e-03	1.17040e+00	1.20000e+02
6.08000e-03	1.02736e+00	1.20000e+02
8.32000e-03	9.39636e-01	1.20000e+02
1.05600e-02	8.77872e-01	1.20000e+02
1.60000e-03	1.49827e+00	1.20000e+02
3.84000e-03	1.17040e+00	1.20000e+02
6.08000e-03	1.02736e+00	1.20000e+02
8.32000e-03	9.39636e-01	1.20000e+02
1.05600e-02	8.77872e-01	1.20000e+02
2.50000e-03	1.32134e+00	1.20000e+02
6.00000e-03	1.03123e+00	1.20000e+02
9.50000e-03	9.04773e-01	1.20000e+02
1.30000e-02	8.27254e-01	1.20000e+02
1.65000e-02	7.72691e-01	1.20000e+02
4.00000e-03	1.15695e+00	1.20000e+02
9.60000e-03	9.02075e-01	1.20000e+02
1.52000e-02	7.91065e-01	1.20000e+02
2.08000e-02	7.23048e-01	1.20000e+02
2.64000e-02	6.75189e-01	1.20000e+02
1.95000e-03	1.66112e+00	3.00000e+02
4.68000e-03	1.29270e+00	3.00000e+02
7.41000e-03	1.13262e+00	3.00000e+02
1.01400e-02	1.03466e+00	3.00000e+02
1.28700e-02	9.65789e-01	3.00000e+02
2.50000e-03	1.54724e+00	3.00000e+02
6.00000e-03	1.20358e+00	3.00000e+02
9.50000e-03	1.05431e+00	3.00000e+02
1.30000e-02	9.62987e-01	3.00000e+02
1.65000e-02	8.98789e-01	3.00000e+02
2.50000e-03	1.54724e+00	3.00000e+02
6.00000e-03	1.20358e+00	3.00000e+02
9.50000e-03	1.05431e+00	3.00000e+02
1.30000e-02	9.62987e-01	3.00000e+02
1.65000e-02	8.98789e-01	3.00000e+02
4.00000e-03	1.35230e+00	3.00000e+02
9.60000e-03	1.05113e+00	3.00000e+02
1.52000e-02	9.20400e-01	3.00000e+02
2.08000e-02	8.40444e-01	3.00000e+02
2.64000e-02	7.84254e-01	3.00000e+02
4.00000e-03	1.35230e+00	3.00000e+02
9.60000e-03	1.05113e+00	3.00000e+02
1.52000e-02	9.20400e-01	3.00000e+02
2.08000e-02	8.40444e-01	3.00000e+02
2.64000e-02	7.84254e-01	3.00000e+02
2.65000e-03	1.59065e+00	4.00000e+02
6.36000e-03	1.23622e+00	4.00000e+02
1.00700e-02	1.08242e+00	4.00000e+02
1.37800e-02	9.88364e-01	4.00000e+02
1.74900e-02	9.22276e-01	4.00000e+02
4.00000e-03	1.41306e+00	4.00000e+02
9.60000e-03	1.09750e+00	4.00000e+02
1.52000e-02	9.60634e-01	4.00000e+02
2.08000e-02	8.76966e-01	4.00000e+02
2.64000e-02	8.18185e-01	4.00000e+02
4.00000e-03	1.41306e+00	4.00000e+02
9.60000e-03	1.09750e+00	4.00000e+02
1.52000e-02	9.60634e-01	4.00000e+02
2.08000e-02	8.76966e-01	4.00000e+02
2.64000e-02	8.18185e-01	4.00000e+02
3.30000e-03	1.54323e+00	5.00000e+02
7.92000e-03	1.19827e+00	5.00000e+02
1.25400e-02	1.04871e+00	5.00000e+02
1.71600e-02	9.57303e-01	5.00000e+02
2.17800e-02	8.93090e-01	5.00000e+02
4.00000e-03	1.45994e+00	5.00000e+02
9.60000e-03	1.13328e+00	5.00000e+02
1.52000e-02	9.91684e-01	5.00000e+02
2.08000e-02	9.05152e-01	5.00000e+02
2.64000e-02	8.44373e-01	5.00000e+02
4.00000e-03	1.45994e+00	5.00000e+02
9.60000e-03	1.13328e+00	5.00000e+02
1.52000e-02	9.91684e-01	5.00000e+02
2.08000e-02	9.05152e-01	5.00000e+02
2.64000e-02	8.44373e-01	5.00000e+02
4.25000e-03	1.48844e+00	6.50000e+02
1.02000e-02	1.15460e+00	6.50000e+02
1.61500e-02	1.01000e+00	6.50000e+02
2.21000e-02	9.21667e-01	6.50000e+02
2.80500e-02	8.59637e-01	6.50000e+02
4.25000e-03	1.48844e+00	6.50000e+02
1.02000e-02	1.15460e+00	6.50000e+02
1.61500e-02	1.01000e+00	6.50000e+02
2.21000e-02	9.21667e-01	6.50000e+02
2.80500e-02	8.59637e-01	6.50000e+02
