3.10500e-07	8.42059e-02	4.50000e-02
7.45200e-07	8.02451e-02	4.50000e-02
1.17990e-06	7.82518e-02	4.50000e-02
1.61460e-06	7.69207e-02	4.50000e-02
2.04930e-06	7.59237e-02	4.50000e-02
3.31000e-05	3.02711e-01	3.50000e-01
7.94400e-05	2.78066e-01	3.50000e-01
1.25780e-04	2.65535e-01	3.50000e-01
1.72120e-04	2.57132e-01	3.50000e-01
2.18460e-04	2.50821e-01	3.50000e-01
4.48500e-07	1.12933e-01	6.50000e-02
1.07640e-06	1.07270e-01	6.50000e-02
1.70430e-06	1.04415e-01	6.50000e-02
2.33220e-06	1.02506e-01	6.50000e-02
2.96010e-06	1.01076e-01	6.50000e-02
6.50000e-05	2.83621e-01	3.50000e-01
1.56000e-04	2.59754e-01	3.50000e-01
2.47000e-04	2.47595e-01	3.50000e-01
3.38000e-04	2.39428e-01	3.50000e-01
4.29000e-04	2.33287e-01	3.50000e-01
5.10000e-07	1.12081e-01	6.50000e-02
1.22400e-06	1.06464e-01	6.50000e-02
1.93800e-06	1.03629e-01	6.50000e-02
2.65200e-06	1.01733e-01	6.50000e-02
3.36600e-06	1.00312e-01	6.50000e-02
1.10000e-04	2.69163e-01	3.50000e-01
2.64000e-04	2.45853e-01	3.50000e-01
4.18000e-04	2.33954e-01	3.50000e-01
5.72000e-04	2.25951e-01	3.50000e-01
7.26000e-04	2.19929e-01	3.50000e-01
5.85000e-07	1.39194e-01	8.50000e-02
1.40400e-06	1.31842e-01	8.50000e-02
2.22300e-06	1.28130e-01	8.50000e-02
3.04200e-06	1.25648e-01	8.50000e-02
3.86100e-06	1.23787e-01	8.50000e-02
2.50000e-04	2.47279e-01	3.50000e-01
6.00000e-04	2.24740e-01	3.50000e-01
9.50000e-04	2.13195e-01	3.50000e-01
1.30000e-03	2.05409e-01	3.50000e-01
1.65000e-03	1.99533e-01	3.50000e-01
6.70000e-07	1.38028e-01	8.50000e-02
1.60800e-06	1.30736e-01	8.50000e-02
2.54600e-06	1.27052e-01	8.50000e-02
3.48400e-06	1.24587e-01	8.50000e-02
4.42200e-06	1.22738e-01	8.50000e-02
1.25500e-03	2.06280e-01	3.50000e-01
3.01200e-03	1.84796e-01	3.50000e-01
4.76900e-03	1.73544e-01	3.50000e-01
6.52600e-03	1.65812e-01	3.50000e-01
8.28300e-03	1.59884e-01	3.50000e-01
7.80000e-07	1.36734e-01	8.50000e-02
1.87200e-06	1.29507e-01	8.50000e-02
2.96400e-06	1.25852e-01	8.50000e-02
4.05600e-06	1.23405e-01	8.50000e-02
5.14800e-06	1.21570e-01	8.50000e-02
4.41500e-06	4.00773e-01	4.00000e-01
1.05960e-05	3.69537e-01	4.00000e-01
1.67770e-05	3.53788e-01	4.00000e-01
2.29580e-05	3.43270e-01	4.00000e-01
2.91390e-05	3.35395e-01	4.00000e-01
7.55000e-07	1.69428e-01	1.10000e-01
1.81200e-06	1.59980e-01	1.10000e-01
2.86900e-06	1.55207e-01	1.10000e-01
3.92600e-06	1.52015e-01	1.10000e-01
4.98300e-06	1.49621e-01	1.10000e-01
5.50000e-06	3.92772e-01	4.00000e-01
1.32000e-05	3.61954e-01	4.00000e-01
2.09000e-05	3.46400e-01	4.00000e-01
2.86000e-05	3.36008e-01	4.00000e-01
3.63000e-05	3.28226e-01	4.00000e-01
8.65000e-07	1.67926e-01	1.10000e-01
2.07600e-06	1.58555e-01	1.10000e-01
3.28700e-06	1.53817e-01	1.10000e-01
4.49800e-06	1.50646e-01	1.10000e-01
5.70900e-06	1.48268e-01	1.10000e-01
6.65000e-06	3.85947e-01	4.00000e-01
1.59600e-05	3.55479e-01	4.00000e-01
2.52700e-05	3.40088e-01	4.00000e-01
3.45800e-05	3.29802e-01	4.00000e-01
4.38900e-05	3.22098e-01	4.00000e-01
1.01000e-06	1.66232e-01	1.10000e-01
2.42400e-06	1.56944e-01	1.10000e-01
3.83800e-06	1.52244e-01	1.10000e-01
5.25200e-06	1.49097e-01	1.10000e-01
6.66600e-06	1.46736e-01	1.10000e-01
8.50000e-06	3.77244e-01	4.00000e-01
2.04000e-05	3.47210e-01	4.00000e-01
3.23000e-05	3.32024e-01	4.00000e-01
4.42000e-05	3.21872e-01	4.00000e-01
5.61000e-05	3.14267e-01	4.00000e-01
1.21500e-06	1.64232e-01	1.10000e-01
2.91600e-06	1.55041e-01	1.10000e-01
4.61700e-06	1.50384e-01	1.10000e-01
6.31800e-06	1.47265e-01	1.10000e-01
8.01900e-06	1.44923e-01	1.10000e-01
1.10000e-05	3.68239e-01	4.00000e-01
2.64000e-05	3.38643e-01	4.00000e-01
4.18000e-05	3.23667e-01	4.00000e-01
5.72000e-05	3.13652e-01	4.00000e-01
7.26000e-05	3.06149e-01	4.00000e-01
1.03500e-06	2.13170e-01	1.50000e-01
2.48400e-06	2.00417e-01	1.50000e-01
3.93300e-06	1.93972e-01	1.50000e-01
5.38200e-06	1.89661e-01	1.50000e-01
6.83100e-06	1.86429e-01	1.50000e-01
1.84000e-05	3.50672e-01	4.00000e-01
4.41600e-05	3.21902e-01	4.00000e-01
6.99200e-05	3.07326e-01	4.00000e-01
9.56800e-05	2.97575e-01	4.00000e-01
1.21440e-04	2.90266e-01	4.00000e-01
1.18000e-06	2.11217e-01	1.50000e-01
2.83200e-06	1.98562e-01	1.50000e-01
4.48400e-06	1.92162e-01	1.50000e-01
6.13600e-06	1.87879e-01	1.50000e-01
7.78800e-06	1.84667e-01	1.50000e-01
4.41500e-05	3.21909e-01	4.00000e-01
1.05960e-04	2.94436e-01	4.00000e-01
1.67770e-04	2.80495e-01	4.00000e-01
2.29580e-04	2.71155e-01	4.00000e-01
2.91390e-04	2.64146e-01	4.00000e-01
1.38000e-06	2.08905e-01	1.50000e-01
3.31200e-06	1.96364e-01	1.50000e-01
5.24400e-06	1.90016e-01	1.50000e-01
7.17600e-06	1.85766e-01	1.50000e-01
9.10800e-06	1.82577e-01	1.50000e-01
8.80000e-05	3.00161e-01	4.00000e-01
2.11200e-04	2.73626e-01	4.00000e-01
3.34400e-04	2.60133e-01	4.00000e-01
4.57600e-04	2.51080e-01	4.00000e-01
5.80800e-04	2.44280e-01	4.00000e-01
1.65500e-06	2.06250e-01	1.50000e-01
3.97200e-06	1.93835e-01	1.50000e-01
6.28900e-06	1.87546e-01	1.50000e-01
8.60600e-06	1.83332e-01	1.50000e-01
1.09230e-05	1.80169e-01	1.50000e-01
1.47000e-04	2.84472e-01	4.00000e-01
3.52800e-04	2.58578e-01	4.00000e-01
5.58600e-04	2.45387e-01	4.00000e-01
7.64400e-04	2.36527e-01	4.00000e-01
9.70200e-04	2.29865e-01	4.00000e-01
2.07000e-06	2.03019e-01	1.50000e-01
4.96800e-06	1.90755e-01	1.50000e-01
7.86600e-06	1.84534e-01	1.50000e-01
1.07640e-05	1.80363e-01	1.50000e-01
1.36620e-05	1.77229e-01	1.50000e-01
3.15500e-04	2.61826e-01	4.00000e-01
7.57200e-04	2.36793e-01	4.00000e-01
1.19890e-03	2.23998e-01	4.00000e-01
1.64060e-03	2.15375e-01	4.00000e-01
2.08230e-03	2.08868e-01	4.00000e-01
2.51000e-06	2.00269e-01	1.50000e-01
6.02400e-06	1.88129e-01	1.50000e-01
9.53800e-06	1.81964e-01	1.50000e-01
1.30520e-05	1.77827e-01	1.50000e-01
1.65660e-05	1.74719e-01	1.50000e-01
3.66000e-06	4.78345e-01	5.00000e-01
8.78400e-06	4.39146e-01	5.00000e-01
1.39080e-05	4.19462e-01	5.00000e-01
1.90320e-05	4.06350e-01	5.00000e-01
2.41560e-05	3.96550e-01	5.00000e-01
1.57500e-06	2.59517e-01	2.00000e-01
3.78000e-06	2.42834e-01	2.00000e-01
5.98500e-06	2.34402e-01	2.00000e-01
8.19000e-06	2.28761e-01	2.00000e-01
1.03950e-05	2.24531e-01	2.00000e-01
4.30000e-06	4.70952e-01	5.00000e-01
1.03200e-05	4.32177e-01	5.00000e-01
1.63400e-05	4.12693e-01	5.00000e-01
2.23600e-05	3.99711e-01	5.00000e-01
2.83800e-05	3.90006e-01	5.00000e-01
1.84000e-06	2.56490e-01	2.00000e-01
4.41600e-06	2.39957e-01	2.00000e-01
6.99200e-06	2.31594e-01	2.00000e-01
9.56800e-06	2.25996e-01	2.00000e-01
1.21440e-05	2.21797e-01	2.00000e-01
7.90000e-06	4.43773e-01	5.00000e-01
1.89600e-05	4.06507e-01	5.00000e-01
3.00200e-05	3.87739e-01	5.00000e-01
4.10800e-05	3.75222e-01	5.00000e-01
5.21400e-05	3.65862e-01	5.00000e-01
2.20500e-06	2.53003e-01	2.00000e-01
5.29200e-06	2.36640e-01	2.00000e-01
8.37900e-06	2.28354e-01	2.00000e-01
1.14660e-05	2.22805e-01	2.00000e-01
1.45530e-05	2.18640e-01	2.00000e-01
1.06000e-05	4.31026e-01	5.00000e-01
2.54400e-05	3.94440e-01	5.00000e-01
4.02800e-05	3.76000e-01	5.00000e-01
5.51200e-05	3.63699e-01	5.00000e-01
6.99600e-05	3.54499e-01	5.00000e-01
2.76000e-06	2.48729e-01	2.00000e-01
6.62400e-06	2.32567e-01	2.00000e-01
1.04880e-05	2.24374e-01	2.00000e-01
1.43520e-05	2.18882e-01	2.00000e-01
1.82160e-05	2.14758e-01	2.00000e-01
1.38000e-05	4.19791e-01	5.00000e-01
3.31200e-05	3.83793e-01	5.00000e-01
5.24400e-05	3.65639e-01	5.00000e-01
7.17600e-05	3.53527e-01	5.00000e-01
9.10800e-05	3.44468e-01	5.00000e-01
3.34500e-06	2.45113e-01	2.00000e-01
8.02800e-06	2.29117e-01	2.00000e-01
1.27110e-05	2.20998e-01	2.00000e-01
1.73940e-05	2.15553e-01	2.00000e-01
2.20770e-05	2.11463e-01	2.00000e-01
1.99000e-05	4.04506e-01	5.00000e-01
4.77600e-05	3.69292e-01	5.00000e-01
7.56200e-05	3.51525e-01	5.00000e-01
1.03480e-04	3.39669e-01	5.00000e-01
1.31340e-04	3.30799e-01	5.00000e-01
4.24500e-06	2.40685e-01	2.00000e-01
1.01880e-05	2.24886e-01	2.00000e-01
1.61310e-05	2.16855e-01	2.00000e-01
2.20740e-05	2.11465e-01	2.00000e-01
2.80170e-05	2.07414e-01	2.00000e-01
5.00000e-05	3.67498e-01	5.00000e-01
1.20000e-04	3.34144e-01	5.00000e-01
1.90000e-04	3.17296e-01	5.00000e-01
2.60000e-04	3.06040e-01	5.00000e-01
3.30000e-04	2.97610e-01	5.00000e-01
5.50000e-06	2.35937e-01	2.00000e-01
1.32000e-05	2.20339e-01	2.00000e-01
2.09000e-05	2.12399e-01	2.00000e-01
2.86000e-05	2.07066e-01	2.00000e-01
3.63000e-05	2.03056e-01	2.00000e-01
1.25500e-04	3.32482e-01	5.00000e-01
3.01200e-04	3.00826e-01	5.00000e-01
4.76900e-04	2.84798e-01	5.00000e-01
6.52600e-04	2.74072e-01	5.00000e-01
8.28300e-04	2.66031e-01	5.00000e-01
1.99000e-05	2.13239e-01	2.00000e-01
4.77600e-05	1.98485e-01	2.00000e-01
7.56200e-05	1.90929e-01	2.00000e-01
1.03480e-04	1.85838e-01	2.00000e-01
1.31340e-04	1.82002e-01	2.00000e-01
1.84000e-04	3.18458e-01	5.00000e-01
4.41600e-04	2.87453e-01	5.00000e-01
6.99200e-04	2.71736e-01	5.00000e-01
9.56800e-04	2.61210e-01	5.00000e-01
1.21440e-03	2.53310e-01	5.00000e-01
1.25500e-04	1.82732e-01	2.00000e-01
3.01200e-04	1.68844e-01	2.00000e-01
4.76900e-04	1.61668e-01	2.00000e-01
6.52600e-04	1.56805e-01	2.00000e-01
8.28300e-04	1.53125e-01	2.00000e-01
4.00000e-04	2.90886e-01	5.00000e-01
9.60000e-04	2.61099e-01	5.00000e-01
1.52000e-03	2.45945e-01	5.00000e-01
2.08000e-03	2.35751e-01	5.00000e-01
2.64000e-03	2.28063e-01	5.00000e-01
1.97000e-06	3.02974e-01	2.50000e-01
4.72800e-06	2.82352e-01	2.50000e-01
7.48600e-06	2.71937e-01	2.50000e-01
1.02440e-05	2.64973e-01	2.50000e-01
1.30020e-05	2.59753e-01	2.50000e-01
1.60000e-03	2.44270e-01	5.00000e-01
3.84000e-03	2.16040e-01	5.00000e-01
6.08000e-03	2.01285e-01	5.00000e-01
8.32000e-03	1.91130e-01	5.00000e-01
1.05600e-02	1.83325e-01	5.00000e-01
2.30000e-06	2.99246e-01	2.50000e-01
5.52000e-06	2.78813e-01	2.50000e-01
8.74000e-06	2.68484e-01	2.50000e-01
1.19600e-05	2.61575e-01	2.50000e-01
1.51800e-05	2.56395e-01	2.50000e-01
4.76000e-06	5.59436e-01	6.50000e-01
1.14240e-05	5.10119e-01	6.50000e-01
1.80880e-05	4.85440e-01	6.50000e-01
2.47520e-05	4.69038e-01	6.50000e-01
3.14160e-05	4.56803e-01	6.50000e-01
2.76000e-06	2.94903e-01	2.50000e-01
6.62400e-06	2.74684e-01	2.50000e-01
1.04880e-05	2.64455e-01	2.50000e-01
1.43520e-05	2.57608e-01	2.50000e-01
1.82160e-05	2.52472e-01	2.50000e-01
5.60000e-06	5.50040e-01	6.50000e-01
1.34400e-05	5.01300e-01	6.50000e-01
2.12800e-05	4.76898e-01	6.50000e-01
2.91200e-05	4.60676e-01	6.50000e-01
3.69600e-05	4.48574e-01	6.50000e-01
3.45000e-06	2.89652e-01	2.50000e-01
8.28000e-06	2.69687e-01	2.50000e-01
1.31100e-05	2.59573e-01	2.50000e-01
1.79400e-05	2.52799e-01	2.50000e-01
2.27700e-05	2.47716e-01	2.50000e-01
7.90000e-06	5.30515e-01	6.50000e-01
1.89600e-05	4.82955e-01	6.50000e-01
3.00200e-05	4.59120e-01	6.50000e-01
4.10800e-05	4.43271e-01	6.50000e-01
5.21400e-05	4.31446e-01	6.50000e-01
4.18000e-06	2.85190e-01	2.50000e-01
1.00320e-05	2.65434e-01	2.50000e-01
1.58840e-05	2.55416e-01	2.50000e-01
2.17360e-05	2.48703e-01	2.50000e-01
2.75880e-05	2.43662e-01	2.50000e-01
8.20000e-06	5.28429e-01	6.50000e-01
1.96800e-05	4.80994e-01	6.50000e-01
3.11600e-05	4.57219e-01	6.50000e-01
4.26400e-05	4.41410e-01	6.50000e-01
5.41200e-05	4.29614e-01	6.50000e-01
5.30000e-06	2.79739e-01	2.50000e-01
1.27200e-05	2.60231e-01	2.50000e-01
2.01400e-05	2.50326e-01	2.50000e-01
2.75600e-05	2.43683e-01	2.50000e-01
3.49800e-05	2.38695e-01	2.50000e-01
1.99000e-05	4.80410e-01	6.50000e-01
4.77600e-05	4.35776e-01	6.50000e-01
7.56200e-05	4.13378e-01	6.50000e-01
1.03480e-04	3.98482e-01	6.50000e-01
1.31340e-04	3.87366e-01	6.50000e-01
6.90000e-06	2.73766e-01	2.50000e-01
1.65600e-05	2.54519e-01	2.50000e-01
2.62200e-05	2.44733e-01	2.50000e-01
3.58800e-05	2.38166e-01	2.50000e-01
4.55400e-05	2.33233e-01	2.50000e-01
2.99000e-05	4.59325e-01	6.50000e-01
7.17600e-05	4.15897e-01	6.50000e-01
1.13620e-04	3.94102e-01	6.50000e-01
1.55480e-04	3.79604e-01	6.50000e-01
1.97340e-04	3.68783e-01	6.50000e-01
1.15000e-05	2.62433e-01	2.50000e-01
2.76000e-05	2.43653e-01	2.50000e-01
4.37000e-05	2.34083e-01	2.50000e-01
5.98000e-05	2.27654e-01	2.50000e-01
7.59000e-05	2.22821e-01	2.50000e-01
5.00000e-05	4.33511e-01	6.50000e-01
1.20000e-04	3.91555e-01	6.50000e-01
1.90000e-04	3.70492e-01	6.50000e-01
2.60000e-04	3.56475e-01	6.50000e-01
3.30000e-04	3.46007e-01	6.50000e-01
1.99000e-05	2.50582e-01	2.50000e-01
4.77600e-05	2.32253e-01	2.50000e-01
7.56200e-05	2.22896e-01	2.50000e-01
1.03480e-04	2.16604e-01	2.50000e-01
1.31340e-04	2.11870e-01	2.50000e-01
1.25500e-04	3.89473e-01	6.50000e-01
3.01200e-04	3.49998e-01	6.50000e-01
4.76900e-04	3.30147e-01	6.50000e-01
6.52600e-04	3.16921e-01	6.50000e-01
8.28300e-04	3.07035e-01	6.50000e-01
5.50000e-05	2.29361e-01	2.50000e-01
1.32000e-04	2.11771e-01	2.50000e-01
2.09000e-04	2.02757e-01	2.50000e-01
2.86000e-04	1.96681e-01	2.50000e-01
3.63000e-04	1.92100e-01	2.50000e-01
2.39000e-04	3.60211e-01	6.50000e-01
5.73600e-04	3.22331e-01	6.50000e-01
9.08200e-04	3.03254e-01	6.50000e-01
1.24280e-03	2.90524e-01	6.50000e-01
1.57740e-03	2.80990e-01	6.50000e-01
1.25500e-04	2.12770e-01	2.50000e-01
3.01200e-04	1.95683e-01	2.50000e-01
4.76900e-04	1.86893e-01	2.50000e-01
6.52600e-04	1.80952e-01	2.50000e-01
8.28300e-04	1.76465e-01	2.50000e-01
4.00000e-04	3.37675e-01	6.50000e-01
9.60000e-04	3.00986e-01	6.50000e-01
1.52000e-03	2.82465e-01	6.50000e-01
2.08000e-03	2.70065e-01	6.50000e-01
2.64000e-03	2.60746e-01	6.50000e-01
1.97000e-04	2.03909e-01	2.50000e-01
4.72800e-04	1.87057e-01	2.50000e-01
7.48600e-04	1.78367e-01	2.50000e-01
1.02440e-03	1.72484e-01	2.50000e-01
1.30020e-03	1.68034e-01	2.50000e-01
1.60000e-03	2.80425e-01	6.50000e-01
3.84000e-03	2.46224e-01	6.50000e-01
6.08000e-03	2.28485e-01	6.50000e-01
8.32000e-03	2.16313e-01	6.50000e-01
1.05600e-02	2.06971e-01	6.50000e-01
7.90000e-04	1.77355e-01	2.50000e-01
1.89600e-03	1.61017e-01	2.50000e-01
3.00200e-03	1.52478e-01	2.50000e-01
4.10800e-03	1.46631e-01	2.50000e-01
5.21400e-03	1.42167e-01	2.50000e-01
6.20000e-06	6.51099e-01	8.50000e-01
1.48800e-05	5.89267e-01	8.50000e-01
2.35600e-05	5.58465e-01	8.50000e-01
3.22400e-05	5.38054e-01	8.50000e-01
4.09200e-05	5.22863e-01	8.50000e-01
2.56000e-06	3.81730e-01	3.50000e-01
6.14400e-06	3.53365e-01	3.50000e-01
9.72800e-06	3.39072e-01	3.50000e-01
1.33120e-05	3.29531e-01	3.50000e-01
1.68960e-05	3.22387e-01	3.50000e-01
6.90000e-06	6.43311e-01	8.50000e-01
1.65600e-05	5.81999e-01	8.50000e-01
2.62200e-05	5.51449e-01	8.50000e-01
3.58800e-05	5.31204e-01	8.50000e-01
4.55400e-05	5.16136e-01	8.50000e-01
2.56000e-06	3.81730e-01	3.50000e-01
6.14400e-06	3.53365e-01	3.50000e-01
9.72800e-06	3.39072e-01	3.50000e-01
1.33120e-05	3.29531e-01	3.50000e-01
1.68960e-05	3.22387e-01	3.50000e-01
1.00000e-05	6.16806e-01	8.50000e-01
2.40000e-05	5.57247e-01	8.50000e-01
3.80000e-05	5.27550e-01	8.50000e-01
5.20000e-05	5.07870e-01	8.50000e-01
6.60000e-05	4.93224e-01	8.50000e-01
3.05000e-06	3.75929e-01	3.50000e-01
7.32000e-06	3.47872e-01	3.50000e-01
1.15900e-05	3.33724e-01	3.50000e-01
1.58600e-05	3.24274e-01	3.50000e-01
2.01300e-05	3.17197e-01	3.50000e-01
1.00000e-05	6.16806e-01	8.50000e-01
2.40000e-05	5.57247e-01	8.50000e-01
3.80000e-05	5.27550e-01	8.50000e-01
5.20000e-05	5.07870e-01	8.50000e-01
6.60000e-05	4.93224e-01	8.50000e-01
3.31000e-06	3.73242e-01	3.50000e-01
7.94400e-06	3.45326e-01	3.50000e-01
1.25780e-05	3.31244e-01	3.50000e-01
1.72120e-05	3.21836e-01	3.50000e-01
2.18460e-05	3.14789e-01	3.50000e-01
1.99000e-05	5.69655e-01	8.50000e-01
4.77600e-05	5.13160e-01	8.50000e-01
7.56200e-05	4.84984e-01	8.50000e-01
1.03480e-04	4.66314e-01	8.50000e-01
1.31340e-04	4.52420e-01	8.50000e-01
4.14000e-06	3.65963e-01	3.50000e-01
9.93600e-06	3.38424e-01	3.50000e-01
1.57320e-05	3.24516e-01	3.50000e-01
2.15280e-05	3.15220e-01	3.50000e-01
2.73240e-05	3.08254e-01	3.50000e-01
2.50000e-05	5.54566e-01	8.50000e-01
6.00000e-05	4.99047e-01	8.50000e-01
9.50000e-05	4.71358e-01	8.50000e-01
1.30000e-04	4.53013e-01	8.50000e-01
1.65000e-04	4.39360e-01	8.50000e-01
5.00000e-06	3.59902e-01	3.50000e-01
1.20000e-05	3.32669e-01	3.50000e-01
1.90000e-05	3.18904e-01	3.50000e-01
2.60000e-05	3.09698e-01	3.50000e-01
3.30000e-05	3.02798e-01	3.50000e-01
5.00000e-05	5.10305e-01	8.50000e-01
1.20000e-04	4.57652e-01	8.50000e-01
1.90000e-04	4.31397e-01	8.50000e-01
2.60000e-04	4.13996e-01	8.50000e-01
3.30000e-04	4.01043e-01	8.50000e-01
6.35000e-06	3.52326e-01	3.50000e-01
1.52400e-05	3.25467e-01	3.50000e-01
2.41300e-05	3.11875e-01	3.50000e-01
3.30200e-05	3.02781e-01	3.50000e-01
4.19100e-05	2.95964e-01	3.50000e-01
1.25500e-04	4.55051e-01	8.50000e-01
3.01200e-04	4.05977e-01	8.50000e-01
4.76900e-04	3.81485e-01	8.50000e-01
6.52600e-04	3.65240e-01	8.50000e-01
8.28300e-04	3.53139e-01	8.50000e-01
8.25000e-06	3.44154e-01	3.50000e-01
1.98000e-05	3.17685e-01	3.50000e-01
3.13500e-05	3.04276e-01	3.50000e-01
4.29000e-05	2.95300e-01	3.50000e-01
5.44500e-05	2.88570e-01	3.50000e-01
4.00000e-04	3.90758e-01	8.50000e-01
9.60000e-04	3.45752e-01	8.50000e-01
1.52000e-03	3.23219e-01	8.50000e-01
2.08000e-03	3.08210e-01	8.50000e-01
2.64000e-03	2.96970e-01	8.50000e-01
1.60000e-05	3.24012e-01	3.50000e-01
3.84000e-05	2.98455e-01	3.50000e-01
6.08000e-05	2.85483e-01	3.50000e-01
8.32000e-05	2.76793e-01	3.50000e-01
1.05600e-04	2.70273e-01	3.50000e-01
1.60000e-03	3.20746e-01	8.50000e-01
3.84000e-03	2.79527e-01	8.50000e-01
6.08000e-03	2.58333e-01	8.50000e-01
8.32000e-03	2.43852e-01	8.50000e-01
1.05600e-02	2.32760e-01	8.50000e-01
8.80000e-06	7.79398e-01	1.20000e+00
2.11200e-05	6.98062e-01	1.20000e+00
3.34400e-05	6.57836e-01	1.20000e+00
4.57600e-05	6.31305e-01	1.20000e+00
5.80800e-05	6.11630e-01	1.20000e+00
4.00000e-05	9.99969e-01	2.70000e+00
9.60000e-05	8.68996e-01	2.70000e+00
1.52000e-04	8.05754e-01	2.70000e+00
2.08000e-04	7.64642e-01	2.70000e+00
2.64000e-04	7.34469e-01	2.70000e+00
1.00000e-05	7.67120e-01	1.20000e+00
2.40000e-05	6.86707e-01	1.20000e+00
3.80000e-05	6.46934e-01	1.20000e+00
5.20000e-05	6.20703e-01	1.20000e+00
6.60000e-05	6.01252e-01	1.20000e+00
4.00000e-05	9.99969e-01	2.70000e+00
9.60000e-05	8.68996e-01	2.70000e+00
1.52000e-04	8.05754e-01	2.70000e+00
2.08000e-04	7.64642e-01	2.70000e+00
2.64000e-04	7.34469e-01	2.70000e+00
1.00000e-05	7.67120e-01	1.20000e+00
2.40000e-05	6.86707e-01	1.20000e+00
3.80000e-05	6.46934e-01	1.20000e+00
5.20000e-05	6.20703e-01	1.20000e+00
6.60000e-05	6.01252e-01	1.20000e+00
6.50000e-05	9.25589e-01	2.70000e+00
1.56000e-04	8.02287e-01	2.70000e+00
2.47000e-04	7.42801e-01	2.70000e+00
3.38000e-04	7.04146e-01	2.70000e+00
4.29000e-04	6.75782e-01	2.70000e+00
1.60000e-05	7.23172e-01	1.20000e+00
3.84000e-05	6.46046e-01	1.20000e+00
6.08000e-05	6.07900e-01	1.20000e+00
8.32000e-05	5.82751e-01	1.20000e+00
1.05600e-04	5.64106e-01	1.20000e+00
1.00000e-04	8.63229e-01	2.70000e+00
2.40000e-04	7.46422e-01	2.70000e+00
3.80000e-04	6.90103e-01	2.70000e+00
5.20000e-04	6.53516e-01	2.70000e+00
6.60000e-04	6.26670e-01	2.70000e+00
1.60000e-05	7.23172e-01	1.20000e+00
3.84000e-05	6.46046e-01	1.20000e+00
6.08000e-05	6.07900e-01	1.20000e+00
8.32000e-05	5.82751e-01	1.20000e+00
1.05600e-04	5.64106e-01	1.20000e+00
1.60000e-04	7.98919e-01	2.70000e+00
3.84000e-04	6.88858e-01	2.70000e+00
6.08000e-04	6.35819e-01	2.70000e+00
8.32000e-04	6.01362e-01	2.70000e+00
1.05600e-03	5.76072e-01	2.70000e+00
3.15500e-05	6.62839e-01	1.20000e+00
7.57200e-05	5.90230e-01	1.20000e+00
1.19890e-04	5.54343e-01	1.20000e+00
1.64060e-04	5.30692e-01	1.20000e+00
2.08230e-04	5.13159e-01	1.20000e+00
2.50000e-04	7.41285e-01	2.70000e+00
6.00000e-04	6.37304e-01	2.70000e+00
9.50000e-04	5.87200e-01	2.70000e+00
1.30000e-03	5.54626e-01	2.70000e+00
1.65000e-03	5.30689e-01	2.70000e+00
4.00000e-05	6.42594e-01	1.20000e+00
9.60000e-05	5.71511e-01	1.20000e+00
1.52000e-04	5.36387e-01	1.20000e+00
2.08000e-04	5.13240e-01	1.20000e+00
2.64000e-04	4.96080e-01	1.20000e+00
4.00000e-04	6.84019e-01	2.70000e+00
9.60000e-04	5.86092e-01	2.70000e+00
1.52000e-03	5.38852e-01	2.70000e+00
2.08000e-03	5.08068e-01	2.70000e+00
2.64000e-03	4.85380e-01	2.70000e+00
6.50000e-05	6.02485e-01	1.20000e+00
1.56000e-04	5.34445e-01	1.20000e+00
2.47000e-04	5.00834e-01	1.20000e+00
3.38000e-04	4.78682e-01	1.20000e+00
4.29000e-04	4.62260e-01	1.20000e+00
6.50000e-04	6.28365e-01	2.70000e+00
1.56000e-03	5.36259e-01	2.70000e+00
2.47000e-03	4.91657e-01	2.70000e+00
3.38000e-03	4.62442e-01	2.70000e+00
4.29000e-03	4.40793e-01	2.70000e+00
7.90000e-05	5.86856e-01	1.20000e+00
1.89600e-04	5.20007e-01	1.20000e+00
3.00200e-04	4.86984e-01	1.20000e+00
4.10800e-04	4.65220e-01	1.20000e+00
5.21400e-04	4.49083e-01	1.20000e+00
1.00000e-03	5.81786e-01	2.70000e+00
2.40000e-03	4.94381e-01	2.70000e+00
3.80000e-03	4.51752e-01	2.70000e+00
5.20000e-03	4.23616e-01	2.70000e+00
6.60000e-03	4.02617e-01	2.70000e+00
1.99000e-04	5.16464e-01	1.20000e+00
4.77600e-04	4.54982e-01	1.20000e+00
7.56200e-04	4.24596e-01	1.20000e+00
1.03480e-03	4.04554e-01	1.20000e+00
1.31340e-03	3.89678e-01	1.20000e+00
2.50000e-03	4.90515e-01	2.70000e+00
6.00000e-03	4.10979e-01	2.70000e+00
9.50000e-03	3.70937e-01	2.70000e+00
1.30000e-02	3.43773e-01	2.70000e+00
1.65000e-02	3.23007e-01	2.70000e+00
6.50000e-04	4.34466e-01	1.20000e+00
1.56000e-03	3.79121e-01	1.20000e+00
2.47000e-03	3.51596e-01	1.20000e+00
3.38000e-03	3.33281e-01	1.20000e+00
4.29000e-03	3.19552e-01	1.20000e+00
2.50000e-03	3.50885e-01	1.20000e+00
6.00000e-03	3.00415e-01	1.20000e+00
9.50000e-03	2.74283e-01	1.20000e+00
1.30000e-02	2.56281e-01	1.20000e+00
1.65000e-02	2.42390e-01	1.20000e+00
2.03000e-05	1.27464e+00	3.50000e+00
4.87200e-05	1.10295e+00	3.50000e+00
7.71400e-05	1.02055e+00	3.50000e+00
1.05560e-04	9.67184e-01	3.50000e+00
1.33980e-04	9.28122e-01	3.50000e+00
9.25000e-06	8.88322e-01	1.50000e+00
2.22000e-05	7.90571e-01	1.50000e+00
3.51500e-05	7.42491e-01	1.50000e+00
4.81000e-05	7.10887e-01	1.50000e+00
6.10500e-05	6.87507e-01	1.50000e+00
2.16000e-05	1.26180e+00	3.50000e+00
5.18400e-05	1.09152e+00	3.50000e+00
8.20800e-05	1.00981e+00	3.50000e+00
1.12320e-04	9.56891e-01	3.50000e+00
1.42560e-04	9.18160e-01	3.50000e+00
1.10000e-05	8.68308e-01	1.50000e+00
2.64000e-05	7.72190e-01	1.50000e+00
4.18000e-05	7.24913e-01	1.50000e+00
5.72000e-05	6.93841e-01	1.50000e+00
7.26000e-05	6.70857e-01	1.50000e+00
2.30000e-05	1.24892e+00	3.50000e+00
5.52000e-05	1.08005e+00	3.50000e+00
8.74000e-05	9.99032e-01	3.50000e+00
1.19600e-04	9.46565e-01	3.50000e+00
1.51800e-04	9.08167e-01	3.50000e+00
1.60000e-05	8.26169e-01	1.50000e+00
3.84000e-05	7.33482e-01	1.50000e+00
6.08000e-05	6.87905e-01	1.50000e+00
8.32000e-05	6.57961e-01	1.50000e+00
1.05600e-04	6.35816e-01	1.50000e+00
2.56000e-05	1.22719e+00	3.50000e+00
6.14400e-05	1.06072e+00	3.50000e+00
9.72800e-05	9.80864e-01	3.50000e+00
1.33120e-04	9.29160e-01	3.50000e+00
1.68960e-04	8.91323e-01	3.50000e+00
1.60000e-05	8.26169e-01	1.50000e+00
3.84000e-05	7.33482e-01	1.50000e+00
6.08000e-05	6.87905e-01	1.50000e+00
8.32000e-05	6.57961e-01	1.50000e+00
1.05600e-04	6.35816e-01	1.50000e+00
2.65500e-05	1.21987e+00	3.50000e+00
6.37200e-05	1.05420e+00	3.50000e+00
1.00890e-04	9.74743e-01	3.50000e+00
1.38060e-04	9.23297e-01	3.50000e+00
1.75230e-04	8.85649e-01	3.50000e+00
2.50000e-05	7.77937e-01	1.50000e+00
6.00000e-05	6.89190e-01	1.50000e+00
9.50000e-05	6.45577e-01	1.50000e+00
1.30000e-04	6.16933e-01	1.50000e+00
1.65000e-04	5.95755e-01	1.50000e+00
2.86500e-05	1.20469e+00	3.50000e+00
6.87600e-05	1.04070e+00	3.50000e+00
1.08870e-04	9.62053e-01	3.50000e+00
1.48980e-04	9.11142e-01	3.50000e+00
1.89090e-04	8.73887e-01	3.50000e+00
4.00000e-05	7.29350e-01	1.50000e+00
9.60000e-05	6.44606e-01	1.50000e+00
1.52000e-04	6.02988e-01	1.50000e+00
2.08000e-04	5.75663e-01	1.50000e+00
2.64000e-04	5.55461e-01	1.50000e+00
4.00000e-05	1.13991e+00	3.50000e+00
9.60000e-05	9.83096e-01	3.50000e+00
1.52000e-04	9.07958e-01	3.50000e+00
2.08000e-04	8.59333e-01	3.50000e+00
2.64000e-04	8.23759e-01	3.50000e+00
6.50000e-05	6.81450e-01	1.50000e+00
1.56000e-04	6.00692e-01	1.50000e+00
2.47000e-04	5.61053e-01	1.50000e+00
3.38000e-04	5.35029e-01	1.50000e+00
4.29000e-04	5.15790e-01	1.50000e+00
4.00000e-05	1.13991e+00	3.50000e+00
9.60000e-05	9.83096e-01	3.50000e+00
1.52000e-04	9.07958e-01	3.50000e+00
2.08000e-04	8.59333e-01	3.50000e+00
2.64000e-04	8.23759e-01	3.50000e+00
1.00000e-04	6.40831e-01	1.50000e+00
2.40000e-04	5.63479e-01	1.50000e+00
3.80000e-04	5.25520e-01	1.50000e+00
5.20000e-04	5.00598e-01	1.50000e+00
6.60000e-04	4.82172e-01	1.50000e+00
6.50000e-05	1.05066e+00	3.50000e+00
1.56000e-04	9.03851e-01	3.50000e+00
2.47000e-04	8.33572e-01	3.50000e+00
3.38000e-04	7.88111e-01	3.50000e+00
4.29000e-04	7.54861e-01	3.50000e+00
1.60000e-04	5.98460e-01	1.50000e+00
3.84000e-04	5.24675e-01	1.50000e+00
6.08000e-04	4.88465e-01	1.50000e+00
8.32000e-04	4.64688e-01	1.50000e+00
1.05600e-03	4.47100e-01	1.50000e+00
1.00000e-04	9.76229e-01	3.50000e+00
2.40000e-04	8.37839e-01	3.50000e+00
3.80000e-04	7.71638e-01	3.50000e+00
5.20000e-04	7.28827e-01	3.50000e+00
6.60000e-04	6.97520e-01	3.50000e+00
2.50000e-04	5.60036e-01	1.50000e+00
6.00000e-04	4.89486e-01	1.50000e+00
9.50000e-04	4.54853e-01	1.50000e+00
1.30000e-03	4.32091e-01	1.50000e+00
1.65000e-03	4.15231e-01	1.50000e+00
1.60000e-04	8.99862e-01	3.50000e+00
3.84000e-04	7.70178e-01	3.50000e+00
6.08000e-04	7.08179e-01	3.50000e+00
8.32000e-04	6.68090e-01	3.50000e+00
1.05600e-03	6.38764e-01	3.50000e+00
4.00000e-04	5.21390e-01	1.50000e+00
9.60000e-04	4.54082e-01	1.50000e+00
1.52000e-03	4.20993e-01	1.50000e+00
2.08000e-03	3.99190e-01	1.50000e+00
2.64000e-03	3.82992e-01	1.50000e+00
2.50000e-04	8.31786e-01	3.50000e+00
6.00000e-04	7.09911e-01	3.50000e+00
9.50000e-04	6.51657e-01	3.50000e+00
1.30000e-03	6.13965e-01	3.50000e+00
1.65000e-03	5.86361e-01	3.50000e+00
5.00000e-04	5.03672e-01	1.50000e+00
1.20000e-03	4.37835e-01	1.50000e+00
1.90000e-03	4.05422e-01	1.50000e+00
2.60000e-03	3.84020e-01	1.50000e+00
3.30000e-03	3.68083e-01	1.50000e+00
4.00000e-04	7.64508e-01	3.50000e+00
9.60000e-04	6.50372e-01	3.50000e+00
1.52000e-03	5.95765e-01	3.50000e+00
2.08000e-03	5.60351e-01	3.50000e+00
2.64000e-03	5.34341e-01	3.50000e+00
1.60000e-03	4.17387e-01	1.50000e+00
3.84000e-03	3.58078e-01	1.50000e+00
6.08000e-03	3.28172e-01	1.50000e+00
8.32000e-03	3.07957e-01	1.50000e+00
1.05600e-02	2.92579e-01	1.50000e+00
6.50000e-04	6.99494e-01	3.50000e+00
1.56000e-03	5.92777e-01	3.50000e+00
2.47000e-03	5.41529e-01	3.50000e+00
3.38000e-03	5.08125e-01	3.50000e+00
4.29000e-03	4.83460e-01	3.50000e+00
6.50000e-04	4.83339e-01	1.50000e+00
1.56000e-03	4.19165e-01	1.50000e+00
2.47000e-03	3.87484e-01	1.50000e+00
3.38000e-03	3.66496e-01	1.50000e+00
4.29000e-03	3.50814e-01	1.50000e+00
1.00000e-03	6.45382e-01	3.50000e+00
2.40000e-03	5.44651e-01	3.50000e+00
3.80000e-03	4.95936e-01	3.50000e+00
5.20000e-03	4.63947e-01	3.50000e+00
6.60000e-03	4.40159e-01	3.50000e+00
1.23500e-05	1.01216e+00	2.00000e+00
2.96400e-05	8.92351e-01	2.00000e+00
4.69300e-05	8.33876e-01	2.00000e+00
6.42200e-05	7.95623e-01	2.00000e+00
8.15100e-05	7.67424e-01	2.00000e+00
4.00000e-03	4.90643e-01	3.50000e+00
9.60000e-03	4.03398e-01	3.50000e+00
1.52000e-02	3.58693e-01	3.50000e+00
2.08000e-02	3.27900e-01	3.50000e+00
2.64000e-02	3.04067e-01	3.50000e+00
1.46500e-05	9.87888e-01	2.00000e+00
3.51600e-05	8.70276e-01	2.00000e+00
5.56700e-05	8.12884e-01	2.00000e+00
7.61800e-05	7.75347e-01	2.00000e+00
9.66900e-05	7.47679e-01	2.00000e+00
2.61000e-05	1.38673e+00	4.50000e+00
6.26400e-05	1.18963e+00	4.50000e+00
9.91800e-05	1.09578e+00	4.50000e+00
1.35720e-04	1.03528e+00	4.50000e+00
1.72260e-04	9.91145e-01	4.50000e+00
1.63500e-05	9.72521e-01	2.00000e+00
3.92400e-05	8.56300e-01	2.00000e+00
6.21300e-05	7.99596e-01	2.00000e+00
8.50200e-05	7.62514e-01	2.00000e+00
1.07910e-04	7.35184e-01	2.00000e+00
2.96000e-05	1.35685e+00	4.50000e+00
7.10400e-05	1.16330e+00	4.50000e+00
1.12480e-04	1.07117e+00	4.50000e+00
1.53920e-04	1.01179e+00	4.50000e+00
1.95360e-04	9.68474e-01	4.50000e+00
2.50000e-05	9.14769e-01	2.00000e+00
6.00000e-05	8.03801e-01	2.00000e+00
9.50000e-05	7.49700e-01	2.00000e+00
1.30000e-04	7.14337e-01	2.00000e+00
1.65000e-04	6.88281e-01	2.00000e+00
3.09000e-05	1.34677e+00	4.50000e+00
7.41600e-05	1.15441e+00	4.50000e+00
1.17420e-04	1.06287e+00	4.50000e+00
1.60680e-04	1.00387e+00	4.50000e+00
2.03940e-04	9.60827e-01	4.50000e+00
2.50000e-05	9.14769e-01	2.00000e+00
6.00000e-05	8.03801e-01	2.00000e+00
9.50000e-05	7.49700e-01	2.00000e+00
1.30000e-04	7.14337e-01	2.00000e+00
1.65000e-04	6.88281e-01	2.00000e+00
3.41500e-05	1.32354e+00	4.50000e+00
8.19600e-05	1.13396e+00	4.50000e+00
1.29770e-04	1.04376e+00	4.50000e+00
1.77580e-04	9.85626e-01	4.50000e+00
2.25390e-04	9.43224e-01	4.50000e+00
4.00000e-05	8.53875e-01	2.00000e+00
9.60000e-05	7.48499e-01	2.00000e+00
1.52000e-04	6.97171e-01	2.00000e+00
2.08000e-04	6.63634e-01	2.00000e+00
2.64000e-04	6.38927e-01	2.00000e+00
3.66000e-05	1.30765e+00	4.50000e+00
8.78400e-05	1.11996e+00	4.50000e+00
1.39080e-04	1.03068e+00	4.50000e+00
1.90320e-04	9.73148e-01	4.50000e+00
2.41560e-04	9.31183e-01	4.50000e+00
6.50000e-05	7.94177e-01	2.00000e+00
1.56000e-04	6.94348e-01	2.00000e+00
2.47000e-04	6.45758e-01	2.00000e+00
3.38000e-04	6.14017e-01	2.00000e+00
4.29000e-04	5.90636e-01	2.00000e+00
4.09000e-05	1.28249e+00	4.50000e+00
9.81600e-05	1.09782e+00	4.50000e+00
1.55420e-04	1.01000e+00	4.50000e+00
2.12680e-04	9.53409e-01	4.50000e+00
2.69940e-04	9.12136e-01	4.50000e+00
1.00000e-04	7.43832e-01	2.00000e+00
2.40000e-04	6.48724e-01	2.00000e+00
3.80000e-04	6.02451e-01	2.00000e+00
5.20000e-04	5.72228e-01	2.00000e+00
6.60000e-04	5.49967e-01	2.00000e+00
4.09000e-05	1.28249e+00	4.50000e+00
9.81600e-05	1.09782e+00	4.50000e+00
1.55420e-04	1.01000e+00	4.50000e+00
2.12680e-04	9.53409e-01	4.50000e+00
2.69940e-04	9.12136e-01	4.50000e+00
1.60000e-04	6.91605e-01	2.00000e+00
3.84000e-04	6.01425e-01	2.00000e+00
6.08000e-04	5.57562e-01	2.00000e+00
8.32000e-04	5.28910e-01	2.00000e+00
1.05600e-03	5.07797e-01	2.00000e+00
6.50000e-05	1.18184e+00	4.50000e+00
1.56000e-04	1.00931e+00	4.50000e+00
2.47000e-04	9.27339e-01	4.50000e+00
3.38000e-04	8.74543e-01	4.50000e+00
4.29000e-04	8.36048e-01	4.50000e+00
2.50000e-04	6.44515e-01	2.00000e+00
6.00000e-04	5.58794e-01	2.00000e+00
9.50000e-04	5.17096e-01	2.00000e+00
1.30000e-03	4.89836e-01	2.00000e+00
1.65000e-03	4.69724e-01	2.00000e+00
6.50000e-05	1.18184e+00	4.50000e+00
1.56000e-04	1.00931e+00	4.50000e+00
2.47000e-04	9.27339e-01	4.50000e+00
3.38000e-04	8.74543e-01	4.50000e+00
4.29000e-04	8.36048e-01	4.50000e+00
5.00000e-04	5.75949e-01	2.00000e+00
1.20000e-03	4.96704e-01	2.00000e+00
1.90000e-03	4.58054e-01	2.00000e+00
2.60000e-03	4.32674e-01	2.00000e+00
3.30000e-03	4.13851e-01	2.00000e+00
1.00000e-04	1.09416e+00	4.50000e+00
2.40000e-04	9.32304e-01	4.50000e+00
3.80000e-04	8.55458e-01	4.50000e+00
5.20000e-04	8.05982e-01	4.50000e+00
6.60000e-04	7.69913e-01	4.50000e+00
1.60000e-03	4.72291e-01	2.00000e+00
3.84000e-03	4.02067e-01	2.00000e+00
6.08000e-03	3.67008e-01	2.00000e+00
8.32000e-03	3.43446e-01	2.00000e+00
1.05600e-02	3.25592e-01	2.00000e+00
1.60000e-04	1.00465e+00	4.50000e+00
3.84000e-04	8.53769e-01	4.50000e+00
6.08000e-04	7.82182e-01	4.50000e+00
8.32000e-04	7.36098e-01	4.50000e+00
1.05600e-03	7.02495e-01	4.50000e+00
6.50000e-04	5.51374e-01	2.00000e+00
1.56000e-03	4.74410e-01	2.00000e+00
2.47000e-03	4.36774e-01	2.00000e+00
3.38000e-03	4.11980e-01	2.00000e+00
4.29000e-03	3.93529e-01	2.00000e+00
2.50000e-04	9.25260e-01	4.50000e+00
6.00000e-04	7.84177e-01	4.50000e+00
9.50000e-04	7.17257e-01	4.50000e+00
1.30000e-03	6.74151e-01	4.50000e+00
1.65000e-03	6.42683e-01	4.50000e+00
1.54500e-05	1.15907e+00	2.70000e+00
3.70800e-05	1.01199e+00	2.70000e+00
5.87100e-05	9.40815e-01	2.70000e+00
8.03400e-05	8.94499e-01	2.70000e+00
1.01970e-04	8.60484e-01	2.70000e+00
4.00000e-04	8.47206e-01	4.50000e+00
9.60000e-04	7.15785e-01	4.50000e+00
1.52000e-03	6.53393e-01	4.50000e+00
2.08000e-03	6.13114e-01	4.50000e+00
2.64000e-03	5.83627e-01	4.50000e+00
1.83000e-05	1.12941e+00	2.70000e+00
4.39200e-05	9.85300e-01	2.70000e+00
6.95400e-05	9.15593e-01	2.70000e+00
9.51600e-05	8.70241e-01	2.70000e+00
1.20780e-04	8.36938e-01	2.70000e+00
6.50000e-04	7.72184e-01	4.50000e+00
1.56000e-03	6.49989e-01	4.50000e+00
2.47000e-03	5.91767e-01	4.50000e+00
3.38000e-03	5.53993e-01	4.50000e+00
4.29000e-03	5.26196e-01	4.50000e+00
2.04500e-05	1.11027e+00	2.70000e+00
4.90800e-05	9.68087e-01	2.70000e+00
7.77100e-05	8.99329e-01	2.70000e+00
1.06340e-04	8.54601e-01	2.70000e+00
1.34970e-04	8.21759e-01	2.70000e+00
1.00000e-03	7.10069e-01	4.50000e+00
2.40000e-03	5.95305e-01	4.50000e+00
3.80000e-03	5.40246e-01	4.50000e+00
5.20000e-03	5.04263e-01	4.50000e+00
6.60000e-03	4.77598e-01	4.50000e+00
2.04500e-05	1.11027e+00	2.70000e+00
4.90800e-05	9.68087e-01	2.70000e+00
7.77100e-05	8.99329e-01	2.70000e+00
1.06340e-04	8.54601e-01	2.70000e+00
1.34970e-04	8.21759e-01	2.70000e+00
1.60000e-03	6.46684e-01	4.50000e+00
3.84000e-03	5.39026e-01	4.50000e+00
6.08000e-03	4.86719e-01	4.50000e+00
8.32000e-03	4.52131e-01	4.50000e+00
1.05600e-02	4.26228e-01	4.50000e+00
2.50000e-05	1.07630e+00	2.70000e+00
6.00000e-05	9.37547e-01	2.70000e+00
9.50000e-05	8.70480e-01	2.70000e+00
1.30000e-04	8.26862e-01	2.70000e+00
1.65000e-04	7.94839e-01	2.70000e+00
2.50000e-05	1.07630e+00	2.70000e+00
6.00000e-05	9.37547e-01	2.70000e+00
9.50000e-05	8.70480e-01	2.70000e+00
1.30000e-04	8.26862e-01	2.70000e+00
1.65000e-04	7.94839e-01	2.70000e+00
3.77000e-05	1.54201e+00	6.50000e+00
9.04800e-05	1.30647e+00	6.50000e+00
1.43260e-04	1.19562e+00	6.50000e+00
1.96040e-04	1.12464e+00	6.50000e+00
2.48820e-04	1.07309e+00	6.50000e+00
6.96000e-05	1.76296e+00	1.20000e+01
1.67040e-04	1.46419e+00	1.20000e+01
2.64480e-04	1.32609e+00	1.20000e+01
3.61920e-04	1.23854e+00	1.20000e+01
4.59360e-04	1.17541e+00	1.20000e+01
4.01500e-05	1.52394e+00	6.50000e+00
9.63600e-05	1.29078e+00	6.50000e+00
1.52570e-04	1.18108e+00	6.50000e+00
2.08780e-04	1.11082e+00	6.50000e+00
2.64990e-04	1.05981e+00	6.50000e+00
8.05000e-05	1.70983e+00	1.20000e+01
1.93200e-04	1.41915e+00	1.20000e+01
3.05900e-04	1.28483e+00	1.20000e+01
4.18600e-04	1.19967e+00	1.20000e+01
5.31300e-04	1.13828e+00	1.20000e+01
4.27500e-05	1.50611e+00	6.50000e+00
1.02600e-04	1.27531e+00	6.50000e+00
1.62450e-04	1.16673e+00	6.50000e+00
2.22300e-04	1.09720e+00	6.50000e+00
2.82150e-04	1.04671e+00	6.50000e+00
8.05000e-05	1.70983e+00	1.20000e+01
1.93200e-04	1.41915e+00	1.20000e+01
3.05900e-04	1.28483e+00	1.20000e+01
4.18600e-04	1.19967e+00	1.20000e+01
5.31300e-04	1.13828e+00	1.20000e+01
4.76000e-05	1.47599e+00	6.50000e+00
1.14240e-04	1.24918e+00	6.50000e+00
1.80880e-04	1.14250e+00	6.50000e+00
2.47520e-04	1.07420e+00	6.50000e+00
3.14160e-04	1.02460e+00	6.50000e+00
9.10000e-05	1.66618e+00	1.20000e+01
2.18400e-04	1.38216e+00	1.20000e+01
3.45800e-04	1.25093e+00	1.20000e+01
4.73200e-04	1.16775e+00	1.20000e+01
6.00600e-04	1.10778e+00	1.20000e+01
4.93000e-05	1.46627e+00	6.50000e+00
1.18320e-04	1.24075e+00	6.50000e+00
1.87340e-04	1.13468e+00	6.50000e+00
2.56360e-04	1.06677e+00	6.50000e+00
3.25380e-04	1.01747e+00	6.50000e+00
1.00000e-04	1.63327e+00	1.20000e+01
2.40000e-04	1.35428e+00	1.20000e+01
3.80000e-04	1.22540e+00	1.20000e+01
5.20000e-04	1.14370e+00	1.20000e+01
6.60000e-04	1.08481e+00	1.20000e+01
4.93000e-05	1.46627e+00	6.50000e+00
1.18320e-04	1.24075e+00	6.50000e+00
1.87340e-04	1.13468e+00	6.50000e+00
2.56360e-04	1.06677e+00	6.50000e+00
3.25380e-04	1.01747e+00	6.50000e+00
1.00000e-04	1.63327e+00	1.20000e+01
2.40000e-04	1.35428e+00	1.20000e+01
3.80000e-04	1.22540e+00	1.20000e+01
5.20000e-04	1.14370e+00	1.20000e+01
6.60000e-04	1.08481e+00	1.20000e+01
6.50000e-05	1.39156e+00	6.50000e+00
1.56000e-04	1.17598e+00	6.50000e+00
2.47000e-04	1.07464e+00	6.50000e+00
3.38000e-04	1.00977e+00	6.50000e+00
4.29000e-04	9.62685e-01	6.50000e+00
1.60000e-04	1.47775e+00	1.20000e+01
3.84000e-04	1.22259e+00	1.20000e+01
6.08000e-04	1.10478e+00	1.20000e+01
8.32000e-04	1.03011e+00	1.20000e+01
1.05600e-03	9.76274e-01	1.20000e+01
6.50000e-05	1.39156e+00	6.50000e+00
1.56000e-04	1.17598e+00	6.50000e+00
2.47000e-04	1.07464e+00	6.50000e+00
3.38000e-04	1.00977e+00	6.50000e+00
4.29000e-04	9.62685e-01	6.50000e+00
1.60000e-04	1.47775e+00	1.20000e+01
3.84000e-04	1.22259e+00	1.20000e+01
6.08000e-04	1.10478e+00	1.20000e+01
8.32000e-04	1.03011e+00	1.20000e+01
1.05600e-03	9.76274e-01	1.20000e+01
1.00000e-04	1.28162e+00	6.50000e+00
2.40000e-04	1.08076e+00	6.50000e+00
3.80000e-04	9.86407e-01	6.50000e+00
5.20000e-04	9.26030e-01	6.50000e+00
6.60000e-04	8.82209e-01	6.50000e+00
2.50000e-04	1.34237e+00	1.20000e+01
6.00000e-04	1.10803e+00	1.20000e+01
9.50000e-04	9.99860e-01	1.20000e+01
1.30000e-03	9.31275e-01	1.20000e+01
1.65000e-03	8.81774e-01	1.20000e+01
1.00000e-04	1.28162e+00	6.50000e+00
2.40000e-04	1.08076e+00	6.50000e+00
3.80000e-04	9.86407e-01	6.50000e+00
5.20000e-04	9.26030e-01	6.50000e+00
6.60000e-04	8.82209e-01	6.50000e+00
4.00000e-04	1.21170e+00	1.20000e+01
9.60000e-04	9.97504e-01	1.20000e+01
1.52000e-03	8.98567e-01	1.20000e+01
2.08000e-03	8.35714e-01	1.20000e+01
2.64000e-03	7.90236e-01	1.20000e+01
1.60000e-04	1.17019e+00	6.50000e+00
3.84000e-04	9.84340e-01	6.50000e+00
6.08000e-04	8.97096e-01	6.50000e+00
8.32000e-04	8.41279e-01	6.50000e+00
1.05600e-03	8.00758e-01	6.50000e+00
6.50000e-04	1.08850e+00	1.20000e+01
1.56000e-03	8.93224e-01	1.20000e+01
2.47000e-03	8.02744e-01	1.20000e+01
3.38000e-03	7.45008e-01	1.20000e+01
4.29000e-03	7.03035e-01	1.20000e+01
2.50000e-04	1.07208e+00	6.50000e+00
6.00000e-04	8.99518e-01	6.50000e+00
9.50000e-04	8.18539e-01	6.50000e+00
1.30000e-03	7.66702e-01	6.50000e+00
1.65000e-03	7.29029e-01	6.50000e+00
1.00000e-03	9.88364e-01	1.20000e+01
2.40000e-03	8.08191e-01	1.20000e+01
3.80000e-03	7.24194e-01	1.20000e+01
5.20000e-03	6.70239e-01	1.20000e+01
6.60000e-03	6.30763e-01	1.20000e+01
4.00000e-04	9.76316e-01	6.50000e+00
9.60000e-04	8.16765e-01	6.50000e+00
1.52000e-03	7.41835e-01	6.50000e+00
2.08000e-03	6.93766e-01	6.50000e+00
2.64000e-03	6.58738e-01	6.50000e+00
1.60000e-03	8.88041e-01	1.20000e+01
3.84000e-03	7.22352e-01	1.20000e+01
6.08000e-03	6.44216e-01	1.20000e+01
8.32000e-03	5.93484e-01	1.20000e+01
1.05600e-02	5.56000e-01	1.20000e+01
6.50000e-04	8.84963e-01	6.50000e+00
1.56000e-03	7.37763e-01	6.50000e+00
2.47000e-03	6.68394e-01	6.50000e+00
3.38000e-03	6.23679e-01	6.50000e+00
4.29000e-03	5.90930e-01	6.50000e+00
2.50000e-03	8.00465e-01	1.20000e+01
6.00000e-03	6.46400e-01	1.20000e+01
9.50000e-03	5.72533e-01	1.20000e+01
1.30000e-02	5.23884e-01	1.20000e+01
1.65000e-02	4.87485e-01	1.20000e+01
1.00000e-03	8.09878e-01	6.50000e+00
2.40000e-03	6.72594e-01	6.50000e+00
3.80000e-03	6.07466e-01	6.50000e+00
5.20000e-03	5.65187e-01	6.50000e+00
6.60000e-03	5.34010e-01	6.50000e+00
1.60000e-03	7.33811e-01	6.50000e+00
3.84000e-03	6.06028e-01	6.50000e+00
6.08000e-03	5.44659e-01	6.50000e+00
8.32000e-03	5.04363e-01	6.50000e+00
1.05600e-02	4.74341e-01	6.50000e+00
8.70000e-05	1.82834e+00	1.50000e+01
2.08800e-04	1.50776e+00	1.50000e+01
3.30600e-04	1.36048e+00	1.50000e+01
4.52400e-04	1.26743e+00	1.50000e+01
5.74200e-04	1.20049e+00	1.50000e+01
2.50000e-03	6.66636e-01	6.50000e+00
6.00000e-03	5.46385e-01	6.50000e+00
9.50000e-03	4.87610e-01	6.50000e+00
1.30000e-02	4.48437e-01	6.50000e+00
1.65000e-02	4.18866e-01	6.50000e+00
1.00000e-04	1.77356e+00	1.50000e+01
2.40000e-04	1.46170e+00	1.50000e+01
3.80000e-04	1.31845e+00	1.50000e+01
5.20000e-04	1.22794e+00	1.50000e+01
6.60000e-04	1.16284e+00	1.50000e+01
1.00000e-04	1.77356e+00	1.50000e+01
2.40000e-04	1.46170e+00	1.50000e+01
3.80000e-04	1.31845e+00	1.50000e+01
5.20000e-04	1.22794e+00	1.50000e+01
6.60000e-04	1.16284e+00	1.50000e+01
1.14000e-04	1.72338e+00	1.50000e+01
2.73600e-04	1.41951e+00	1.50000e+01
4.33200e-04	1.27995e+00	1.50000e+01
5.92800e-04	1.19178e+00	1.50000e+01
7.52400e-04	1.12836e+00	1.50000e+01
4.93000e-05	1.64551e+00	8.50000e+00
1.18320e-04	1.38188e+00	8.50000e+00
1.87340e-04	1.25883e+00	8.50000e+00
2.56360e-04	1.18038e+00	8.50000e+00
3.25380e-04	1.12359e+00	8.50000e+00
1.23000e-04	1.69487e+00	1.50000e+01
2.95200e-04	1.39554e+00	1.50000e+01
4.67400e-04	1.25808e+00	1.50000e+01
6.39600e-04	1.17124e+00	1.50000e+01
8.11800e-04	1.10878e+00	1.50000e+01
5.25000e-05	1.62521e+00	8.50000e+00
1.26000e-04	1.36445e+00	8.50000e+00
1.99500e-04	1.24275e+00	8.50000e+00
2.73000e-04	1.16516e+00	8.50000e+00
3.46500e-04	1.10901e+00	8.50000e+00
1.60000e-04	1.59943e+00	1.50000e+01
3.84000e-04	1.31533e+00	1.50000e+01
6.08000e-04	1.18490e+00	1.50000e+01
8.32000e-04	1.10251e+00	1.50000e+01
1.05600e-03	1.04323e+00	1.50000e+01
5.60000e-05	1.60460e+00	8.50000e+00
1.34400e-04	1.34676e+00	8.50000e+00
2.12800e-04	1.22643e+00	8.50000e+00
2.91200e-04	1.14973e+00	8.50000e+00
3.69600e-04	1.09421e+00	8.50000e+00
1.60000e-04	1.59943e+00	1.50000e+01
3.84000e-04	1.31533e+00	1.50000e+01
6.08000e-04	1.18490e+00	1.50000e+01
8.32000e-04	1.10251e+00	1.50000e+01
1.05600e-03	1.04323e+00	1.50000e+01
6.20000e-05	1.57257e+00	8.50000e+00
1.48800e-04	1.31926e+00	8.50000e+00
2.35600e-04	1.20107e+00	8.50000e+00
3.22400e-04	1.12574e+00	8.50000e+00
4.09200e-04	1.07121e+00	8.50000e+00
2.50000e-04	1.44844e+00	1.50000e+01
6.00000e-04	1.18849e+00	1.50000e+01
9.50000e-04	1.06919e+00	1.50000e+01
1.30000e-03	9.93784e-01	1.50000e+01
1.65000e-03	9.39491e-01	1.50000e+01
6.45000e-05	1.56028e+00	8.50000e+00
1.54800e-04	1.30871e+00	8.50000e+00
2.45100e-04	1.19135e+00	8.50000e+00
3.35400e-04	1.11654e+00	8.50000e+00
4.25700e-04	1.06240e+00	8.50000e+00
4.00000e-04	1.30325e+00	1.50000e+01
9.60000e-04	1.06659e+00	1.50000e+01
1.52000e-03	9.57898e-01	1.50000e+01
2.08000e-03	8.89077e-01	1.50000e+01
2.64000e-03	8.39403e-01	1.50000e+01
6.95000e-05	1.53730e+00	8.50000e+00
1.66800e-04	1.28899e+00	8.50000e+00
2.64100e-04	1.17316e+00	8.50000e+00
3.61400e-04	1.09933e+00	8.50000e+00
4.58700e-04	1.04591e+00	8.50000e+00
6.50000e-04	1.16692e+00	1.50000e+01
1.56000e-03	9.52040e-01	1.50000e+01
2.47000e-03	8.53054e-01	1.50000e+01
3.38000e-03	7.90112e-01	1.50000e+01
4.29000e-03	7.44474e-01	1.50000e+01
6.95000e-05	1.53730e+00	8.50000e+00
1.66800e-04	1.28899e+00	8.50000e+00
2.64100e-04	1.17316e+00	8.50000e+00
3.61400e-04	1.09933e+00	8.50000e+00
4.58700e-04	1.04591e+00	8.50000e+00
1.00000e-03	1.05653e+00	1.50000e+01
2.40000e-03	8.59001e-01	1.50000e+01
3.80000e-03	7.67467e-01	1.50000e+01
5.20000e-03	7.08888e-01	1.50000e+01
6.60000e-03	6.66150e-01	1.50000e+01
1.00000e-04	1.42947e+00	8.50000e+00
2.40000e-04	1.19651e+00	8.50000e+00
3.80000e-04	1.08790e+00	8.50000e+00
5.20000e-04	1.01869e+00	8.50000e+00
6.60000e-04	9.68616e-01	8.50000e+00
1.60000e-03	9.46359e-01	1.50000e+01
3.84000e-03	7.65464e-01	1.50000e+01
6.08000e-03	6.80703e-01	1.50000e+01
8.32000e-03	6.25889e-01	1.50000e+01
1.05600e-02	5.85512e-01	1.50000e+01
1.00000e-04	1.42947e+00	8.50000e+00
2.40000e-04	1.19651e+00	8.50000e+00
3.80000e-04	1.08790e+00	8.50000e+00
5.20000e-04	1.01869e+00	8.50000e+00
6.60000e-04	9.68616e-01	8.50000e+00
2.50000e-03	8.50566e-01	1.50000e+01
6.00000e-03	6.83066e-01	1.50000e+01
9.50000e-03	6.03308e-01	1.50000e+01
1.30000e-02	5.51005e-01	1.50000e+01
1.65000e-02	5.11999e-01	1.50000e+01
1.60000e-04	1.29995e+00	8.50000e+00
3.84000e-04	1.08553e+00	8.50000e+00
6.08000e-04	9.85614e-01	8.50000e+00
8.32000e-04	9.21963e-01	8.50000e+00
1.05600e-03	8.75897e-01	8.50000e+00
4.00000e-03	7.57688e-01	1.50000e+01
9.60000e-03	6.01538e-01	1.50000e+01
1.52000e-02	5.25372e-01	1.50000e+01
2.08000e-02	4.74443e-01	1.50000e+01
2.64000e-02	4.35849e-01	1.50000e+01
2.50000e-04	1.18650e+00	8.50000e+00
6.00000e-04	9.88381e-01	8.50000e+00
9.50000e-04	8.96097e-01	8.50000e+00
1.30000e-03	8.37276e-01	8.50000e+00
1.65000e-03	7.94661e-01	8.50000e+00
4.00000e-04	1.07632e+00	8.50000e+00
9.60000e-04	8.94081e-01	8.50000e+00
1.52000e-03	8.09134e-01	8.50000e+00
2.08000e-03	7.54878e-01	8.50000e+00
2.64000e-03	7.15467e-01	8.50000e+00
1.04500e-04	1.87465e+00	1.80000e+01
2.50800e-04	1.53702e+00	1.80000e+01
3.97100e-04	1.38265e+00	1.80000e+01
5.43400e-04	1.28537e+00	1.80000e+01
6.89700e-04	1.21553e+00	1.80000e+01
6.50000e-04	9.71760e-01	8.50000e+00
1.56000e-03	8.04531e-01	8.50000e+00
2.47000e-03	7.26320e-01	8.50000e+00
3.38000e-03	6.76133e-01	8.50000e+00
4.29000e-03	6.39498e-01	8.50000e+00
1.18500e-04	1.82236e+00	1.80000e+01
2.84400e-04	1.49332e+00	1.80000e+01
4.50300e-04	1.34290e+00	1.80000e+01
6.16200e-04	1.24811e+00	1.80000e+01
7.82100e-04	1.18006e+00	1.80000e+01
1.00000e-03	8.86255e-01	8.50000e+00
2.40000e-03	7.31043e-01	8.50000e+00
3.80000e-03	6.57983e-01	8.50000e+00
5.20000e-03	6.10777e-01	8.50000e+00
6.60000e-03	5.76088e-01	8.50000e+00
1.34000e-04	1.77252e+00	1.80000e+01
3.21600e-04	1.45168e+00	1.80000e+01
5.09200e-04	1.30502e+00	1.80000e+01
6.96800e-04	1.21261e+00	1.80000e+01
8.84400e-04	1.14626e+00	1.80000e+01
1.60000e-03	8.00064e-01	8.50000e+00
3.84000e-03	6.56375e-01	8.50000e+00
6.08000e-03	5.87924e-01	8.50000e+00
8.32000e-03	5.43202e-01	8.50000e+00
1.05600e-02	5.10004e-01	8.50000e+00
1.34000e-04	1.77252e+00	1.80000e+01
3.21600e-04	1.45168e+00	1.80000e+01
5.09200e-04	1.30502e+00	1.80000e+01
6.96800e-04	1.21261e+00	1.80000e+01
8.84400e-04	1.14626e+00	1.80000e+01
2.50000e-03	7.24343e-01	8.50000e+00
6.00000e-03	5.89845e-01	8.50000e+00
9.50000e-03	5.24664e-01	8.50000e+00
1.30000e-02	4.81448e-01	8.50000e+00
1.65000e-02	4.48953e-01	8.50000e+00
1.64000e-04	1.69329e+00	1.80000e+01
3.93600e-04	1.38548e+00	1.80000e+01
6.23200e-04	1.24481e+00	1.80000e+01
8.52800e-04	1.15618e+00	1.80000e+01
1.08240e-03	1.09253e+00	1.80000e+01
1.64000e-04	1.69329e+00	1.80000e+01
3.93600e-04	1.38548e+00	1.80000e+01
6.23200e-04	1.24481e+00	1.80000e+01
8.52800e-04	1.15618e+00	1.80000e+01
1.08240e-03	1.09253e+00	1.80000e+01
6.50000e-05	1.66417e+00	1.00000e+01
1.56000e-04	1.38952e+00	1.00000e+01
2.47000e-04	1.26195e+00	1.00000e+01
3.38000e-04	1.18084e+00	1.00000e+01
4.29000e-04	1.12225e+00	1.00000e+01
2.50000e-04	1.53814e+00	1.80000e+01
6.00000e-04	1.25593e+00	1.80000e+01
9.50000e-04	1.12698e+00	1.80000e+01
1.30000e-03	1.04570e+00	1.80000e+01
1.65000e-03	9.87281e-01	1.80000e+01
1.00000e-04	1.52358e+00	1.00000e+01
2.40000e-04	1.26962e+00	1.00000e+01
3.80000e-04	1.15173e+00	1.00000e+01
5.20000e-04	1.07681e+00	1.00000e+01
6.60000e-04	1.02269e+00	1.00000e+01
2.50000e-04	1.53814e+00	1.80000e+01
6.00000e-04	1.25593e+00	1.80000e+01
9.50000e-04	1.12698e+00	1.80000e+01
1.30000e-03	1.04570e+00	1.80000e+01
1.65000e-03	9.87281e-01	1.80000e+01
1.60000e-04	1.38221e+00	1.00000e+01
3.84000e-04	1.14916e+00	1.00000e+01
6.08000e-04	1.04105e+00	1.00000e+01
8.32000e-04	9.72341e-01	1.00000e+01
1.05600e-03	9.22704e-01	1.00000e+01
4.00000e-04	1.38032e+00	1.80000e+01
9.60000e-04	1.12418e+00	1.80000e+01
1.52000e-03	1.00707e+00	1.80000e+01
2.08000e-03	9.33127e-01	1.80000e+01
2.64000e-03	8.79859e-01	1.80000e+01
2.50000e-04	1.25874e+00	1.00000e+01
6.00000e-04	1.04404e+00	1.00000e+01
9.50000e-04	9.44461e-01	1.00000e+01
1.30000e-03	8.81151e-01	1.00000e+01
1.65000e-03	8.35367e-01	1.00000e+01
6.50000e-04	1.23258e+00	1.80000e+01
1.56000e-03	1.00077e+00	1.80000e+01
2.47000e-03	8.94488e-01	1.80000e+01
3.38000e-03	8.27095e-01	1.80000e+01
4.29000e-03	7.78334e-01	1.80000e+01
4.00000e-04	1.13918e+00	1.00000e+01
9.60000e-04	9.42288e-01	1.00000e+01
1.52000e-03	8.50908e-01	1.00000e+01
2.08000e-03	7.92692e-01	1.00000e+01
2.64000e-03	7.50484e-01	1.00000e+01
1.00000e-03	1.11333e+00	1.80000e+01
2.40000e-03	9.00864e-01	1.80000e+01
3.80000e-03	8.02890e-01	1.80000e+01
5.20000e-03	7.40378e-01	1.80000e+01
6.60000e-03	6.94875e-01	1.80000e+01
6.50000e-04	1.02608e+00	1.00000e+01
1.56000e-03	8.45964e-01	1.00000e+01
2.47000e-03	7.62100e-01	1.00000e+01
3.38000e-03	7.08429e-01	1.00000e+01
4.29000e-03	6.69327e-01	1.00000e+01
1.60000e-03	9.94665e-01	1.80000e+01
3.84000e-03	8.00750e-01	1.80000e+01
6.08000e-03	7.10359e-01	1.80000e+01
8.32000e-03	6.52096e-01	1.80000e+01
1.05600e-02	6.09285e-01	1.80000e+01
1.00000e-03	9.33858e-01	1.00000e+01
2.40000e-03	7.67157e-01	1.00000e+01
3.80000e-03	6.89048e-01	1.00000e+01
5.20000e-03	6.38720e-01	1.00000e+01
6.60000e-03	6.01814e-01	1.00000e+01
2.50000e-03	8.91821e-01	1.80000e+01
6.00000e-03	7.12875e-01	1.80000e+01
9.50000e-03	6.28142e-01	1.80000e+01
1.30000e-02	5.72775e-01	1.80000e+01
1.65000e-02	5.31595e-01	1.80000e+01
2.50000e-03	7.59984e-01	1.00000e+01
6.00000e-03	6.16441e-01	1.00000e+01
9.50000e-03	5.47230e-01	1.00000e+01
1.30000e-02	5.01487e-01	1.00000e+01
1.65000e-02	4.67171e-01	1.00000e+01
4.00000e-03	7.92443e-01	1.80000e+01
9.60000e-03	6.26266e-01	1.80000e+01
1.52000e-02	5.45703e-01	1.80000e+01
2.08000e-02	4.92041e-01	1.80000e+01
2.64000e-02	4.51492e-01	1.80000e+01
1.45000e-04	1.86301e+00	2.20000e+01
3.48000e-04	1.51683e+00	2.20000e+01
5.51000e-04	1.35938e+00	2.20000e+01
7.54000e-04	1.26045e+00	2.20000e+01
9.57000e-04	1.18956e+00	2.20000e+01
1.60000e-04	1.82080e+00	2.20000e+01
3.84000e-04	1.48179e+00	2.20000e+01
6.08000e-04	1.32762e+00	2.20000e+01
8.32000e-04	1.23075e+00	2.20000e+01
1.05600e-03	1.16133e+00	2.20000e+01
1.72500e-04	1.78913e+00	2.20000e+01
4.14000e-04	1.45551e+00	2.20000e+01
6.55500e-04	1.30379e+00	2.20000e+01
8.97000e-04	1.20846e+00	2.20000e+01
1.13850e-03	1.14014e+00	2.20000e+01
1.94000e-04	1.74068e+00	2.20000e+01
4.65600e-04	1.41530e+00	2.20000e+01
7.37200e-04	1.26734e+00	2.20000e+01
1.00880e-03	1.17437e+00	2.20000e+01
1.28040e-03	1.10773e+00	2.20000e+01
2.50000e-04	1.64010e+00	2.20000e+01
6.00000e-04	1.33185e+00	2.20000e+01
9.50000e-04	1.19169e+00	2.20000e+01
1.30000e-03	1.10360e+00	2.20000e+01
1.65000e-03	1.04041e+00	2.20000e+01
2.50000e-04	1.64010e+00	2.20000e+01
6.00000e-04	1.33185e+00	2.20000e+01
9.50000e-04	1.19169e+00	2.20000e+01
1.30000e-03	1.10360e+00	2.20000e+01
1.65000e-03	1.04041e+00	2.20000e+01
2.96000e-04	1.57607e+00	2.20000e+01
7.10400e-04	1.27873e+00	2.20000e+01
1.12480e-03	1.14353e+00	2.20000e+01
1.53920e-03	1.05851e+00	2.20000e+01
1.95360e-03	9.97502e-01	2.20000e+01
4.00000e-04	1.46748e+00	2.20000e+01
9.60000e-04	1.18866e+00	2.20000e+01
1.52000e-03	1.06181e+00	2.20000e+01
2.08000e-03	9.81946e-01	2.20000e+01
2.64000e-03	9.24539e-01	2.20000e+01
6.50000e-04	1.30644e+00	2.20000e+01
1.56000e-03	1.05500e+00	2.20000e+01
2.47000e-03	9.40295e-01	2.20000e+01
3.38000e-03	8.67789e-01	2.20000e+01
4.29000e-03	8.15450e-01	2.20000e+01
1.00000e-03	1.17688e+00	2.20000e+01
2.40000e-03	9.47164e-01	2.20000e+01
3.80000e-03	8.41794e-01	2.20000e+01
5.20000e-03	7.74787e-01	2.20000e+01
6.60000e-03	7.26134e-01	2.20000e+01
1.60000e-03	1.04839e+00	2.20000e+01
3.84000e-03	8.39497e-01	2.20000e+01
6.08000e-03	7.42677e-01	2.20000e+01
8.32000e-03	6.80498e-01	2.20000e+01
1.05600e-02	6.34935e-01	2.20000e+01
2.50000e-03	9.37422e-01	2.20000e+01
6.00000e-03	7.45367e-01	2.20000e+01
9.50000e-03	6.54990e-01	2.20000e+01
1.30000e-02	5.96170e-01	2.20000e+01
1.65000e-02	5.52554e-01	2.20000e+01
4.00000e-03	8.30583e-01	2.20000e+01
9.60000e-03	6.52994e-01	2.20000e+01
1.52000e-02	5.67483e-01	2.20000e+01
2.08000e-02	5.10772e-01	2.20000e+01
2.64000e-02	4.68059e-01	2.20000e+01
