3.10500e-07	7.72260e-02	4.50000e-02
7.45200e-07	7.27648e-02	4.50000e-02
1.17990e-06	7.04893e-02	4.50000e-02
1.61460e-06	6.89604e-02	4.50000e-02
2.04930e-06	6.78107e-02	4.50000e-02
3.31000e-05	3.03939e-01	3.50000e-01
7.94400e-05	2.77160e-01	3.50000e-01
1.25780e-04	2.63556e-01	3.50000e-01
1.72120e-04	2.54443e-01	3.50000e-01
2.18460e-04	2.47608e-01	3.50000e-01
4.48500e-07	1.06865e-01	6.50000e-02
1.07640e-06	1.00473e-01	6.50000e-02
1.70430e-06	9.72150e-02	6.50000e-02
2.33220e-06	9.50271e-02	6.50000e-02
2.96010e-06	9.33821e-02	6.50000e-02
6.50000e-05	2.83194e-01	3.50000e-01
1.56000e-04	2.57285e-01	3.50000e-01
2.47000e-04	2.44117e-01	3.50000e-01
3.38000e-04	2.35283e-01	3.50000e-01
4.29000e-04	2.28641e-01	3.50000e-01
5.10000e-07	1.05910e-01	6.50000e-02
1.22400e-06	9.95555e-02	6.50000e-02
1.93800e-06	9.63152e-02	6.50000e-02
2.65200e-06	9.41386e-02	6.50000e-02
3.36600e-06	9.25015e-02	6.50000e-02
1.10000e-04	2.67493e-01	3.50000e-01
2.64000e-04	2.42233e-01	3.50000e-01
4.18000e-04	2.29362e-01	3.50000e-01
5.72000e-04	2.20698e-01	3.50000e-01
7.26000e-04	2.14168e-01	3.50000e-01
5.85000e-07	1.34420e-01	8.50000e-02
1.40400e-06	1.26127e-01	8.50000e-02
2.22300e-06	1.21904e-01	8.50000e-02
3.04200e-06	1.19068e-01	8.50000e-02
3.86100e-06	1.16937e-01	8.50000e-02
2.50000e-04	2.43775e-01	3.50000e-01
6.00000e-04	2.19385e-01	3.50000e-01
9.50000e-04	2.06856e-01	3.50000e-01
1.30000e-03	1.98388e-01	3.50000e-01
1.65000e-03	1.91987e-01	3.50000e-01
6.70000e-07	1.33113e-01	8.50000e-02
1.60800e-06	1.24871e-01	8.50000e-02
2.54600e-06	1.20673e-01	8.50000e-02
3.48400e-06	1.17853e-01	8.50000e-02
4.42200e-06	1.15733e-01	8.50000e-02
1.25500e-03	1.99336e-01	3.50000e-01
3.01200e-03	1.75880e-01	3.50000e-01
4.76900e-03	1.63516e-01	3.50000e-01
6.52600e-03	1.54999e-01	3.50000e-01
8.28300e-03	1.48472e-01	3.50000e-01
7.80000e-07	1.31658e-01	8.50000e-02
1.87200e-06	1.23473e-01	8.50000e-02
2.96400e-06	1.19302e-01	8.50000e-02
4.05600e-06	1.16499e-01	8.50000e-02
5.14800e-06	1.14390e-01	8.50000e-02
4.41500e-06	4.08899e-01	4.00000e-01
1.05960e-05	3.75107e-01	4.00000e-01
1.67770e-05	3.58047e-01	4.00000e-01
2.29580e-05	3.46663e-01	4.00000e-01
2.91390e-05	3.38150e-01	4.00000e-01
7.55000e-07	1.66419e-01	1.10000e-01
1.81200e-06	1.55790e-01	1.10000e-01
2.86900e-06	1.50382e-01	1.10000e-01
3.92600e-06	1.46754e-01	1.10000e-01
4.98300e-06	1.44027e-01	1.10000e-01
5.50000e-06	4.00250e-01	4.00000e-01
1.32000e-05	3.66893e-01	4.00000e-01
2.09000e-05	3.50050e-01	4.00000e-01
2.86000e-05	3.38813e-01	4.00000e-01
3.63000e-05	3.30407e-01	4.00000e-01
8.65000e-07	1.64738e-01	1.10000e-01
2.07600e-06	1.54177e-01	1.10000e-01
3.28700e-06	1.48803e-01	1.10000e-01
4.49800e-06	1.45195e-01	1.10000e-01
5.70900e-06	1.42482e-01	1.10000e-01
6.65000e-06	3.92870e-01	4.00000e-01
1.59600e-05	3.59879e-01	4.00000e-01
2.52700e-05	3.43223e-01	4.00000e-01
3.45800e-05	3.32109e-01	4.00000e-01
4.38900e-05	3.23794e-01	4.00000e-01
1.01000e-06	1.62837e-01	1.10000e-01
2.42400e-06	1.52352e-01	1.10000e-01
3.83800e-06	1.47014e-01	1.10000e-01
5.25200e-06	1.43429e-01	1.10000e-01
6.66600e-06	1.40731e-01	1.10000e-01
8.50000e-06	3.83452e-01	4.00000e-01
2.04000e-05	3.50926e-01	4.00000e-01
3.23000e-05	3.34509e-01	4.00000e-01
4.42000e-05	3.23550e-01	4.00000e-01
5.61000e-05	3.15346e-01	4.00000e-01
1.21500e-06	1.60588e-01	1.10000e-01
2.91600e-06	1.50193e-01	1.10000e-01
4.61700e-06	1.44896e-01	1.10000e-01
6.31800e-06	1.41336e-01	1.10000e-01
8.01900e-06	1.38656e-01	1.10000e-01
1.10000e-05	3.73701e-01	4.00000e-01
2.64000e-05	3.41661e-01	4.00000e-01
4.18000e-05	3.25487e-01	4.00000e-01
5.72000e-05	3.14683e-01	4.00000e-01
7.26000e-05	3.06590e-01	4.00000e-01
1.03500e-06	2.12882e-01	1.50000e-01
2.48400e-06	1.98613e-01	1.50000e-01
3.93300e-06	1.91365e-01	1.50000e-01
5.38200e-06	1.86505e-01	1.50000e-01
6.83100e-06	1.82854e-01	1.50000e-01
1.84000e-05	3.54674e-01	4.00000e-01
4.41600e-05	3.23582e-01	4.00000e-01
6.99200e-05	3.07860e-01	4.00000e-01
9.56800e-05	2.97343e-01	4.00000e-01
1.21440e-04	2.89464e-01	4.00000e-01
1.18000e-06	2.10705e-01	1.50000e-01
2.83200e-06	1.96529e-01	1.50000e-01
4.48400e-06	1.89326e-01	1.50000e-01
6.13600e-06	1.84493e-01	1.50000e-01
7.78800e-06	1.80861e-01	1.50000e-01
4.41500e-05	3.23590e-01	4.00000e-01
1.05960e-04	2.93959e-01	4.00000e-01
1.67770e-04	2.78939e-01	4.00000e-01
2.29580e-04	2.68892e-01	4.00000e-01
2.91390e-04	2.61360e-01	4.00000e-01
1.38000e-06	2.08124e-01	1.50000e-01
3.31200e-06	1.94057e-01	1.50000e-01
5.24400e-06	1.86905e-01	1.50000e-01
7.17600e-06	1.82104e-01	1.50000e-01
9.10800e-06	1.78494e-01	1.50000e-01
8.80000e-05	3.00132e-01	4.00000e-01
2.11200e-04	2.71550e-01	4.00000e-01
3.34400e-04	2.57048e-01	4.00000e-01
4.57600e-04	2.47317e-01	4.00000e-01
5.80800e-04	2.40000e-01	4.00000e-01
1.65500e-06	2.05154e-01	1.50000e-01
3.97200e-06	1.91211e-01	1.50000e-01
6.28900e-06	1.84116e-01	1.50000e-01
8.60600e-06	1.79349e-01	1.50000e-01
1.09230e-05	1.75765e-01	1.50000e-01
1.47000e-04	2.83222e-01	4.00000e-01
3.52800e-04	2.55377e-01	4.00000e-01
5.58600e-04	2.41192e-01	4.00000e-01
7.64400e-04	2.31645e-01	4.00000e-01
9.70200e-04	2.24454e-01	4.00000e-01
2.07000e-06	2.01534e-01	1.50000e-01
4.96800e-06	1.87739e-01	1.50000e-01
7.86600e-06	1.80710e-01	1.50000e-01
1.07640e-05	1.75985e-01	1.50000e-01
1.36620e-05	1.72432e-01	1.50000e-01
3.15500e-04	2.58867e-01	4.00000e-01
7.57200e-04	2.31932e-01	4.00000e-01
1.19890e-03	2.18113e-01	4.00000e-01
1.64060e-03	2.08780e-01	4.00000e-01
2.08230e-03	2.01724e-01	4.00000e-01
2.51000e-06	1.98447e-01	1.50000e-01
6.02400e-06	1.84775e-01	1.50000e-01
9.53800e-06	1.77799e-01	1.50000e-01
1.30520e-05	1.73110e-01	1.50000e-01
1.65660e-05	1.69584e-01	1.50000e-01
3.66000e-06	4.89072e-01	5.00000e-01
8.78400e-06	4.47175e-01	5.00000e-01
1.39080e-05	4.26107e-01	5.00000e-01
1.90320e-05	4.12076e-01	5.00000e-01
2.41560e-05	4.01599e-01	5.00000e-01
1.57500e-06	2.61905e-01	2.00000e-01
3.78000e-06	2.43366e-01	2.00000e-01
5.98500e-06	2.33962e-01	2.00000e-01
8.19000e-06	2.27657e-01	2.00000e-01
1.03950e-05	2.22923e-01	2.00000e-01
4.30000e-06	4.81175e-01	5.00000e-01
1.03200e-05	4.39717e-01	5.00000e-01
1.63400e-05	4.18862e-01	5.00000e-01
2.23600e-05	4.04977e-01	5.00000e-01
2.83800e-05	3.94609e-01	5.00000e-01
1.84000e-06	2.58549e-01	2.00000e-01
4.41600e-06	2.40160e-01	2.00000e-01
6.99200e-06	2.30825e-01	2.00000e-01
9.56800e-06	2.24563e-01	2.00000e-01
1.21440e-05	2.19861e-01	2.00000e-01
7.90000e-06	4.52125e-01	5.00000e-01
1.89600e-05	4.12244e-01	5.00000e-01
3.00200e-05	3.92190e-01	5.00000e-01
4.10800e-05	3.78837e-01	5.00000e-01
5.21400e-05	3.68861e-01	5.00000e-01
2.20500e-06	2.54678e-01	2.00000e-01
5.29200e-06	2.36460e-01	2.00000e-01
8.37900e-06	2.27202e-01	2.00000e-01
1.14660e-05	2.20990e-01	2.00000e-01
1.45530e-05	2.16324e-01	2.00000e-01
1.06000e-05	4.38485e-01	5.00000e-01
2.54400e-05	3.99345e-01	5.00000e-01
4.02800e-05	3.79667e-01	5.00000e-01
5.51200e-05	3.66555e-01	5.00000e-01
6.99600e-05	3.56752e-01	5.00000e-01
2.76000e-06	2.49928e-01	2.00000e-01
6.62400e-06	2.31913e-01	2.00000e-01
1.04880e-05	2.22747e-01	2.00000e-01
1.43520e-05	2.16595e-01	2.00000e-01
1.82160e-05	2.11976e-01	2.00000e-01
1.38000e-05	4.26459e-01	5.00000e-01
3.31200e-05	3.87978e-01	5.00000e-01
5.24400e-05	3.68622e-01	5.00000e-01
7.17600e-05	3.55716e-01	5.00000e-01
9.10800e-05	3.46062e-01	5.00000e-01
3.34500e-06	2.45904e-01	2.00000e-01
8.02800e-06	2.28056e-01	2.00000e-01
1.27110e-05	2.18966e-01	2.00000e-01
1.73940e-05	2.12866e-01	2.00000e-01
2.20770e-05	2.08286e-01	2.00000e-01
1.99000e-05	4.10104e-01	5.00000e-01
4.77600e-05	3.72516e-01	5.00000e-01
7.56200e-05	3.53583e-01	5.00000e-01
1.03480e-04	3.40949e-01	5.00000e-01
1.31340e-04	3.31501e-01	5.00000e-01
4.24500e-06	2.40972e-01	2.00000e-01
1.01880e-05	2.23320e-01	2.00000e-01
1.61310e-05	2.14325e-01	2.00000e-01
2.20740e-05	2.08289e-01	2.00000e-01
2.80170e-05	2.03756e-01	2.00000e-01
5.00000e-05	3.70604e-01	5.00000e-01
1.20000e-04	3.35064e-01	5.00000e-01
1.90000e-04	3.17129e-01	5.00000e-01
2.60000e-04	3.05162e-01	5.00000e-01
3.30000e-04	2.96205e-01	5.00000e-01
5.50000e-06	2.35676e-01	2.00000e-01
1.32000e-05	2.18228e-01	2.00000e-01
2.09000e-05	2.09334e-01	2.00000e-01
2.86000e-05	2.03367e-01	2.00000e-01
3.63000e-05	1.98883e-01	2.00000e-01
1.25500e-04	3.33293e-01	5.00000e-01
3.01200e-04	2.99622e-01	5.00000e-01
4.76900e-04	2.82583e-01	5.00000e-01
6.52600e-04	2.71159e-01	5.00000e-01
8.28300e-04	2.62578e-01	5.00000e-01
1.99000e-05	2.10275e-01	2.00000e-01
4.77600e-05	1.93775e-01	2.00000e-01
7.56200e-05	1.85335e-01	2.00000e-01
1.03480e-04	1.79652e-01	2.00000e-01
1.31340e-04	1.75373e-01	2.00000e-01
1.84000e-04	3.18365e-01	5.00000e-01
4.41600e-04	2.85408e-01	5.00000e-01
6.99200e-04	2.68668e-01	5.00000e-01
9.56800e-04	2.57428e-01	5.00000e-01
1.21440e-03	2.48976e-01	5.00000e-01
1.25500e-04	1.76186e-01	2.00000e-01
3.01200e-04	1.60736e-01	2.00000e-01
4.76900e-04	1.52765e-01	2.00000e-01
6.52600e-04	1.47355e-01	2.00000e-01
8.28300e-04	1.43255e-01	2.00000e-01
4.00000e-04	2.89058e-01	5.00000e-01
9.60000e-04	2.57309e-01	5.00000e-01
1.52000e-03	2.41086e-01	5.00000e-01
2.08000e-03	2.30148e-01	5.00000e-01
2.64000e-03	2.21880e-01	5.00000e-01
1.97000e-06	3.07713e-01	2.50000e-01
4.72800e-06	2.84973e-01	2.50000e-01
7.48600e-06	2.73454e-01	2.50000e-01
1.02440e-05	2.65740e-01	2.50000e-01
1.30020e-05	2.59952e-01	2.50000e-01
1.60000e-03	2.39291e-01	5.00000e-01
3.84000e-03	2.08913e-01	5.00000e-01
6.08000e-03	1.92951e-01	5.00000e-01
8.32000e-03	1.81964e-01	5.00000e-01
1.05600e-02	1.73533e-01	5.00000e-01
2.30000e-06	3.03609e-01	2.50000e-01
5.52000e-06	2.81061e-01	2.50000e-01
8.74000e-06	2.69631e-01	2.50000e-01
1.19600e-05	2.61972e-01	2.50000e-01
1.51800e-05	2.56228e-01	2.50000e-01
4.76000e-06	5.70808e-01	6.50000e-01
1.14240e-05	5.18818e-01	6.50000e-01
1.80880e-05	4.92785e-01	6.50000e-01
2.47520e-05	4.75502e-01	6.50000e-01
3.14160e-05	4.62626e-01	6.50000e-01
2.76000e-06	2.98823e-01	2.50000e-01
6.62400e-06	2.76495e-01	2.50000e-01
1.04880e-05	2.65165e-01	2.50000e-01
1.43520e-05	2.57573e-01	2.50000e-01
1.82160e-05	2.51879e-01	2.50000e-01
5.60000e-06	5.60909e-01	6.50000e-01
1.34400e-05	5.09514e-01	6.50000e-01
2.12800e-05	4.83781e-01	6.50000e-01
2.91200e-05	4.66701e-01	6.50000e-01
3.69600e-05	4.53974e-01	6.50000e-01
3.45000e-06	2.93032e-01	2.50000e-01
8.28000e-06	2.70962e-01	2.50000e-01
1.31100e-05	2.59753e-01	2.50000e-01
1.79400e-05	2.52241e-01	2.50000e-01
2.27700e-05	2.46608e-01	2.50000e-01
7.90000e-06	5.40329e-01	6.50000e-01
1.89600e-05	4.90166e-01	6.50000e-01
3.00200e-05	4.65064e-01	6.50000e-01
4.10800e-05	4.48401e-01	6.50000e-01
5.21400e-05	4.35979e-01	6.50000e-01
4.18000e-06	2.88107e-01	2.50000e-01
1.00320e-05	2.66250e-01	2.50000e-01
1.58840e-05	2.55143e-01	2.50000e-01
2.17360e-05	2.47701e-01	2.50000e-01
2.75880e-05	2.42119e-01	2.50000e-01
8.20000e-06	5.38130e-01	6.50000e-01
1.96800e-05	4.88098e-01	6.50000e-01
3.11600e-05	4.63064e-01	6.50000e-01
4.26400e-05	4.46446e-01	6.50000e-01
5.41200e-05	4.34055e-01	6.50000e-01
5.30000e-06	2.82085e-01	2.50000e-01
1.27200e-05	2.60482e-01	2.50000e-01
2.01400e-05	2.49500e-01	2.50000e-01
2.75600e-05	2.42143e-01	2.50000e-01
3.49800e-05	2.36623e-01	2.50000e-01
1.99000e-05	4.87483e-01	6.50000e-01
4.77600e-05	4.40527e-01	6.50000e-01
7.56200e-05	4.17004e-01	6.50000e-01
1.03480e-04	4.01356e-01	6.50000e-01
1.31340e-04	3.89681e-01	6.50000e-01
6.90000e-06	2.75479e-01	2.50000e-01
1.65600e-05	2.54147e-01	2.50000e-01
2.62200e-05	2.43305e-01	2.50000e-01
3.58800e-05	2.36039e-01	2.50000e-01
4.55400e-05	2.30584e-01	2.50000e-01
2.99000e-05	4.65279e-01	6.50000e-01
7.17600e-05	4.19649e-01	6.50000e-01
1.13620e-04	3.96756e-01	6.50000e-01
1.55480e-04	3.81531e-01	6.50000e-01
1.97340e-04	3.70174e-01	6.50000e-01
1.15000e-05	2.62924e-01	2.50000e-01
2.76000e-05	2.42109e-01	2.50000e-01
4.37000e-05	2.31524e-01	2.50000e-01
5.98000e-05	2.24419e-01	2.50000e-01
7.59000e-05	2.19079e-01	2.50000e-01
5.00000e-05	4.38148e-01	6.50000e-01
1.20000e-04	3.94081e-01	6.50000e-01
1.90000e-04	3.71967e-01	6.50000e-01
2.60000e-04	3.57264e-01	6.50000e-01
3.30000e-04	3.46286e-01	6.50000e-01
1.99000e-05	2.49783e-01	2.50000e-01
4.77600e-05	2.29502e-01	2.50000e-01
7.56200e-05	2.19161e-01	2.50000e-01
1.03480e-04	2.12211e-01	2.50000e-01
1.31340e-04	2.06987e-01	2.50000e-01
1.25500e-04	3.91894e-01	6.50000e-01
3.01200e-04	3.50471e-01	6.50000e-01
4.76900e-04	3.29641e-01	6.50000e-01
6.52600e-04	3.15730e-01	6.50000e-01
8.28300e-04	3.05308e-01	6.50000e-01
5.50000e-05	2.26305e-01	2.50000e-01
1.32000e-04	2.06877e-01	2.50000e-01
2.09000e-04	1.96947e-01	2.50000e-01
2.86000e-04	1.90264e-01	2.50000e-01
3.63000e-04	1.85229e-01	2.50000e-01
2.39000e-04	3.61181e-01	6.50000e-01
5.73600e-04	3.21424e-01	6.50000e-01
9.08200e-04	3.01317e-01	6.50000e-01
1.24280e-03	2.87859e-01	6.50000e-01
1.57740e-03	2.77762e-01	6.50000e-01
1.25500e-04	2.07980e-01	2.50000e-01
3.01200e-04	1.89168e-01	2.50000e-01
4.76900e-04	1.79504e-01	2.50000e-01
6.52600e-04	1.72964e-01	2.50000e-01
8.28300e-04	1.68018e-01	2.50000e-01
4.00000e-04	3.37546e-01	6.50000e-01
9.60000e-04	2.98922e-01	6.50000e-01
1.52000e-03	2.79325e-01	6.50000e-01
2.08000e-03	2.66173e-01	6.50000e-01
2.64000e-03	2.56266e-01	6.50000e-01
1.97000e-04	1.98215e-01	2.50000e-01
4.72800e-04	1.79684e-01	2.50000e-01
7.48600e-04	1.70115e-01	2.50000e-01
1.02440e-03	1.63624e-01	2.50000e-01
1.30020e-03	1.58706e-01	2.50000e-01
1.60000e-03	2.77163e-01	6.50000e-01
3.84000e-03	2.40786e-01	6.50000e-01
6.08000e-03	2.21823e-01	6.50000e-01
8.32000e-03	2.08811e-01	6.50000e-01
1.05600e-02	1.98840e-01	6.50000e-01
7.90000e-04	1.68999e-01	2.50000e-01
1.89600e-03	1.50937e-01	2.50000e-01
3.00200e-03	1.41443e-01	2.50000e-01
4.10800e-03	1.34910e-01	2.50000e-01
5.21400e-03	1.29908e-01	2.50000e-01
6.20000e-06	6.61798e-01	8.50000e-01
1.48800e-05	5.97568e-01	8.50000e-01
2.35600e-05	5.65582e-01	8.50000e-01
3.22400e-05	5.44420e-01	8.50000e-01
4.09200e-05	5.28689e-01	8.50000e-01
2.56000e-06	3.89979e-01	3.50000e-01
6.14400e-06	3.59138e-01	3.50000e-01
9.72800e-06	3.43565e-01	3.50000e-01
1.33120e-05	3.33158e-01	3.50000e-01
1.68960e-05	3.25367e-01	3.50000e-01
6.90000e-06	6.53712e-01	8.50000e-01
1.65600e-05	5.90017e-01	8.50000e-01
2.62200e-05	5.58304e-01	8.50000e-01
3.58800e-05	5.37325e-01	8.50000e-01
4.55400e-05	5.21727e-01	8.50000e-01
2.56000e-06	3.89979e-01	3.50000e-01
6.14400e-06	3.59138e-01	3.50000e-01
9.72800e-06	3.43565e-01	3.50000e-01
1.33120e-05	3.33158e-01	3.50000e-01
1.68960e-05	3.25367e-01	3.50000e-01
1.00000e-05	6.26184e-01	8.50000e-01
2.40000e-05	5.64319e-01	8.50000e-01
3.80000e-05	5.33542e-01	8.50000e-01
5.20000e-05	5.13174e-01	8.50000e-01
6.60000e-05	4.98019e-01	8.50000e-01
3.05000e-06	3.83677e-01	3.50000e-01
7.32000e-06	3.53156e-01	3.50000e-01
1.15900e-05	3.37732e-01	3.50000e-01
1.58600e-05	3.27425e-01	3.50000e-01
2.01300e-05	3.19709e-01	3.50000e-01
1.00000e-05	6.26184e-01	8.50000e-01
2.40000e-05	5.64319e-01	8.50000e-01
3.80000e-05	5.33542e-01	8.50000e-01
5.20000e-05	5.13174e-01	8.50000e-01
6.60000e-05	4.98019e-01	8.50000e-01
3.31000e-06	3.80757e-01	3.50000e-01
7.94400e-06	3.50382e-01	3.50000e-01
1.25780e-05	3.35027e-01	3.50000e-01
1.72120e-05	3.24766e-01	3.50000e-01
2.18460e-05	3.17085e-01	3.50000e-01
1.99000e-05	5.77197e-01	8.50000e-01
4.77600e-05	5.18648e-01	8.50000e-01
7.56200e-05	4.89492e-01	8.50000e-01
1.03480e-04	4.70166e-01	8.50000e-01
1.31340e-04	4.55781e-01	8.50000e-01
4.14000e-06	3.72844e-01	3.50000e-01
9.93600e-06	3.42857e-01	3.50000e-01
1.57320e-05	3.27689e-01	3.50000e-01
2.15280e-05	3.17554e-01	3.50000e-01
2.73240e-05	3.09969e-01	3.50000e-01
2.50000e-05	5.61538e-01	8.50000e-01
6.00000e-05	5.04044e-01	8.50000e-01
9.50000e-05	4.75389e-01	8.50000e-01
1.30000e-04	4.56394e-01	8.50000e-01
1.65000e-04	4.42259e-01	8.50000e-01
5.00000e-06	3.66252e-01	3.50000e-01
1.20000e-05	3.36581e-01	3.50000e-01
1.90000e-05	3.21569e-01	3.50000e-01
2.60000e-05	3.11541e-01	3.50000e-01
3.30000e-05	3.04033e-01	3.50000e-01
5.00000e-05	5.15693e-01	8.50000e-01
1.20000e-04	4.61198e-01	8.50000e-01
1.90000e-04	4.34018e-01	8.50000e-01
2.60000e-04	4.16012e-01	8.50000e-01
3.30000e-04	4.02608e-01	8.50000e-01
6.35000e-06	3.58007e-01	3.50000e-01
1.52400e-05	3.28725e-01	3.50000e-01
2.41300e-05	3.13911e-01	3.50000e-01
3.30200e-05	3.04015e-01	3.50000e-01
4.19100e-05	2.96603e-01	3.50000e-01
1.25500e-04	4.58505e-01	8.50000e-01
3.01200e-04	4.07715e-01	8.50000e-01
4.76900e-04	3.82347e-01	8.50000e-01
6.52600e-04	3.65474e-01	8.50000e-01
8.28300e-04	3.52871e-01	8.50000e-01
8.25000e-06	3.49104e-01	3.50000e-01
1.98000e-05	3.20241e-01	3.50000e-01
3.13500e-05	3.05640e-01	3.50000e-01
4.29000e-05	2.95882e-01	3.50000e-01
5.44500e-05	2.88570e-01	3.50000e-01
4.00000e-04	3.91959e-01	8.50000e-01
9.60000e-04	3.45164e-01	8.50000e-01
1.52000e-03	3.21596e-01	8.50000e-01
2.08000e-03	3.05854e-01	8.50000e-01
2.64000e-03	2.94039e-01	8.50000e-01
1.60000e-05	3.27139e-01	3.50000e-01
3.84000e-05	2.99311e-01	3.50000e-01
6.08000e-05	2.85216e-01	3.50000e-01
8.32000e-05	2.75777e-01	3.50000e-01
1.05600e-04	2.68697e-01	3.50000e-01
1.60000e-03	3.19004e-01	8.50000e-01
3.84000e-03	2.75654e-01	8.50000e-01
6.08000e-03	2.53251e-01	8.50000e-01
8.32000e-03	2.37945e-01	8.50000e-01
1.05600e-02	2.26243e-01	8.50000e-01
8.80000e-06	7.87037e-01	1.20000e+00
2.11200e-05	7.04154e-01	1.20000e+00
3.34400e-05	6.63221e-01	1.20000e+00
4.57600e-05	6.36261e-01	1.20000e+00
5.80800e-05	6.16276e-01	1.20000e+00
4.00000e-05	9.95975e-01	2.70000e+00
9.60000e-05	8.67474e-01	2.70000e+00
1.52000e-04	8.05243e-01	2.70000e+00
2.08000e-04	7.64715e-01	2.70000e+00
2.64000e-04	7.34930e-01	2.70000e+00
1.00000e-05	7.74528e-01	1.20000e+00
2.40000e-05	6.92592e-01	1.20000e+00
3.80000e-05	6.52139e-01	1.20000e+00
5.20000e-05	6.25492e-01	1.20000e+00
6.60000e-05	6.05734e-01	1.20000e+00
4.00000e-05	9.95975e-01	2.70000e+00
9.60000e-05	8.67474e-01	2.70000e+00
1.52000e-04	8.05243e-01	2.70000e+00
2.08000e-04	7.64715e-01	2.70000e+00
2.64000e-04	7.34930e-01	2.70000e+00
1.00000e-05	7.74528e-01	1.20000e+00
2.40000e-05	6.92592e-01	1.20000e+00
3.80000e-05	6.52139e-01	1.20000e+00
5.20000e-05	6.25492e-01	1.20000e+00
6.60000e-05	6.05734e-01	1.20000e+00
6.50000e-05	9.23045e-01	2.70000e+00
1.56000e-04	8.01828e-01	2.70000e+00
2.47000e-04	7.43159e-01	2.70000e+00
3.38000e-04	7.04952e-01	2.70000e+00
4.29000e-04	6.76852e-01	2.70000e+00
1.60000e-05	7.29737e-01	1.20000e+00
3.84000e-05	6.51237e-01	1.20000e+00
6.08000e-05	6.12488e-01	1.20000e+00
8.32000e-05	5.86936e-01	1.20000e+00
1.05600e-04	5.67979e-01	1.20000e+00
1.00000e-04	8.61805e-01	2.70000e+00
2.40000e-04	7.46734e-01	2.70000e+00
3.80000e-04	6.91049e-01	2.70000e+00
5.20000e-04	6.54740e-01	2.70000e+00
6.60000e-04	6.28000e-01	2.70000e+00
1.60000e-05	7.29737e-01	1.20000e+00
3.84000e-05	6.51237e-01	1.20000e+00
6.08000e-05	6.12488e-01	1.20000e+00
8.32000e-05	5.86936e-01	1.20000e+00
1.05600e-04	5.67979e-01	1.20000e+00
1.60000e-04	7.98509e-01	2.70000e+00
3.84000e-04	6.89815e-01	2.70000e+00
6.08000e-04	6.37123e-01	2.70000e+00
8.32000e-04	6.02701e-01	2.70000e+00
1.05600e-03	5.77327e-01	2.70000e+00
3.15500e-05	6.68307e-01	1.20000e+00
7.57200e-05	5.94536e-01	1.20000e+00
1.19890e-04	5.58050e-01	1.20000e+00
1.64060e-04	5.33987e-01	1.20000e+00
2.08230e-04	5.16147e-01	1.20000e+00
2.50000e-04	7.41661e-01	2.70000e+00
6.00000e-04	6.38604e-01	2.70000e+00
9.50000e-04	5.88503e-01	2.70000e+00
1.30000e-03	5.55740e-01	2.70000e+00
1.65000e-03	5.31576e-01	2.70000e+00
4.00000e-05	6.47730e-01	1.20000e+00
9.60000e-05	5.75510e-01	1.20000e+00
1.52000e-04	5.39782e-01	1.20000e+00
2.08000e-04	5.16229e-01	1.20000e+00
2.64000e-04	4.98766e-01	1.20000e+00
4.00000e-04	6.85020e-01	2.70000e+00
9.60000e-04	5.87390e-01	2.70000e+00
1.52000e-03	5.39824e-01	2.70000e+00
2.08000e-03	5.08680e-01	2.70000e+00
2.64000e-03	4.85660e-01	2.70000e+00
6.50000e-05	6.06987e-01	1.20000e+00
1.56000e-04	5.37806e-01	1.20000e+00
2.47000e-04	5.03604e-01	1.20000e+00
3.38000e-04	4.81052e-01	1.20000e+00
4.29000e-04	4.64311e-01	1.20000e+00
6.50000e-04	6.29691e-01	2.70000e+00
1.56000e-03	5.37205e-01	2.70000e+00
2.47000e-03	4.92034e-01	2.70000e+00
3.38000e-03	4.62331e-01	2.70000e+00
4.29000e-03	4.40269e-01	2.70000e+00
7.90000e-05	5.91107e-01	1.20000e+00
1.89600e-04	5.23114e-01	1.20000e+00
3.00200e-04	4.89506e-01	1.20000e+00
4.10800e-04	4.67330e-01	1.20000e+00
5.21400e-04	4.50856e-01	1.20000e+00
1.00000e-03	5.83067e-01	2.70000e+00
2.40000e-03	4.94799e-01	2.70000e+00
3.80000e-03	4.51442e-01	2.70000e+00
5.20000e-03	4.22742e-01	2.70000e+00
6.60000e-03	4.01307e-01	2.70000e+00
1.99000e-04	5.19510e-01	1.20000e+00
4.77600e-04	4.56882e-01	1.20000e+00
7.56200e-04	4.25774e-01	1.20000e+00
1.03480e-03	4.05161e-01	1.20000e+00
1.31340e-03	3.89817e-01	1.20000e+00
2.50000e-03	4.90875e-01	2.70000e+00
6.00000e-03	4.09842e-01	2.70000e+00
9.50000e-03	3.69014e-01	2.70000e+00
1.30000e-02	3.41411e-01	2.70000e+00
1.65000e-02	3.20355e-01	2.70000e+00
6.50000e-04	4.35896e-01	1.20000e+00
1.56000e-03	3.78909e-01	1.20000e+00
2.47000e-03	3.50396e-01	1.20000e+00
3.38000e-03	3.31359e-01	1.20000e+00
4.29000e-03	3.17053e-01	1.20000e+00
2.50000e-03	3.49658e-01	1.20000e+00
6.00000e-03	2.97082e-01	1.20000e+00
9.50000e-03	2.69831e-01	1.20000e+00
1.30000e-02	2.51113e-01	1.20000e+00
1.65000e-02	2.36688e-01	1.20000e+00
2.03000e-05	1.26202e+00	3.50000e+00
4.87200e-05	1.09518e+00	3.50000e+00
7.71400e-05	1.01499e+00	3.50000e+00
1.05560e-04	9.62941e-01	3.50000e+00
1.33980e-04	9.24784e-01	3.50000e+00
9.25000e-06	8.92952e-01	1.50000e+00
2.22000e-05	7.94522e-01	1.50000e+00
3.51500e-05	7.46166e-01	1.50000e+00
4.81000e-05	7.14415e-01	1.50000e+00
6.10500e-05	6.90931e-01	1.50000e+00
2.16000e-05	1.24955e+00	3.50000e+00
5.18400e-05	1.08407e+00	3.50000e+00
8.20800e-05	1.00452e+00	3.50000e+00
1.12320e-04	9.52891e-01	3.50000e+00
1.42560e-04	9.15044e-01	3.50000e+00
1.10000e-05	8.72802e-01	1.50000e+00
2.64000e-05	7.76027e-01	1.50000e+00
4.18000e-05	7.28504e-01	1.50000e+00
5.72000e-05	6.97293e-01	1.50000e+00
7.26000e-05	6.74201e-01	1.50000e+00
2.30000e-05	1.23703e+00	3.50000e+00
5.52000e-05	1.07291e+00	3.50000e+00
8.74000e-05	9.94010e-01	3.50000e+00
1.19600e-04	9.42806e-01	3.50000e+00
1.51800e-04	9.05270e-01	3.50000e+00
1.60000e-05	8.30364e-01	1.50000e+00
3.84000e-05	7.37114e-01	1.50000e+00
6.08000e-05	6.91330e-01	1.50000e+00
8.32000e-05	6.61239e-01	1.50000e+00
1.05600e-04	6.38967e-01	1.50000e+00
2.56000e-05	1.21593e+00	3.50000e+00
6.14400e-05	1.05410e+00	3.50000e+00
9.72800e-05	9.76290e-01	3.50000e+00
1.33120e-04	9.25799e-01	3.50000e+00
1.68960e-04	8.88788e-01	3.50000e+00
1.60000e-05	8.30364e-01	1.50000e+00
3.84000e-05	7.37114e-01	1.50000e+00
6.08000e-05	6.91330e-01	1.50000e+00
8.32000e-05	6.61239e-01	1.50000e+00
1.05600e-04	6.38967e-01	1.50000e+00
2.65500e-05	1.20881e+00	3.50000e+00
6.37200e-05	1.04776e+00	3.50000e+00
1.00890e-04	9.70318e-01	3.50000e+00
1.38060e-04	9.20066e-01	3.50000e+00
1.75230e-04	8.83234e-01	3.50000e+00
2.50000e-05	7.81809e-01	1.50000e+00
6.00000e-05	6.92621e-01	1.50000e+00
9.50000e-05	6.48786e-01	1.50000e+00
1.30000e-04	6.19964e-01	1.50000e+00
1.65000e-04	5.98639e-01	1.50000e+00
2.86500e-05	1.19406e+00	3.50000e+00
6.87600e-05	1.03461e+00	3.50000e+00
1.08870e-04	9.57932e-01	3.50000e+00
1.48980e-04	9.08180e-01	3.50000e+00
1.89090e-04	8.71716e-01	3.50000e+00
4.00000e-05	7.32962e-01	1.50000e+00
9.60000e-05	6.47809e-01	1.50000e+00
1.52000e-04	6.05923e-01	1.50000e+00
2.08000e-04	5.78399e-01	1.50000e+00
2.64000e-04	5.58041e-01	1.50000e+00
4.00000e-05	1.13111e+00	3.50000e+00
9.60000e-05	9.78469e-01	3.50000e+00
1.52000e-04	9.05066e-01	3.50000e+00
2.08000e-04	8.57457e-01	3.50000e+00
2.64000e-04	8.22569e-01	3.50000e+00
6.50000e-05	6.84845e-01	1.50000e+00
1.56000e-04	6.03611e-01	1.50000e+00
2.47000e-04	5.63677e-01	1.50000e+00
3.38000e-04	5.37435e-01	1.50000e+00
4.29000e-04	5.18005e-01	1.50000e+00
4.00000e-05	1.13111e+00	3.50000e+00
9.60000e-05	9.78469e-01	3.50000e+00
1.52000e-04	9.05066e-01	3.50000e+00
2.08000e-04	8.57457e-01	3.50000e+00
2.64000e-04	8.22569e-01	3.50000e+00
1.00000e-04	6.44012e-01	1.50000e+00
2.40000e-04	5.66123e-01	1.50000e+00
3.80000e-04	5.27836e-01	1.50000e+00
5.20000e-04	5.02633e-01	1.50000e+00
6.60000e-04	4.83941e-01	1.50000e+00
6.50000e-05	1.04431e+00	3.50000e+00
1.56000e-04	9.01048e-01	3.50000e+00
2.47000e-04	8.32199e-01	3.50000e+00
3.38000e-04	7.87545e-01	3.50000e+00
4.29000e-04	7.54799e-01	3.50000e+00
1.60000e-04	6.01363e-01	1.50000e+00
3.84000e-04	5.26983e-01	1.50000e+00
6.08000e-04	4.90331e-01	1.50000e+00
8.32000e-04	4.66150e-01	1.50000e+00
1.05600e-03	4.48199e-01	1.50000e+00
1.00000e-04	9.71768e-01	3.50000e+00
2.40000e-04	8.36384e-01	3.50000e+00
3.80000e-04	7.71332e-01	3.50000e+00
5.20000e-04	7.29092e-01	3.50000e+00
6.60000e-04	6.98080e-01	3.50000e+00
2.50000e-04	5.62652e-01	1.50000e+00
6.00000e-04	4.91367e-01	1.50000e+00
9.50000e-04	4.56119e-01	1.50000e+00
1.30000e-03	4.32841e-01	1.50000e+00
1.65000e-03	4.15550e-01	1.50000e+00
1.60000e-04	8.97145e-01	3.50000e+00
3.84000e-04	7.69895e-01	3.50000e+00
6.08000e-04	7.08651e-01	3.50000e+00
8.32000e-04	6.68818e-01	3.50000e+00
1.05600e-03	6.39549e-01	3.50000e+00
4.00000e-04	5.23665e-01	1.50000e+00
9.60000e-04	4.55332e-01	1.50000e+00
1.52000e-03	4.21464e-01	1.50000e+00
2.08000e-03	3.99066e-01	1.50000e+00
2.64000e-03	3.82385e-01	1.50000e+00
2.50000e-04	8.30446e-01	3.50000e+00
6.00000e-04	7.10368e-01	3.50000e+00
9.50000e-04	6.52430e-01	3.50000e+00
1.30000e-03	6.14712e-01	3.50000e+00
1.65000e-03	5.86982e-01	3.50000e+00
5.00000e-04	5.05745e-01	1.50000e+00
1.20000e-03	4.38723e-01	1.50000e+00
1.90000e-03	4.05474e-01	1.50000e+00
2.60000e-03	3.83445e-01	1.50000e+00
3.30000e-03	3.67000e-01	1.50000e+00
4.00000e-04	7.64309e-01	3.50000e+00
9.60000e-04	6.51148e-01	3.50000e+00
1.52000e-03	5.96438e-01	3.50000e+00
2.08000e-03	5.60777e-01	3.50000e+00
2.64000e-03	5.34504e-01	3.50000e+00
1.60000e-03	4.17763e-01	1.50000e+00
3.84000e-03	3.56658e-01	1.50000e+00
6.08000e-03	3.25685e-01	1.50000e+00
8.32000e-03	3.04751e-01	1.50000e+00
1.05600e-02	2.88857e-01	1.50000e+00
6.50000e-04	7.00039e-01	3.50000e+00
1.56000e-03	5.93435e-01	3.50000e+00
2.47000e-03	5.41771e-01	3.50000e+00
3.38000e-03	5.07959e-01	3.50000e+00
4.29000e-03	4.82935e-01	3.50000e+00
6.50000e-04	4.85127e-01	1.50000e+00
1.56000e-03	4.19588e-01	1.50000e+00
2.47000e-03	3.87015e-01	1.50000e+00
3.38000e-03	3.65360e-01	1.50000e+00
4.29000e-03	3.49141e-01	1.50000e+00
1.00000e-03	6.46163e-01	3.50000e+00
2.40000e-03	5.44926e-01	3.50000e+00
3.80000e-03	4.95598e-01	3.50000e+00
5.20000e-03	4.63113e-01	3.50000e+00
6.60000e-03	4.38945e-01	3.50000e+00
1.23500e-05	1.01151e+00	2.00000e+00
2.96400e-05	8.92569e-01	2.00000e+00
4.69300e-05	8.34574e-01	2.00000e+00
6.42200e-05	7.96637e-01	2.00000e+00
8.15100e-05	7.68652e-01	2.00000e+00
4.00000e-03	4.90226e-01	3.50000e+00
9.60000e-03	4.01657e-01	3.50000e+00
1.52000e-02	3.56496e-01	3.50000e+00
2.08000e-02	3.25452e-01	3.50000e+00
2.64000e-02	3.01384e-01	3.50000e+00
1.46500e-05	9.87414e-01	2.00000e+00
3.51600e-05	8.70670e-01	2.00000e+00
5.56700e-05	8.13757e-01	2.00000e+00
7.61800e-05	7.76517e-01	2.00000e+00
9.66900e-05	7.49042e-01	2.00000e+00
2.61000e-05	1.36977e+00	4.50000e+00
6.26400e-05	1.17931e+00	4.50000e+00
9.91800e-05	1.08833e+00	4.50000e+00
1.35720e-04	1.02952e+00	4.50000e+00
1.72260e-04	9.86543e-01	4.50000e+00
1.63500e-05	9.72154e-01	2.00000e+00
3.92400e-05	8.56810e-01	2.00000e+00
6.21300e-05	8.00578e-01	2.00000e+00
8.50200e-05	7.63777e-01	2.00000e+00
1.07910e-04	7.36625e-01	2.00000e+00
2.96000e-05	1.34092e+00	4.50000e+00
7.10400e-05	1.15381e+00	4.50000e+00
1.12480e-04	1.06442e+00	4.50000e+00
1.53920e-04	1.00666e+00	4.50000e+00
1.95360e-04	9.64438e-01	4.50000e+00
2.50000e-05	9.14815e-01	2.00000e+00
6.00000e-05	8.04749e-01	2.00000e+00
9.50000e-05	7.51050e-01	2.00000e+00
1.30000e-04	7.15897e-01	2.00000e+00
1.65000e-04	6.89968e-01	2.00000e+00
3.09000e-05	1.33119e+00	4.50000e+00
7.41600e-05	1.14520e+00	4.50000e+00
1.17420e-04	1.05635e+00	4.50000e+00
1.60680e-04	9.98938e-01	4.50000e+00
2.03940e-04	9.56978e-01	4.50000e+00
2.50000e-05	9.14815e-01	2.00000e+00
6.00000e-05	8.04749e-01	2.00000e+00
9.50000e-05	7.51050e-01	2.00000e+00
1.30000e-04	7.15897e-01	2.00000e+00
1.65000e-04	6.89968e-01	2.00000e+00
3.41500e-05	1.30876e+00	4.50000e+00
8.19600e-05	1.12537e+00	4.50000e+00
1.29770e-04	1.03777e+00	4.50000e+00
1.77580e-04	9.81163e-01	4.50000e+00
2.25390e-04	9.39798e-01	4.50000e+00
4.00000e-05	8.54406e-01	2.00000e+00
9.60000e-05	7.49857e-01	2.00000e+00
1.52000e-04	6.98817e-01	2.00000e+00
2.08000e-04	6.65423e-01	2.00000e+00
2.64000e-04	6.40799e-01	2.00000e+00
3.66000e-05	1.29341e+00	4.50000e+00
8.78400e-05	1.11180e+00	4.50000e+00
1.39080e-04	1.02505e+00	4.50000e+00
1.90320e-04	9.68997e-01	4.50000e+00
2.41560e-04	9.28037e-01	4.50000e+00
6.50000e-05	7.95203e-01	2.00000e+00
1.56000e-04	6.96008e-01	2.00000e+00
2.47000e-04	6.47609e-01	2.00000e+00
3.38000e-04	6.15945e-01	2.00000e+00
4.29000e-04	5.92577e-01	2.00000e+00
4.09000e-05	1.26911e+00	4.50000e+00
9.81600e-05	1.09031e+00	4.50000e+00
1.55420e-04	1.00491e+00	4.50000e+00
2.12680e-04	9.49739e-01	4.50000e+00
2.69940e-04	9.09423e-01	4.50000e+00
1.00000e-04	7.45220e-01	2.00000e+00
2.40000e-04	6.50566e-01	2.00000e+00
3.80000e-04	6.04391e-01	2.00000e+00
5.20000e-04	5.74137e-01	2.00000e+00
6.60000e-04	5.51777e-01	2.00000e+00
4.09000e-05	1.26911e+00	4.50000e+00
9.81600e-05	1.09031e+00	4.50000e+00
1.55420e-04	1.00491e+00	4.50000e+00
2.12680e-04	9.49739e-01	4.50000e+00
2.69940e-04	9.09423e-01	4.50000e+00
1.60000e-04	6.93277e-01	2.00000e+00
3.84000e-04	6.03365e-01	2.00000e+00
6.08000e-04	5.59414e-01	2.00000e+00
8.32000e-04	5.30555e-01	2.00000e+00
1.05600e-03	5.09205e-01	2.00000e+00
6.50000e-05	1.17176e+00	4.50000e+00
1.56000e-04	1.00424e+00	4.50000e+00
2.47000e-04	9.24282e-01	4.50000e+00
3.38000e-04	8.72627e-01	4.50000e+00
4.29000e-04	8.34854e-01	4.50000e+00
2.50000e-04	6.46370e-01	2.00000e+00
6.00000e-04	5.60652e-01	2.00000e+00
9.50000e-04	5.18617e-01	2.00000e+00
1.30000e-03	4.90988e-01	2.00000e+00
1.65000e-03	4.70537e-01	2.00000e+00
6.50000e-05	1.17176e+00	4.50000e+00
1.56000e-04	1.00424e+00	4.50000e+00
2.47000e-04	9.24282e-01	4.50000e+00
3.38000e-04	8.72627e-01	4.50000e+00
4.29000e-04	8.34854e-01	4.50000e+00
5.00000e-04	5.77868e-01	2.00000e+00
1.20000e-03	4.97959e-01	2.00000e+00
1.90000e-03	4.58648e-01	2.00000e+00
2.60000e-03	4.32735e-01	2.00000e+00
3.30000e-03	4.13467e-01	2.00000e+00
1.00000e-04	1.08675e+00	4.50000e+00
2.40000e-04	9.29132e-01	4.50000e+00
3.80000e-04	8.53914e-01	4.50000e+00
5.20000e-04	8.05268e-01	4.50000e+00
6.60000e-04	7.69660e-01	4.50000e+00
1.60000e-03	4.73151e-01	2.00000e+00
3.84000e-03	4.01384e-01	2.00000e+00
6.08000e-03	3.65366e-01	2.00000e+00
8.32000e-03	3.41162e-01	2.00000e+00
1.05600e-02	3.22860e-01	2.00000e+00
1.60000e-04	9.99698e-01	4.50000e+00
3.84000e-04	8.52256e-01	4.50000e+00
6.08000e-04	7.81787e-01	4.50000e+00
8.32000e-04	7.36146e-01	4.50000e+00
1.05600e-03	7.02713e-01	4.50000e+00
6.50000e-04	5.53193e-01	2.00000e+00
1.56000e-03	4.75307e-01	2.00000e+00
2.47000e-03	4.36926e-01	2.00000e+00
3.38000e-03	4.11549e-01	2.00000e+00
4.29000e-03	3.92619e-01	2.00000e+00
2.50000e-04	9.22251e-01	4.50000e+00
6.00000e-04	7.83757e-01	4.50000e+00
9.50000e-04	7.17416e-01	4.50000e+00
1.30000e-03	6.74414e-01	4.50000e+00
1.65000e-03	6.42896e-01	4.50000e+00
1.54500e-05	1.15196e+00	2.70000e+00
3.70800e-05	1.00775e+00	2.70000e+00
5.87100e-05	9.37981e-01	2.70000e+00
8.03400e-05	8.92529e-01	2.70000e+00
1.01970e-04	8.59106e-01	2.70000e+00
4.00000e-04	8.45814e-01	4.50000e+00
9.60000e-04	7.15951e-01	4.50000e+00
1.52000e-03	6.53635e-01	4.50000e+00
2.08000e-03	6.13192e-01	4.50000e+00
2.64000e-03	5.83489e-01	4.50000e+00
1.83000e-05	1.12287e+00	2.70000e+00
4.39200e-05	9.81596e-01	2.70000e+00
6.95400e-05	9.13237e-01	2.70000e+00
9.51600e-05	8.68698e-01	2.70000e+00
1.20780e-04	8.35947e-01	2.70000e+00
6.50000e-04	7.71906e-01	4.50000e+00
1.56000e-03	6.50223e-01	4.50000e+00
2.47000e-03	5.91696e-01	4.50000e+00
3.38000e-03	5.53565e-01	4.50000e+00
4.29000e-03	5.25441e-01	4.50000e+00
2.04500e-05	1.10410e+00	2.70000e+00
4.90800e-05	9.64722e-01	2.70000e+00
7.77100e-05	8.97272e-01	2.70000e+00
1.06340e-04	8.53322e-01	2.70000e+00
1.34970e-04	8.21006e-01	2.70000e+00
1.00000e-03	7.10261e-01	4.50000e+00
2.40000e-03	5.95261e-01	4.50000e+00
3.80000e-03	5.39662e-01	4.50000e+00
5.20000e-03	5.03227e-01	4.50000e+00
6.60000e-03	4.76219e-01	4.50000e+00
2.04500e-05	1.10410e+00	2.70000e+00
4.90800e-05	9.64722e-01	2.70000e+00
7.77100e-05	8.97272e-01	2.70000e+00
1.06340e-04	8.53322e-01	2.70000e+00
1.34970e-04	8.21006e-01	2.70000e+00
1.60000e-03	6.46909e-01	4.50000e+00
3.84000e-03	5.38427e-01	4.50000e+00
6.08000e-03	4.85455e-01	4.50000e+00
8.32000e-03	4.50458e-01	4.50000e+00
1.05600e-02	4.24315e-01	4.50000e+00
2.50000e-05	1.07079e+00	2.70000e+00
6.00000e-05	9.34776e-01	2.70000e+00
9.50000e-05	8.68932e-01	2.70000e+00
1.30000e-04	8.26030e-01	2.70000e+00
1.65000e-04	7.94489e-01	2.70000e+00
2.50000e-05	1.07079e+00	2.70000e+00
6.00000e-05	9.34776e-01	2.70000e+00
9.50000e-05	8.68932e-01	2.70000e+00
1.30000e-04	8.26030e-01	2.70000e+00
1.65000e-04	7.94489e-01	2.70000e+00
3.77000e-05	1.52261e+00	6.50000e+00
9.04800e-05	1.29537e+00	6.50000e+00
1.43260e-04	1.18787e+00	6.50000e+00
1.96040e-04	1.11881e+00	6.50000e+00
2.48820e-04	1.06856e+00	6.50000e+00
6.96000e-05	1.75409e+00	1.20000e+01
1.67040e-04	1.46152e+00	1.20000e+01
2.64480e-04	1.32546e+00	1.20000e+01
3.61920e-04	1.23888e+00	1.20000e+01
4.59360e-04	1.17625e+00	1.20000e+01
4.01500e-05	1.50522e+00	6.50000e+00
9.63600e-05	1.28018e+00	6.50000e+00
1.52570e-04	1.17374e+00	6.50000e+00
2.08780e-04	1.10536e+00	6.50000e+00
2.64990e-04	1.05560e+00	6.50000e+00
8.05000e-05	1.70225e+00	1.20000e+01
1.93200e-04	1.41721e+00	1.20000e+01
3.05900e-04	1.28469e+00	1.20000e+01
4.18600e-04	1.20034e+00	1.20000e+01
5.31300e-04	1.13931e+00	1.20000e+01
4.27500e-05	1.48806e+00	6.50000e+00
1.02600e-04	1.26520e+00	6.50000e+00
1.62450e-04	1.15979e+00	6.50000e+00
2.22300e-04	1.09208e+00	6.50000e+00
2.82150e-04	1.04280e+00	6.50000e+00
8.05000e-05	1.70225e+00	1.20000e+01
1.93200e-04	1.41721e+00	1.20000e+01
3.05900e-04	1.28469e+00	1.20000e+01
4.18600e-04	1.20034e+00	1.20000e+01
5.31300e-04	1.13931e+00	1.20000e+01
4.76000e-05	1.45905e+00	6.50000e+00
1.14240e-04	1.23986e+00	6.50000e+00
1.80880e-04	1.13621e+00	6.50000e+00
2.47520e-04	1.06964e+00	6.50000e+00
3.14160e-04	1.02119e+00	6.50000e+00
9.10000e-05	1.65959e+00	1.20000e+01
2.18400e-04	1.38077e+00	1.20000e+01
3.45800e-04	1.25115e+00	1.20000e+01
4.73200e-04	1.16863e+00	1.20000e+01
6.00600e-04	1.10891e+00	1.20000e+01
4.93000e-05	1.44968e+00	6.50000e+00
1.18320e-04	1.23168e+00	6.50000e+00
1.87340e-04	1.12860e+00	6.50000e+00
2.56360e-04	1.06240e+00	6.50000e+00
3.25380e-04	1.01421e+00	6.50000e+00
1.00000e-04	1.62740e+00	1.20000e+01
2.40000e-04	1.35328e+00	1.20000e+01
3.80000e-04	1.22585e+00	1.20000e+01
5.20000e-04	1.14471e+00	1.20000e+01
6.60000e-04	1.08597e+00	1.20000e+01
4.93000e-05	1.44968e+00	6.50000e+00
1.18320e-04	1.23168e+00	6.50000e+00
1.87340e-04	1.12860e+00	6.50000e+00
2.56360e-04	1.06240e+00	6.50000e+00
3.25380e-04	1.01421e+00	6.50000e+00
1.00000e-04	1.62740e+00	1.20000e+01
2.40000e-04	1.35328e+00	1.20000e+01
3.80000e-04	1.22585e+00	1.20000e+01
5.20000e-04	1.14471e+00	1.20000e+01
6.60000e-04	1.08597e+00	1.20000e+01
6.50000e-05	1.37763e+00	6.50000e+00
1.56000e-04	1.16878e+00	6.50000e+00
2.47000e-04	1.07008e+00	6.50000e+00
3.38000e-04	1.00668e+00	6.50000e+00
4.29000e-04	9.60511e-01	6.50000e+00
1.60000e-04	1.47486e+00	1.20000e+01
3.84000e-04	1.22307e+00	1.20000e+01
6.08000e-04	1.10591e+00	1.20000e+01
8.32000e-04	1.03124e+00	1.20000e+01
1.05600e-03	9.77169e-01	1.20000e+01
6.50000e-05	1.37763e+00	6.50000e+00
1.56000e-04	1.16878e+00	6.50000e+00
2.47000e-04	1.07008e+00	6.50000e+00
3.38000e-04	1.00668e+00	6.50000e+00
4.29000e-04	9.60511e-01	6.50000e+00
1.60000e-04	1.47486e+00	1.20000e+01
3.84000e-04	1.22307e+00	1.20000e+01
6.08000e-04	1.10591e+00	1.20000e+01
8.32000e-04	1.03124e+00	1.20000e+01
1.05600e-03	9.77169e-01	1.20000e+01
1.00000e-04	1.27131e+00	6.50000e+00
2.40000e-04	1.07604e+00	6.50000e+00
3.80000e-04	9.83786e-01	6.50000e+00
5.20000e-04	9.24468e-01	6.50000e+00
6.60000e-04	8.81232e-01	6.50000e+00
2.50000e-04	1.34153e+00	1.20000e+01
6.00000e-04	1.10916e+00	1.20000e+01
9.50000e-04	1.00088e+00	1.20000e+01
1.30000e-03	9.31844e-01	1.20000e+01
1.65000e-03	8.81852e-01	1.20000e+01
1.00000e-04	1.27131e+00	6.50000e+00
2.40000e-04	1.07604e+00	6.50000e+00
3.80000e-04	9.83786e-01	6.50000e+00
5.20000e-04	9.24468e-01	6.50000e+00
6.60000e-04	8.81232e-01	6.50000e+00
4.00000e-04	1.21227e+00	1.20000e+01
9.60000e-04	9.98512e-01	1.20000e+01
1.52000e-03	8.98826e-01	1.20000e+01
2.08000e-03	8.35225e-01	1.20000e+01
2.64000e-03	7.89095e-01	1.20000e+01
1.60000e-04	1.16315e+00	6.50000e+00
3.84000e-04	9.81760e-01	6.50000e+00
6.08000e-04	8.95939e-01	6.50000e+00
8.32000e-04	8.40690e-01	6.50000e+00
1.05600e-03	8.00399e-01	6.50000e+00
6.50000e-04	1.08966e+00	1.20000e+01
1.56000e-03	8.93427e-01	1.20000e+01
2.47000e-03	8.01791e-01	1.20000e+01
3.38000e-03	7.43140e-01	1.20000e+01
4.29000e-03	7.00451e-01	1.20000e+01
2.50000e-04	1.06758e+00	6.50000e+00
6.00000e-04	8.98330e-01	6.50000e+00
9.50000e-04	8.18099e-01	6.50000e+00
1.30000e-03	7.66418e-01	6.50000e+00
1.65000e-03	7.28711e-01	6.50000e+00
1.00000e-03	9.89327e-01	1.20000e+01
2.40000e-03	8.07318e-01	1.20000e+01
3.80000e-03	7.21974e-01	1.20000e+01
5.20000e-03	6.67095e-01	1.20000e+01
6.60000e-03	6.26994e-01	1.20000e+01
4.00000e-04	9.73890e-01	6.50000e+00
9.60000e-04	8.16334e-01	6.50000e+00
1.52000e-03	7.41542e-01	6.50000e+00
2.08000e-03	6.93312e-01	6.50000e+00
2.64000e-03	6.58054e-01	6.50000e+00
1.60000e-03	8.88188e-01	1.20000e+01
3.84000e-03	7.20100e-01	1.20000e+01
6.08000e-03	6.40650e-01	1.20000e+01
8.32000e-03	5.89228e-01	1.20000e+01
1.05600e-02	5.51408e-01	1.20000e+01
6.50000e-04	8.83954e-01	6.50000e+00
1.56000e-03	7.37464e-01	6.50000e+00
2.47000e-03	6.67782e-01	6.50000e+00
3.38000e-03	6.22681e-01	6.50000e+00
4.29000e-03	5.89581e-01	6.50000e+00
2.50000e-03	7.99478e-01	1.20000e+01
6.00000e-03	6.42868e-01	1.20000e+01
9.50000e-03	5.68068e-01	1.20000e+01
1.30000e-02	5.19144e-01	1.20000e+01
1.65000e-02	4.82725e-01	1.20000e+01
1.00000e-03	8.09481e-01	6.50000e+00
2.40000e-03	6.72011e-01	6.50000e+00
3.80000e-03	6.06300e-01	6.50000e+00
5.20000e-03	5.63541e-01	6.50000e+00
6.60000e-03	5.32017e-01	6.50000e+00
1.60000e-03	7.33504e-01	6.50000e+00
3.84000e-03	6.04847e-01	6.50000e+00
6.08000e-03	5.42781e-01	6.50000e+00
8.32000e-03	5.02090e-01	6.50000e+00
1.05600e-02	4.71868e-01	6.50000e+00
8.70000e-05	1.82744e+00	1.50000e+01
2.08800e-04	1.51055e+00	1.50000e+01
3.30600e-04	1.36407e+00	1.50000e+01
4.52400e-04	1.27114e+00	1.50000e+01
5.74200e-04	1.20407e+00	1.50000e+01
2.50000e-03	6.66011e-01	6.50000e+00
6.00000e-03	5.44526e-01	6.50000e+00
9.50000e-03	4.85214e-01	6.50000e+00
1.30000e-02	4.45873e-01	6.50000e+00
1.65000e-02	4.16277e-01	6.50000e+00
1.00000e-04	1.77348e+00	1.50000e+01
2.40000e-04	1.46480e+00	1.50000e+01
3.80000e-04	1.32214e+00	1.50000e+01
5.20000e-04	1.23160e+00	1.50000e+01
6.60000e-04	1.16624e+00	1.50000e+01
1.00000e-04	1.77348e+00	1.50000e+01
2.40000e-04	1.46480e+00	1.50000e+01
3.80000e-04	1.32214e+00	1.50000e+01
5.20000e-04	1.23160e+00	1.50000e+01
6.60000e-04	1.16624e+00	1.50000e+01
1.14000e-04	1.72398e+00	1.50000e+01
2.73600e-04	1.42285e+00	1.50000e+01
4.33200e-04	1.28367e+00	1.50000e+01
5.92800e-04	1.19532e+00	1.50000e+01
7.52400e-04	1.13153e+00	1.50000e+01
4.93000e-05	1.62839e+00	8.50000e+00
1.18320e-04	1.37302e+00	8.50000e+00
1.87340e-04	1.25310e+00	8.50000e+00
2.56360e-04	1.17640e+00	8.50000e+00
3.25380e-04	1.12074e+00	8.50000e+00
1.23000e-04	1.69582e+00	1.50000e+01
2.95200e-04	1.39900e+00	1.50000e+01
4.67400e-04	1.26179e+00	1.50000e+01
6.39600e-04	1.17468e+00	1.50000e+01
8.11800e-04	1.11178e+00	1.50000e+01
5.25000e-05	1.60879e+00	8.50000e+00
1.26000e-04	1.35606e+00	8.50000e+00
1.99500e-04	1.23740e+00	8.50000e+00
2.73000e-04	1.16150e+00	8.50000e+00
3.46500e-04	1.10642e+00	8.50000e+00
1.60000e-04	1.60143e+00	1.50000e+01
3.84000e-04	1.31903e+00	1.50000e+01
6.08000e-04	1.18841e+00	1.50000e+01
8.32000e-04	1.10546e+00	1.50000e+01
1.05600e-03	1.04555e+00	1.50000e+01
5.60000e-05	1.58889e+00	8.50000e+00
1.34400e-04	1.33883e+00	8.50000e+00
2.12800e-04	1.22145e+00	8.50000e+00
2.91200e-04	1.14637e+00	8.50000e+00
3.69600e-04	1.09188e+00	8.50000e+00
1.60000e-04	1.60143e+00	1.50000e+01
3.84000e-04	1.31903e+00	1.50000e+01
6.08000e-04	1.18841e+00	1.50000e+01
8.32000e-04	1.10546e+00	1.50000e+01
1.05600e-03	1.04555e+00	1.50000e+01
6.20000e-05	1.55793e+00	8.50000e+00
1.48800e-04	1.31205e+00	8.50000e+00
2.35600e-04	1.19666e+00	8.50000e+00
3.22400e-04	1.12285e+00	8.50000e+00
4.09200e-04	1.06926e+00	8.50000e+00
2.50000e-04	1.45162e+00	1.50000e+01
6.00000e-04	1.19202e+00	1.50000e+01
9.50000e-04	1.07181e+00	1.50000e+01
1.30000e-03	9.95445e-01	1.50000e+01
1.65000e-03	9.40298e-01	1.50000e+01
6.45000e-05	1.54604e+00	8.50000e+00
1.54800e-04	1.30177e+00	8.50000e+00
2.45100e-04	1.18714e+00	8.50000e+00
3.35400e-04	1.11381e+00	8.50000e+00
4.25700e-04	1.06058e+00	8.50000e+00
4.00000e-04	1.30697e+00	1.50000e+01
9.60000e-04	1.06918e+00	1.50000e+01
1.52000e-03	9.59008e-01	1.50000e+01
2.08000e-03	8.88987e-01	1.50000e+01
2.64000e-03	8.38346e-01	1.50000e+01
6.95000e-05	1.52380e+00	8.50000e+00
1.66800e-04	1.28254e+00	8.50000e+00
2.64100e-04	1.16933e+00	8.50000e+00
3.61400e-04	1.09692e+00	8.50000e+00
4.58700e-04	1.04433e+00	8.50000e+00
6.50000e-04	1.17034e+00	1.50000e+01
1.56000e-03	9.53055e-01	1.50000e+01
2.47000e-03	8.52270e-01	1.50