3.10500e-07	8.25885e-02	4.50000e-02
7.45200e-07	7.89975e-02	4.50000e-02
1.17990e-06	7.71452e-02	4.50000e-02
1.61460e-06	7.58929e-02	4.50000e-02
2.04930e-06	7.49470e-02	4.50000e-02
3.31000e-05	3.02476e-01	3.50000e-01
7.94400e-05	2.77613e-01	3.50000e-01
1.25780e-04	2.64946e-01	3.50000e-01
1.72120e-04	2.56455e-01	3.50000e-01
2.18460e-04	2.50086e-01	3.50000e-01
4.48500e-07	1.11062e-01	6.50000e-02
1.07640e-06	1.05853e-01	6.50000e-02
1.70430e-06	1.03167e-01	6.50000e-02
2.33220e-06	1.01350e-01	6.50000e-02
2.96010e-06	9.99787e-02	6.50000e-02
6.50000e-05	2.83226e-01	3.50000e-01
1.56000e-04	2.59103e-01	3.50000e-01
2.47000e-04	2.46836e-01	3.50000e-01
3.38000e-04	2.38622e-01	3.50000e-01
4.29000e-04	2.32467e-01	3.50000e-01
5.10000e-07	1.10290e-01	6.50000e-02
1.22400e-06	1.05099e-01	6.50000e-02
1.93800e-06	1.02421e-01	6.50000e-02
2.65200e-06	1.00610e-01	6.50000e-02
3.36600e-06	9.92425e-02	6.50000e-02
1.10000e-04	2.68613e-01	3.50000e-01
2.64000e-04	2.45082e-01	3.50000e-01
4.18000e-04	2.33133e-01	3.50000e-01
5.72000e-04	2.25142e-01	3.50000e-01
7.26000e-04	2.19159e-01	3.50000e-01
5.85000e-07	1.37164e-01	8.50000e-02
1.40400e-06	1.30334e-01	8.50000e-02
2.22300e-06	1.26813e-01	8.50000e-02
3.04200e-06	1.24432e-01	8.50000e-02
3.86100e-06	1.22634e-01	8.50000e-02
2.50000e-04	2.46517e-01	3.50000e-01
6.00000e-04	2.23936e-01	3.50000e-01
9.50000e-04	2.12505e-01	3.50000e-01
1.30000e-03	2.04874e-01	3.50000e-01
1.65000e-03	1.99169e-01	3.50000e-01
6.70000e-07	1.36095e-01	8.50000e-02
1.60800e-06	1.29290e-01	8.50000e-02
2.54600e-06	1.25781e-01	8.50000e-02
3.48400e-06	1.23408e-01	8.50000e-02
4.42200e-06	1.21616e-01	8.50000e-02
1.25500e-03	2.05724e-01	3.50000e-01
3.01200e-03	1.85139e-01	3.50000e-01
4.76900e-03	1.74794e-01	3.50000e-01
6.52600e-03	1.67919e-01	3.50000e-01
8.28300e-03	1.62798e-01	3.50000e-01
7.80000e-07	1.34902e-01	8.50000e-02
1.87200e-06	1.28125e-01	8.50000e-02
2.96400e-06	1.24628e-01	8.50000e-02
4.05600e-06	1.22264e-01	8.50000e-02
5.14800e-06	1.20479e-01	8.50000e-02
4.41500e-06	4.00341e-01	4.00000e-01
1.05960e-05	3.69574e-01	4.00000e-01
1.67770e-05	3.53876e-01	4.00000e-01
2.29580e-05	3.43340e-01	4.00000e-01
2.91390e-05	3.35429e-01	4.00000e-01
7.55000e-07	1.67289e-01	1.10000e-01
1.81200e-06	1.58434e-01	1.10000e-01
2.86900e-06	1.53870e-01	1.10000e-01
3.92600e-06	1.50786e-01	1.10000e-01
4.98300e-06	1.48458e-01	1.10000e-01
5.50000e-06	3.92513e-01	4.00000e-01
1.32000e-05	3.62029e-01	4.00000e-01
2.09000e-05	3.46479e-01	4.00000e-01
2.86000e-05	3.36046e-01	4.00000e-01
3.63000e-05	3.28213e-01	4.00000e-01
8.65000e-07	1.65899e-01	1.10000e-01
2.07600e-06	1.57077e-01	1.10000e-01
3.28700e-06	1.52530e-01	1.10000e-01
4.49800e-06	1.49456e-01	1.10000e-01
5.70900e-06	1.47136e-01	1.10000e-01
6.65000e-06	3.85806e-01	4.00000e-01
1.59600e-05	3.55566e-01	4.00000e-01
2.52700e-05	3.40146e-01	4.00000e-01
3.45800e-05	3.29801e-01	4.00000e-01
4.38900e-05	3.22037e-01	4.00000e-01
1.01000e-06	1.64322e-01	1.10000e-01
2.42400e-06	1.55538e-01	1.10000e-01
3.83800e-06	1.51008e-01	1.10000e-01
5.25200e-06	1.47947e-01	1.10000e-01
6.66600e-06	1.45636e-01	1.10000e-01
8.50000e-06	3.77214e-01	4.00000e-01
2.04000e-05	3.47291e-01	4.00000e-01
3.23000e-05	3.32038e-01	4.00000e-01
4.42000e-05	3.21809e-01	4.00000e-01
5.61000e-05	3.14133e-01	4.00000e-01
1.21500e-06	1.62450e-01	1.10000e-01
2.91600e-06	1.53710e-01	1.10000e-01
4.61700e-06	1.49201e-01	1.10000e-01
6.31800e-06	1.46154e-01	1.10000e-01
8.01900e-06	1.43853e-01	1.10000e-01
1.10000e-05	3.68285e-01	4.00000e-01
2.64000e-05	3.38694e-01	4.00000e-01
4.18000e-05	3.23619e-01	4.00000e-01
5.72000e-05	3.13511e-01	4.00000e-01
7.26000e-05	3.05929e-01	4.00000e-01
1.03500e-06	2.11004e-01	1.50000e-01
2.48400e-06	1.98926e-01	1.50000e-01
3.93300e-06	1.92707e-01	1.50000e-01
5.38200e-06	1.88507e-01	1.50000e-01
6.83100e-06	1.85339e-01	1.50000e-01
1.84000e-05	3.50759e-01	4.00000e-01
4.41600e-05	3.21838e-01	4.00000e-01
6.99200e-05	3.07119e-01	4.00000e-01
9.56800e-05	2.97258e-01	4.00000e-01
1.21440e-04	2.89865e-01	4.00000e-01
1.18000e-06	2.09175e-01	1.50000e-01
2.83200e-06	1.97143e-01	1.50000e-01
4.48400e-06	1.90947e-01	1.50000e-01
6.13600e-06	1.86762e-01	1.50000e-01
7.78800e-06	1.83606e-01	1.50000e-01
4.41500e-05	3.21845e-01	4.00000e-01
1.05960e-04	2.94083e-01	4.00000e-01
1.67770e-04	2.79985e-01	4.00000e-01
2.29580e-04	2.70554e-01	4.00000e-01
2.91390e-04	2.63492e-01	4.00000e-01
1.38000e-06	2.07001e-01	1.50000e-01
3.31200e-06	1.95023e-01	1.50000e-01
5.24400e-06	1.88854e-01	1.50000e-01
7.17600e-06	1.84687e-01	1.50000e-01
9.10800e-06	1.81544e-01	1.50000e-01
8.80000e-05	2.99874e-01	4.00000e-01
2.11200e-04	2.73048e-01	4.00000e-01
3.34400e-04	2.59455e-01	4.00000e-01
4.57600e-04	2.50375e-01	4.00000e-01
5.80800e-04	2.43583e-01	4.00000e-01
1.65500e-06	2.04490e-01	1.50000e-01
3.97200e-06	1.92574e-01	1.50000e-01
6.28900e-06	1.86435e-01	1.50000e-01
8.60600e-06	1.82290e-01	1.50000e-01
1.09230e-05	1.79162e-01	1.50000e-01
1.47000e-04	2.84006e-01	4.00000e-01
3.52800e-04	2.57893e-01	4.00000e-01
5.58600e-04	2.44687e-01	4.00000e-01
7.64400e-04	2.35875e-01	4.00000e-01
9.70200e-04	2.29289e-01	4.00000e-01
2.07000e-06	2.01416e-01	1.50000e-01
4.96800e-06	1.89575e-01	1.50000e-01
7.86600e-06	1.83474e-01	1.50000e-01
1.07640e-05	1.79354e-01	1.50000e-01
1.36620e-05	1.76245e-01	1.50000e-01
3.15500e-04	2.61157e-01	4.00000e-01
7.57200e-04	2.36139e-01	4.00000e-01
1.19890e-03	2.23525e-01	4.00000e-01
1.64060e-03	2.15125e-01	4.00000e-01
2.08230e-03	2.08857e-01	4.00000e-01
2.51000e-06	1.98784e-01	1.50000e-01
6.02400e-06	1.87007e-01	1.50000e-01
9.53800e-06	1.80938e-01	1.50000e-01
1.30520e-05	1.76839e-01	1.50000e-01
1.65660e-05	1.73745e-01	1.50000e-01
3.66000e-06	4.78121e-01	5.00000e-01
8.78400e-06	4.39648e-01	5.00000e-01
1.39080e-05	4.20074e-01	5.00000e-01
1.90320e-05	4.06962e-01	5.00000e-01
2.41560e-05	3.97130e-01	5.00000e-01
1.57500e-06	2.57603e-01	2.00000e-01
3.78000e-06	2.41601e-01	2.00000e-01
5.98500e-06	2.33373e-01	2.00000e-01
8.19000e-06	2.27824e-01	2.00000e-01
1.03950e-05	2.23641e-01	2.00000e-01
4.30000e-06	4.70923e-01	5.00000e-01
1.03200e-05	4.32735e-01	5.00000e-01
1.63400e-05	4.13312e-01	5.00000e-01
2.23600e-05	4.00303e-01	5.00000e-01
2.83800e-05	3.90551e-01	5.00000e-01
1.84000e-06	2.54728e-01	2.00000e-01
4.41600e-06	2.38804e-01	2.00000e-01
6.99200e-06	2.30615e-01	2.00000e-01
9.56800e-06	2.25092e-01	2.00000e-01
1.21440e-05	2.20929e-01	2.00000e-01
7.90000e-06	4.44227e-01	5.00000e-01
1.89600e-05	4.07119e-01	5.00000e-01
3.00200e-05	3.88270e-01	5.00000e-01
4.10800e-05	3.75657e-01	5.00000e-01
5.21400e-05	3.66207e-01	5.00000e-01
2.20500e-06	2.51401e-01	2.00000e-01
5.29200e-06	2.35565e-01	2.00000e-01
8.37900e-06	2.27422e-01	2.00000e-01
1.14660e-05	2.21929e-01	2.00000e-01
1.45530e-05	2.17789e-01	2.00000e-01
1.06000e-05	4.31592e-01	5.00000e-01
2.54400e-05	3.95010e-01	5.00000e-01
4.02800e-05	3.76441e-01	5.00000e-01
5.51200e-05	3.64021e-01	5.00000e-01
6.99600e-05	3.54720e-01	5.00000e-01
2.76000e-06	2.47299e-01	2.00000e-01
6.62400e-06	2.31573e-01	2.00000e-01
1.04880e-05	2.23485e-01	2.00000e-01
1.43520e-05	2.18030e-01	2.00000e-01
1.82160e-05	2.13918e-01	2.00000e-01
1.38000e-05	4.20403e-01	5.00000e-01
3.31200e-05	3.84296e-01	5.00000e-01
5.24400e-05	3.65981e-01	5.00000e-01
7.17600e-05	3.53736e-01	5.00000e-01
9.10800e-05	3.44569e-01	5.00000e-01
3.34500e-06	2.43809e-01	2.00000e-01
8.02800e-06	2.28176e-01	2.00000e-01
1.27110e-05	2.20136e-01	2.00000e-01
1.73940e-05	2.14712e-01	2.00000e-01
2.20770e-05	2.10624e-01	2.00000e-01
1.99000e-05	4.05114e-01	5.00000e-01
4.77600e-05	3.69671e-01	5.00000e-01
7.56200e-05	3.51711e-01	5.00000e-01
1.03480e-04	3.39711e-01	5.00000e-01
1.31340e-04	3.30732e-01	5.00000e-01
4.24500e-06	2.39513e-01	2.00000e-01
1.01880e-05	2.23993e-01	2.00000e-01
1.61310e-05	2.16011e-01	2.00000e-01
2.20740e-05	2.10626e-01	2.00000e-01
2.80170e-05	2.06568e-01	2.00000e-01
5.00000e-05	3.67860e-01	5.00000e-01
1.20000e-04	3.34118e-01	5.00000e-01
1.90000e-04	3.17070e-01	5.00000e-01
2.60000e-04	3.05702e-01	5.00000e-01
3.30000e-04	2.97207e-01	5.00000e-01
5.50000e-06	2.34878e-01	2.00000e-01
1.32000e-05	2.19480e-01	2.00000e-01
2.09000e-05	2.11561e-01	2.00000e-01
2.86000e-05	2.06219e-01	2.00000e-01
3.63000e-05	2.02192e-01	2.00000e-01
1.25500e-04	3.32435e-01	5.00000e-01
3.01200e-04	3.00446e-01	5.00000e-01
4.76900e-04	2.84340e-01	5.00000e-01
6.52600e-04	2.73623e-01	5.00000e-01
8.28300e-04	2.65630e-01	5.00000e-01
1.99000e-05	2.12400e-01	2.00000e-01
4.77600e-05	1.97595e-01	2.00000e-01
7.56200e-05	1.89984e-01	2.00000e-01
1.03480e-04	1.84852e-01	2.00000e-01
1.31340e-04	1.80986e-01	2.00000e-01
1.84000e-04	3.18246e-01	5.00000e-01
4.41600e-04	2.87002e-01	5.00000e-01
6.99200e-04	2.71297e-01	5.00000e-01
9.56800e-04	2.60859e-01	5.00000e-01
1.21440e-03	2.53079e-01	5.00000e-01
1.25500e-04	1.81722e-01	2.00000e-01
3.01200e-04	1.67765e-01	2.00000e-01
4.76900e-04	1.60608e-01	2.00000e-01
6.52600e-04	1.55792e-01	2.00000e-01
8.28300e-04	1.52169e-01	2.00000e-01
4.00000e-04	2.90446e-01	5.00000e-01
9.60000e-04	2.60749e-01	5.00000e-01
1.52000e-03	2.45877e-01	5.00000e-01
2.08000e-03	2.36014e-01	5.00000e-01
2.64000e-03	2.28676e-01	5.00000e-01
1.97000e-06	3.01282e-01	2.50000e-01
4.72800e-06	2.81372e-01	2.50000e-01
7.48600e-06	2.71153e-01	2.50000e-01
1.02440e-05	2.64269e-01	2.50000e-01
1.30020e-05	2.59084e-01	2.50000e-01
1.60000e-03	2.44248e-01	5.00000e-01
3.84000e-03	2.17421e-01	5.00000e-01
6.08000e-03	2.04087e-01	5.00000e-01
8.32000e-03	1.95286e-01	5.00000e-01
1.05600e-02	1.88759e-01	5.00000e-01
2.30000e-06	2.97717e-01	2.50000e-01
5.52000e-06	2.77910e-01	2.50000e-01
8.74000e-06	2.67745e-01	2.50000e-01
1.19600e-05	2.60896e-01	2.50000e-01
1.51800e-05	2.55739e-01	2.50000e-01
4.76000e-06	5.60143e-01	6.50000e-01
1.14240e-05	5.11459e-01	6.50000e-01
1.80880e-05	4.86813e-01	6.50000e-01
2.47520e-05	4.70353e-01	6.50000e-01
3.14160e-05	4.58040e-01	6.50000e-01
2.76000e-06	2.93544e-01	2.50000e-01
6.62400e-06	2.73858e-01	2.50000e-01
1.04880e-05	2.63755e-01	2.50000e-01
1.43520e-05	2.56948e-01	2.50000e-01
1.82160e-05	2.51823e-01	2.50000e-01
5.60000e-06	5.50935e-01	6.50000e-01
1.34400e-05	5.02671e-01	6.50000e-01
2.12800e-05	4.78247e-01	6.50000e-01
2.91200e-05	4.61941e-01	6.50000e-01
3.69600e-05	4.49746e-01	6.50000e-01
3.45000e-06	2.88471e-01	2.50000e-01
8.28000e-06	2.68933e-01	2.50000e-01
1.31100e-05	2.58905e-01	2.50000e-01
1.79400e-05	2.52150e-01	2.50000e-01
2.27700e-05	2.47064e-01	2.50000e-01
7.90000e-06	5.31696e-01	6.50000e-01
1.89600e-05	4.84323e-01	6.50000e-01
3.00200e-05	4.60374e-01	6.50000e-01
4.10800e-05	4.44396e-01	6.50000e-01
5.21400e-05	4.32452e-01	6.50000e-01
4.18000e-06	2.84138e-01	2.50000e-01
1.00320e-05	2.64726e-01	2.50000e-01
1.58840e-05	2.54763e-01	2.50000e-01
2.17360e-05	2.48052e-01	2.50000e-01
2.75880e-05	2.42999e-01	2.50000e-01
8.20000e-06	5.29633e-01	6.50000e-01
1.96800e-05	4.82357e-01	6.50000e-01
3.11600e-05	4.58460e-01	6.50000e-01
4.26400e-05	4.42517e-01	6.50000e-01
5.41200e-05	4.30600e-01	6.50000e-01
5.30000e-06	2.78818e-01	2.50000e-01
1.27200e-05	2.59559e-01	2.50000e-01
2.01400e-05	2.49677e-01	2.50000e-01
2.75600e-05	2.43020e-01	2.50000e-01
3.49800e-05	2.38009e-01	2.50000e-01
1.99000e-05	4.81771e-01	6.50000e-01
4.77600e-05	4.36827e-01	6.50000e-01
7.56200e-05	4.14175e-01	6.50000e-01
1.03480e-04	3.99090e-01	6.50000e-01
1.31340e-04	3.87830e-01	6.50000e-01
6.90000e-06	2.72955e-01	2.50000e-01
1.65600e-05	2.53867e-01	2.50000e-01
2.62200e-05	2.44073e-01	2.50000e-01
3.58800e-05	2.37478e-01	2.50000e-01
4.55400e-05	2.32512e-01	2.50000e-01
2.99000e-05	4.60580e-01	6.50000e-01
7.17600e-05	4.16725e-01	6.50000e-01
1.13620e-04	3.94654e-01	6.50000e-01
1.55480e-04	3.79970e-01	6.50000e-01
1.97340e-04	3.69018e-01	6.50000e-01
1.15000e-05	2.61749e-01	2.50000e-01
2.76000e-05	2.42990e-01	2.50000e-01
4.37000e-05	2.33368e-01	2.50000e-01
5.98000e-05	2.26890e-01	2.50000e-01
7.59000e-05	2.22015e-01	2.50000e-01
5.00000e-05	4.34539e-01	6.50000e-01
1.20000e-04	3.92074e-01	6.50000e-01
1.90000e-04	3.70747e-01	6.50000e-01
2.60000e-04	3.56576e-01	6.50000e-01
3.30000e-04	3.46016e-01	6.50000e-01
1.99000e-05	2.49933e-01	2.50000e-01
4.77600e-05	2.31526e-01	2.50000e-01
7.56200e-05	2.22090e-01	2.50000e-01
1.03480e-04	2.15740e-01	2.50000e-01
1.31340e-04	2.10963e-01	2.50000e-01
1.25500e-04	3.89965e-01	6.50000e-01
3.01200e-04	3.50039e-01	6.50000e-01
4.76900e-04	3.30069e-01	6.50000e-01
6.52600e-04	3.16833e-01	6.50000e-01
8.28300e-04	3.06989e-01	6.50000e-01
5.50000e-05	2.28611e-01	2.50000e-01
1.32000e-04	2.10863e-01	2.50000e-01
2.09000e-04	2.01779e-01	2.50000e-01
2.86000e-04	1.95673e-01	2.50000e-01
3.63000e-04	1.91083e-01	2.50000e-01
2.39000e-04	3.60350e-01	6.50000e-01
5.73600e-04	3.22239e-01	6.50000e-01
9.08200e-04	3.03237e-01	6.50000e-01
1.24280e-03	2.90667e-01	6.50000e-01
1.57740e-03	2.81332e-01	6.50000e-01
1.25500e-04	2.11871e-01	2.50000e-01
3.01200e-04	1.94672e-01	2.50000e-01
4.76900e-04	1.85886e-01	2.50000e-01
6.52600e-04	1.79987e-01	2.50000e-01
8.28300e-04	1.75558e-01	2.50000e-01
4.00000e-04	3.37630e-01	6.50000e-01
9.60000e-04	3.00990e-01	6.50000e-01
1.52000e-03	2.82771e-01	6.50000e-01
2.08000e-03	2.70740e-01	6.50000e-01
2.64000e-03	2.61816e-01	6.50000e-01
1.97000e-04	2.02939e-01	2.50000e-01
4.72800e-04	1.86049e-01	2.50000e-01
7.48600e-04	1.77431e-01	2.50000e-01
1.02440e-03	1.71651e-01	2.50000e-01
1.30020e-03	1.67313e-01	2.50000e-01
1.60000e-03	2.80781e-01	6.50000e-01
3.84000e-03	2.48176e-01	6.50000e-01
6.08000e-03	2.32094e-01	6.50000e-01
8.32000e-03	2.21525e-01	6.50000e-01
1.05600e-02	2.13713e-01	6.50000e-01
7.90000e-04	1.76434e-01	2.50000e-01
1.89600e-03	1.60552e-01	2.50000e-01
3.00200e-03	1.52489e-01	2.50000e-01
4.10800e-03	1.47098e-01	2.50000e-01
5.21400e-03	1.43062e-01	2.50000e-01
6.20000e-06	6.52849e-01	8.50000e-01
1.48800e-05	5.91516e-01	8.50000e-01
2.35600e-05	5.60651e-01	8.50000e-01
3.22400e-05	5.40115e-01	8.50000e-01
4.09200e-05	5.24795e-01	8.50000e-01
2.56000e-06	3.80530e-01	3.50000e-01
6.14400e-06	3.52940e-01	3.50000e-01
9.72800e-06	3.38829e-01	3.50000e-01
1.33120e-05	3.29344e-01	3.50000e-01
1.68960e-05	3.22214e-01	3.50000e-01
6.90000e-06	6.45178e-01	8.50000e-01
1.65600e-05	5.84249e-01	8.50000e-01
2.62200e-05	5.53598e-01	8.50000e-01
3.58800e-05	5.33210e-01	8.50000e-01
4.55400e-05	5.18004e-01	8.50000e-01
2.56000e-06	3.80530e-01	3.50000e-01
6.14400e-06	3.52940e-01	3.50000e-01
9.72800e-06	3.38829e-01	3.50000e-01
1.33120e-05	3.29344e-01	3.50000e-01
1.68960e-05	3.22214e-01	3.50000e-01
1.00000e-05	6.18951e-01	8.50000e-01
2.40000e-05	5.59427e-01	8.50000e-01
3.80000e-05	5.29526e-01	8.50000e-01
5.20000e-05	5.09652e-01	8.50000e-01
6.60000e-05	4.94840e-01	8.50000e-01
3.05000e-06	3.74936e-01	3.50000e-01
7.32000e-06	3.47532e-01	3.50000e-01
1.15900e-05	3.33518e-01	3.50000e-01
1.58600e-05	3.24100e-01	3.50000e-01
2.01300e-05	3.17021e-01	3.50000e-01
1.00000e-05	6.18951e-01	8.50000e-01
2.40000e-05	5.59427e-01	8.50000e-01
3.80000e-05	5.29526e-01	8.50000e-01
5.20000e-05	5.09652e-01	8.50000e-01
6.60000e-05	4.94840e-01	8.50000e-01
3.31000e-06	3.72336e-01	3.50000e-01
7.94400e-06	3.45018e-01	3.50000e-01
1.25780e-05	3.31050e-01	3.50000e-01
1.72120e-05	3.21663e-01	3.50000e-01
2.18460e-05	3.14608e-01	3.50000e-01
1.99000e-05	5.71884e-01	8.50000e-01
4.77600e-05	5.14998e-01	8.50000e-01
7.56200e-05	4.86500e-01	8.50000e-01
1.03480e-04	4.67593e-01	8.50000e-01
1.31340e-04	4.53518e-01	8.50000e-01
4.14000e-06	3.65266e-01	3.50000e-01
9.93600e-06	3.38185e-01	3.50000e-01
1.57320e-05	3.24342e-01	3.50000e-01
2.15280e-05	3.15040e-01	3.50000e-01
2.73240e-05	3.08049e-01	3.50000e-01
2.50000e-05	5.56733e-01	8.50000e-01
6.00000e-05	5.00731e-01	8.50000e-01
9.50000e-05	4.72703e-01	8.50000e-01
1.30000e-04	4.54118e-01	8.50000e-01
1.65000e-04	4.40290e-01	8.50000e-01
5.00000e-06	3.59349e-01	3.50000e-01
1.20000e-05	3.32469e-01	3.50000e-01
1.90000e-05	3.18730e-01	3.50000e-01
2.60000e-05	3.09500e-01	3.50000e-01
3.30000e-05	3.02564e-01	3.50000e-01
5.00000e-05	5.12113e-01	8.50000e-01
1.20000e-04	4.58819e-01	8.50000e-01
1.90000e-04	4.32229e-01	8.50000e-01
2.60000e-04	4.14632e-01	8.50000e-01
3.30000e-04	4.01558e-01	8.50000e-01
6.35000e-06	3.51919e-01	3.50000e-01
1.52400e-05	3.25291e-01	3.50000e-01
2.41300e-05	3.11685e-01	3.50000e-01
3.30200e-05	3.02546e-01	3.50000e-01
4.19100e-05	2.95681e-01	3.50000e-01
1.25500e-04	4.56183e-01	8.50000e-01
3.01200e-04	4.06535e-01	8.50000e-01
4.76900e-04	3.81878e-01	8.50000e-01
6.52600e-04	3.65606e-01	8.50000e-01
8.28300e-04	3.53541e-01	8.50000e-01
8.25000e-06	3.43860e-01	3.50000e-01
1.98000e-05	3.17509e-01	3.50000e-01
3.13500e-05	3.04050e-01	3.50000e-01
4.29000e-05	2.95012e-01	3.50000e-01
5.44500e-05	2.88223e-01	3.50000e-01
4.00000e-04	3.91199e-01	8.50000e-01
9.60000e-04	3.46205e-01	8.50000e-01
1.52000e-03	3.24002e-01	8.50000e-01
2.08000e-03	3.09406e-01	8.50000e-01
2.64000e-03	2.98615e-01	8.50000e-01
1.60000e-05	3.23838e-01	3.50000e-01
3.84000e-05	2.98192e-01	3.50000e-01
6.08000e-05	2.85106e-01	3.50000e-01
8.32000e-05	2.76326e-01	3.50000e-01
1.05600e-04	2.69735e-01	3.50000e-01
1.60000e-03	3.21584e-01	8.50000e-01
3.84000e-03	2.82181e-01	8.50000e-01
6.08000e-03	2.62900e-01	8.50000e-01
8.32000e-03	2.50288e-01	8.50000e-01
1.05600e-02	2.40997e-01	8.50000e-01
8.80000e-06	7.82368e-01	1.20000e+00
2.11200e-05	7.01325e-01	1.20000e+00
3.34400e-05	6.60909e-01	1.20000e+00
4.57600e-05	6.34168e-01	1.20000e+00
5.80800e-05	6.14302e-01	1.20000e+00
4.00000e-05	1.00217e+00	2.70000e+00
9.60000e-05	8.71131e-01	2.70000e+00
1.52000e-04	8.07726e-01	2.70000e+00
2.08000e-04	7.66520e-01	2.70000e+00
2.64000e-04	7.36302e-01	2.70000e+00
1.00000e-05	7.70205e-01	1.20000e+00
2.40000e-05	6.89935e-01	1.20000e+00
3.80000e-05	6.49927e-01	1.20000e+00
5.20000e-05	6.23466e-01	1.20000e+00
6.60000e-05	6.03814e-01	1.20000e+00
4.00000e-05	1.00217e+00	2.70000e+00
9.60000e-05	8.71131e-01	2.70000e+00
1.52000e-04	8.07726e-01	2.70000e+00
2.08000e-04	7.66520e-01	2.70000e+00
2.64000e-04	7.36302e-01	2.70000e+00
1.00000e-05	7.70205e-01	1.20000e+00
2.40000e-05	6.89935e-01	1.20000e+00
3.80000e-05	6.49927e-01	1.20000e+00
5.20000e-05	6.23466e-01	1.20000e+00
6.60000e-05	6.03814e-01	1.20000e+00
6.50000e-05	9.27820e-01	2.70000e+00
1.56000e-04	8.04251e-01	2.70000e+00
2.47000e-04	7.44643e-01	2.70000e+00
3.38000e-04	7.05972e-01	2.70000e+00
4.29000e-04	6.77648e-01	2.70000e+00
1.60000e-05	7.26453e-01	1.20000e+00
3.84000e-05	6.49033e-01	1.20000e+00
6.08000e-05	6.10534e-01	1.20000e+00
8.32000e-05	5.85105e-01	1.20000e+00
1.05600e-04	5.66237e-01	1.20000e+00
1.00000e-04	8.65351e-01	2.70000e+00
2.40000e-04	7.48269e-01	2.70000e+00
3.80000e-04	6.91943e-01	2.70000e+00
5.20000e-04	6.55457e-01	2.70000e+00
6.60000e-04	6.28763e-01	2.70000e+00
1.60000e-05	7.26453e-01	1.20000e+00
3.84000e-05	6.49033e-01	1.20000e+00
6.08000e-05	6.10534e-01	1.20000e+00
8.32000e-05	5.85105e-01	1.20000e+00
1.05600e-04	5.66237e-01	1.20000e+00
1.60000e-04	8.00874e-01	2.70000e+00
3.84000e-04	6.90699e-01	2.70000e+00
6.08000e-04	6.37851e-01	2.70000e+00
8.32000e-04	6.03675e-01	2.70000e+00
1.05600e-03	5.78701e-01	2.70000e+00
3.15500e-05	6.65945e-01	1.20000e+00
7.57200e-05	5.92670e-01	1.20000e+00
1.19890e-04	5.56356e-01	1.20000e+00
1.64060e-04	5.32420e-01	1.20000e+00
2.08230e-04	5.14688e-01	1.20000e+00
2.50000e-04	7.43125e-01	2.70000e+00
6.00000e-04	6.39328e-01	2.70000e+00
9.50000e-04	5.89676e-01	2.70000e+00
1.30000e-03	5.57617e-01	2.70000e+00
1.65000e-03	5.34215e-01	2.70000e+00
4.00000e-05	6.45553e-01	1.20000e+00
9.60000e-05	5.73732e-01	1.20000e+00
1.52000e-04	5.38183e-01	1.20000e+00
2.08000e-04	5.14769e-01	1.20000e+00
2.64000e-04	4.97433e-01	1.20000e+00
4.00000e-04	6.85869e-01	2.70000e+00
9.60000e-04	5.88582e-01	2.70000e+00
1.52000e-03	5.42178e-01	2.70000e+00
2.08000e-03	5.12263e-01	2.70000e+00
2.64000e-03	4.90452e-01	2.70000e+00
6.50000e-05	6.05060e-01	1.20000e+00
1.56000e-04	5.36218e-01	1.20000e+00
2.47000e-04	5.02233e-01	1.20000e+00
3.38000e-04	4.79884e-01	1.20000e+00
4.29000e-04	4.63355e-01	1.20000e+00
6.50000e-04	6.30446e-01	2.70000e+00
1.56000e-03	5.39647e-01	2.70000e+00
2.47000e-03	4.96462e-01	2.70000e+00
3.38000e-03	4.68669e-01	2.70000e+00
4.29000e-03	4.48427e-01	2.70000e+00
7.90000e-05	5.89256e-01	1.20000e+00
1.89600e-04	5.21612e-01	1.20000e+00
3.00200e-04	4.88254e-01	1.20000e+00
4.10800e-04	4.66331e-01	1.20000e+00
5.21400e-04	4.50125e-01	1.20000e+00
1.00000e-03	5.84333e-01	2.70000e+00
2.40000e-03	4.99077e-01	2.70000e+00
3.80000e-03	4.58630e-01	2.70000e+00
5.20000e-03	4.32636e-01	2.70000e+00
6.60000e-03	4.13723e-01	2.70000e+00
1.99000e-04	5.18030e-01	1.20000e+00
4.77600e-04	4.56044e-01	1.20000e+00
7.56200e-04	4.25638e-01	1.20000e+00
1.03480e-03	4.05719e-01	1.20000e+00
1.31340e-03	3.91028e-01	1.20000e+00
2.50000e-03	4.95367e-01	2.70000e+00
6.00000e-03	4.21198e-01	2.70000e+00
9.50000e-03	3.86193e-01	2.70000e+00
1.30000e-02	3.63761e-01	2.70000e+00
1.65000e-02	3.47472e-01	2.70000e+00
6.50000e-04	4.35491e-01	1.20000e+00
1.56000e-03	3.80665e-01	1.20000e+00
2.47000e-03	3.53964e-01	1.20000e+00
3.38000e-03	3.36546e-01	1.20000e+00
4.29000e-03	3.23738e-01	1.20000e+00
2.50000e-03	3.53282e-01	1.20000e+00
6.00000e-03	3.06341e-01	1.20000e+00
9.50000e-03	2.83673e-01	1.20000e+00
1.30000e-02	2.68958e-01	1.20000e+00
1.65000e-02	2.58177e-01	1.20000e+00
2.03000e-05	1.27254e+00	3.50000e+00
4.87200e-05	1.10269e+00	3.50000e+00
7.71400e-05	1.02075e+00	3.50000e+00
1.05560e-04	9.67593e-01	3.50000e+00
1.33980e-04	9.28665e-01	3.50000e+00
9.25000e-06	8.91556e-01	1.50000e+00
2.22000e-05	7.94244e-01	1.50000e+00
3.51500e-05	7.45990e-01	1.50000e+00
4.81000e-05	7.14172e-01	1.50000e+00
6.10500e-05	6.90594e-01	1.50000e+00
2.16000e-05	1.25989e+00	3.50000e+00
5.18400e-05	1.09133e+00	3.50000e+00
8.20800e-05	1.01005e+00	3.50000e+00
1.12320e-04	9.57336e-01	3.50000e+00
1.42560e-04	9.18735e-01	3.50000e+00
1.10000e-05	8.71737e-01	1.50000e+00
2.64000e-05	7.75820e-01	1.50000e+00
4.18000e-05	7.28301e-01	1.50000e+00
5.72000e-05	6.96984e-01	1.50000e+00
7.26000e-05	6.73787e-01	1.50000e+00
2.30000e-05	1.24719e+00	3.50000e+00
5.52000e-05	1.07994e+00	3.50000e+00
8.74000e-05	9.99319e-01	3.50000e+00
1.19600e-04	9.47046e-01	3.50000e+00
1.51800e-04	9.08775e-01	3.50000e+00
1.60000e-05	8.29822e-01	1.50000e+00
3.84000e-05	7.36927e-01	1.50000e+00
6.08000e-05	6.90996e-01	1.50000e+00
8.32000e-05	6.60762e-01	1.50000e+00
1.05600e-04	6.38386e-01	1.50000e+00
2.56000e-05	1.22575e+00	3.50000e+00
6.14400e-05	1.06071e+00	3.50000e+00
9.72800e-05	9.81223e-01	3.50000e+00
1.33120e-04	9.29700e-01	3.50000e+00
1.68960e-04	8.91989e-01	3.50000e+00
1.60000e-05	8.29822e-01	1.50000e+00
3.84000e-05	7.36927e-01	1.50000e+00
6.08000e-05	6.90996e-01	1.50000e+00
8.32000e-05	6.60762e-01	1.50000e+00
1.05600e-04	6.38386e-01	1.50000e+00
2.65500e-05	1.21852e+00	3.50000e+00
6.37200e-05	1.05423e+00	3.50000e+00
1.00890e-04	9.75125e-01	3.50000e+00
1.38060e-04	9.23855e-01	3.50000e+00
1.75230e-04	8.86334e-01	3.50000e+00
2.50000e-05	7.81584e-01	1.50000e+00
6.00000e-05	6.92292e-01	1.50000e+00
9.50000e-05	6.48250e-01	1.50000e+00
1.30000e-04	6.19301e-01	1.50000e+00
1.65000e-04	5.97899e-01	1.50000e+00
2.86500e-05	1.20351e+00	3.50000e+00
6.87600e-05	1.04080e+00	3.50000e+00
1.08870e-04	9.62481e-01	3.50000e+00
1.48980e-04	9.11740e-01	3.50000e+00
1.89090e-04	8.74613e-01	3.50000e+00
4.00000e-05	7.32768e-01	1.50000e+00
9.60000e-05	6.47269e-01	1.50000e+00
1.52000e-04	6.05208e-01	1.50000e+00
2.08000e-04	5.77605e-01	1.50000e+00
2.64000e-04	5.57221e-01	1.50000e+00
4.00000e-05	1.13936e+00	3.50000e+00
9.60000e-05	9.83447e-01	3.50000e+00
1.52000e-04	9.08568e-01	3.50000e+00
2.08000e-04	8.60113e-01	3.50000e+00
2.64000e-04	8.24689e-01	3.50000e+00
6.50000e-05	6.84481e-01	1.50000e+00
1.56000e-04	6.02888e-01	1.50000e+00
2.47000e-04	5.62860e-01	1.50000e+00
3.38000e-04	5.36635e-01	1.50000e+00
4.29000e-04	5.17291e-01	1.50000e+00
4.00000e-05	1.13936e+00	3.50000e+00
9.60000e-05	9.83447e-01	3.50000e+00
1.52000e-04	9.08568e-01	3.50000e+00
2.08000e-04	8.60113e-01	3.50000e+00
2.64000e-04	8.24689e-01	3.50000e+00
1.00000e-04	6.43454e-01	1.50000e+00
2.40000e-04	5.65308e-01	1.50000e+00
3.80000e-04	5.27068e-01	1.50000e+00
5.20000e-04	5.02051e-01	1.50000e+00
6.60000e-04	4.83619e-01	1.50000e+00
6.50000e-05	1.05071e+00	3.50000e+00
1.56000e-04	9.04474e-01	3.50000e+00
2.47000e-04	8.34458e-01	3.50000e+00
3.38000e-04	7.89230e-01	3.50000e+00
4.29000e-04	7.56205e-01	3.50000e+00
1.60000e-04	6.00633e-01	1.50000e+00
3.84000e-04	5.26219e-01	1.50000e+00
6.08000e-04	4.89907e-01	1.50000e+00
8.32000e-04	4.66191e-01	1.50000e+00
1.05600e-03	4.48738e-01	1.50000e+00
1.00000e-04	9.76605e-01	3.50000e+00
2.40000e-04	8.38706e-01	3.50000e+00
3.80000e-04	7.72861e-01	3.50000e+00
5.20000e-04	7.30392e-01	3.50000e+00
6.60000e-04	6.99415e-01	3.50000e+00
2.50000e-04	5.61834e-01	1.50000e+00
6.00000e-04	4.90928e-01	1.50000e+00
9.50000e-04	4.56421e-01	1.50000e+00
1.30000e-03	4.33921e-01	1.50000e+00
1.65000e-03	4.17380e-01	1.50000e+00
1.60000e-04	9.00498e-01	3.50000e+00
3.84000e-04	7.71412e-01	3.50000e+00
6.08000e-04	7.09953e-01	3.50000e+00
8.32000e-04	6.70376e-01	3.50000e+00
1.05600e-03	6.41542e-01	3.50000e+00
4.00000e-04	5.22917e-01	1.50000e+00
9.60000e-04	4.55657e-01	1.50000e+00
1.52000e-03	4.23019e-01	1.50000e+00
2.08000e-03	4.01773e-01	1.50000e+00
2.64000e-03	3.86174e-01	1.50000e+00
2.50000e-04	8.32679e-01	3.50000e+00
6.00000e-04	7.11666e-01	3.50000e+00
9.50000e-04	6.54205e-01	3.50000e+00
1.30000e-03	6.17259e-01	3.50000e+00
1.65000e-03	5.90369e-01	3.50000e+00
5.00000e-04	5.05132e-01	1.50000e+00
1.20000e-03	4.39582e-01	1.50000e+00
1.90000e-03	4.07819e-01	1.50000e+00
2.60000e-03	3.87159e-01	1.50000e+00
3.30000e-03	3.71998e-01	1.50000e+00
4.00000e-04	7.65781e-01	3.50000e+00
9.60000e-04	6.52942e-01	3.50000e+00
1.52000e-03	5.99511e-01	3.50000e+00
2.08000e-03	5.65208e-01	3.50000e+00
2.64000e-03	5.40269e-01	3.50000e+00
1.60000e-03	4.19488e-01	1.50000e+00
3.84000e-03	3.62602e-01	1.50000e+00
6.08000e-03	3.35236e-01	1.50000e+00
8.32000e-03	3.17510e-01	1.50000e+00
1.05600e-02	3.04542e-01	1.50000e+00
6.50000e-04	7.01366e-01	3.50000e+00
1.56000e-03	5.96604e-01	3.50000e+00
2.47000e-03	5.47135e-01	3.50000e+00
3.38000e-03	5.15425e-01	3.50000e+00
4.29000e-03	4.92396e-01	3.50000e+00
6.50000e-04	4.84784e-01	1.50000e+00
1.56000e-03	4.21228e-01	1.50000e+00
2.47000e-03	3.90481e-01	1.50000e+00
3.38000e-03	3.70501e-01	1.50000e+00
4.29000e-03	3.55849e-01	1.50000e+00
1.00000e-03	6.48039e-01	3.50000e+00
2.40000e-03	5.50124e-01	3.50000e+00
3.80000e-03	5.03998e-01	3.50000e+00
5.20000e-03	4.74470e-01	3.50000e+00
6.60000e-03	4.53044e-01	3.50000e+00
1.23500e-05	1.01519e+00	2.00000e+00
2.96400e-05	8.95865e-01	2.00000e+00
4.69300e-05	8.37229e-01	2.00000e+00
6.42200e-05	7.98774e-01	2.00000e+00
8.15100e-05	7.70389e-01	2.00000e+00
4.00000e-03	4.99062e-01	3.50000e+00
9.60000e-03	4.21083e-01	3.50000e+00
1.52000e-02	3.84611e-01	3.50000e+00
2.08000e-02	3.61354e-01	3.50000e+00
2.64000e-02	3.44526e-01	3.50000e+00
1.46500e-05	9.91125e-01	2.00000e+00
3.51600e-05	8.73753e-01	2.00000e+00
5.56700e-05	8.16133e-01	2.00000e+00
7.61800e-05	7.78367e-01	2.00000e+00
9.66900e-05	7.50503e-01	2.00000e+00
2.61000e-05	1.37936e+00	4.50000e+00
6.26400e-05	1.18553e+00	4.50000e+00
9.91800e-05	1.09285e+00	4.50000e+00
1.35720e-04	1.03302e+00	4.50000e+00
1.72260e-04	9.89367e-01	4.50000e+00
1.63500e-05	9.75857e-01	2.00000e+00
3.92400e-05	8.59738e-01	2.00000e+00
6.21300e-05	8.02770e-01	2.00000e+00
8.50200e-05	7.65445e-01	2.00000e+00
1.07910e-04	7.37915e-01	2.00000e+00
2.96000e-05	1.35007e+00	4.50000e+00
7.10400e-05	1.15955e+00	4.50000e+00
1.12480e-04	1.06852e+00	4.50000e+00
1.53920e-04	1.00979e+00	4.50000e+00
1.95360e-04	9.66945e-01	4.50000e+00
2.50000e-05	9.18286e-01	2.00000e+00
6.00000e-05	8.06999e-01	2.00000e+00
9.50000e-05	7.52539e-01	2.00000e+00
1.30000e-04	7.16909e-01	2.00000e+00
1.65000e-04	6.90657e-01	2.00000e+00
3.09000e-05	1.34018e+00	4.50000e+00
7.41600e-05	1.15077e+00	4.50000e+00
1.17420e-04	1.06031e+00	4.50000e+00
1.60680e-04	1.00195e+00	4.50000e+00
2.03940e-04	9.59383e-01	4.50000e+00
2.50000e-05	9.18286e-01	2.00000e+00
6.00000e-05	8.06999e-01	2.00000e+00
9.50000e-05	7.52539e-01	2.00000e+00
1.30000e-04	7.16909e-01	2.00000e+00
1.65000e-04	6.90657e-01	2.00000e+00
3.41500e-05	1.31738e+00	4.50000e+00
8.19600e-05	1.13057e+00	4.50000e+00
1.29770e-04	1.04141e+00	4.50000e+00
1.77580e-04	9.83909e-01	4.50000e+00
2.25390e-04	9.41979e-01	4.50000e+00
4.00000e-05	8.57306e-01	2.00000e+00
9.60000e-05	7.51329e-01	2.00000e+00
1.52000e-04	6.99613e-01	2.00000e+00
2.08000e-04	6.65835e-01	2.00000e+00
2.64000e-04	6.40976e-01	2.00000e+00
3.66000e-05	1.30176e+00	4.50000e+00
8.78400e-05	1.11675e+00	4.50000e+00
1.39080e-04	1.02847e+00	4.50000e+00
1.90320e-04	9.71567e-01	4.50000e+00
2.41560e-04	9.30075e-01	4.50000e+00
6.50000e-05	7.97319e-01	2.00000e+00
1.56000e-04	6.96769e-01	2.00000e+00
2.47000e-04	6.47846e-01	2.00000e+00
3.38000e-04	6.15946e-01	2.00000e+00
4.29000e-04	5.92499e-01	2.00000e+00
4.09000e-05	1.27702e+00	4.50000e+00
9.81600e-05	1.09487e+00	4.50000e+00
1.55420e-04	1.00802e+00	4.50000e+00
2.12680e-04	9.52048e-01	4.50000e+00
2.69940e-04	9.11252e-01	4.50000e+00
1.00000e-04	7.46627e-01	2.00000e+00
2.40000e-04	6.50830e-01	2.00000e+00
3.80000e-04	6.04341e-01	2.00000e+00
5.20000e-04	5.74076e-01	2.00000e+00
6.60000e-04	5.51854e-01	2.00000e+00
4.09000e-05	1.27702e+00	4.50000e+00
9.81600e-05	1.09487e+00	4.50000e+00
1.55420e-04	1.00802e+00	4.50000e+00
2.12680e-04	9.52048e-01	4.50000e+00
2.69940e-04	9.11252e-01	4.50000e+00
1.60000e-04	6.94005e-01	2.00000e+00
3.84000e-04	6.03312e-01	2.00000e+00
6.08000e-04	5.59428e-01	2.00000e+00
8.32000e-04	5.30906e-01	2.00000e+00
1.05600e-03	5.09989e-01	2.00000e+00
6.50000e-05	1.17785e+00	4.50000e+00
1.56000e-04	1.00733e+00	4.50000e+00
2.47000e-04	9.26276e-01	4.50000e+00
3.38000e-04	8.74126e-01	4.50000e+00
4.29000e-04	8.36156e-01	4.50000e+00
2.50000e-04	6.46596e-01	2.00000e+00
6.00000e-04	5.60658e-01	2.00000e+00
9.50000e-04	5.19189e-01	2.00000e+00
1.30000e-03	4.92280e-01	2.00000e+00
1.65000e-03	4.72568e-01	2.00000e+00
6.50000e-05	1.17785e+00	4.50000e+00
1.56000e-04	1.00733e+00	4.50000e+00
2.47000e-04	9.26276e-01	4.50000e+00
3.38000e-04	8.74126e-01	4.50000e+00
4.29000e-04	8.36156e-01	4.50000e+00
5.00000e-04	5.77796e-01	2.00000e+00
1.20000e-03	4.99041e-01	2.00000e+00
1.90000e-03	4.61200e-01	2.00000e+00
2.60000e-03	4.36705e-01	2.00000e+00
3.30000e-03	4.18793e-01	2.00000e+00
1.00000e-04	1.09124e+00	4.50000e+00
2.40000e-04	9.31183e-01	4.50000e+00
3.80000e-04	8.55295e-01	4.50000e+00
5.20000e-04	8.06544e-01	4.50000e+00
6.60000e-04	7.71085e-01	4.50000e+00
1.60000e-03	4.75076e-01	2.00000e+00
3.84000e-03	4.07718e-01	2.00000e+00
6.08000e-03	3.75583e-01	2.00000e+00
8.32000e-03	3.54865e-01	2.00000e+00
1.05600e-02	3.39757e-01	2.00000e+00
1.60000e-04	1.00272e+00	4.50000e+00
3.84000e-04	8.53628e-01	4.50000e+00
6.08000e-04	7.83138e-01	4.50000e+00
8.32000e-04	7.37925e-01	4.50000e+00
1.05600e-03	7.05075e-01	4.50000e+00
6.50000e-04	5.53257e-01	2.00000e+00
1.56000e-03	4.77148e-01	2.00000e+00
2.47000e-03	4.40638e-01	2.00000e+00
3.38000e-03	4.17027e-01	2.00000e+00
4.29000e-03	3.99771e-01	2.00000e+00
2.50000e-04	9.24221e-01	4.50000e+00
6.00000e-04	7.85098e-01	4.50000e+00
9.50000e-04	7.19491e-01	4.50000e+00
1.30000e-03	6.77470e-01	4.50000e+00
1.65000e-03	6.46970e-01	4.50000e+00
1.54500e-05	1.16023e+00	2.70000e+00
3.70800e-05	1.01416e+00	2.70000e+00
5.87100e-05	9.43057e-01	2.70000e+00
8.03400e-05	8.96687e-01	2.70000e+00
1.01970e-04	8.62599e-01	2.70000e+00
4.00000e-04	8.47156e-01	4.50000e+00
9.60000e-04	7.18053e-01	4.50000e+00
1.52000e-03	6.57331e-01	4.50000e+00
2.08000e-03	6.18495e-01	4.50000e+00
2.64000e-03	5.90335e-01	4.50000e+00
1.83000e-05	1.13089e+00	2.70000e+00
4.39200e-05	9.87524e-01	2.70000e+00
6.95400e-05	9.17814e-01	2.70000e+00
9.51600e-05	8.72379e-01	2.70000e+00
1.20780e-04	8.38994e-01	2.70000e+00
6.50000e-04	7.73315e-01	4.50000e+00
1.56000e-03	6.54036e-01	4.50000e+00
2.47000e-03	5.98081e-01	4.50000e+00
3.38000e-03	5.62345e-01	4.50000e+00
4.29000e-03	5.36458e-01	4.50000e+00
2.04500e-05	1.11192e+00	2.70000e+00
4.90800e-05	9.70328e-01	2.70000e+00
7.77100e-05	9.01525e-01	2.70000e+00
1.06340e-04	8.56701e-01	2.70000e+00
1.34970e-04	8.23774e-01	2.70000e+00
1.00000e-03	7.12469e-01	4.50000e+00
2.40000e-03	6.01454e-01	4.50000e+00
3.80000e-03	5.49493e-01	4.50000e+00
5.20000e-03	5.16347e-01	4.50000e+00
6.60000e-03	4.92357e-01	4.50000e+00
2.04500e-05	1.11192e+00	2.70000e+00
4.90800e-05	9.70328e-01	2.70000e+00
7.77100e-05	9.01525e-01	2.70000e+00
1.06340e-04	8.56701e-01	2.70000e+00
1.34970e-04	8.23774e-01	2.70000e+00
1.60000e-03	6.50838e-01	4.50000e+00
3.84000e-03	5.48356e-01	4.50000e+00
6.08000e-03	5.00500e-01	4.50000e+00
8.32000e-03	4.70012e-01	4.50000e+00
1.05600e-02	4.47965e-01	4.50000e+00
2.50000e-05	1.07820e+00	2.70000e+00
6.00000e-05	9.39788e-01	2.70000e+00
9.50000e-05	8.72618e-01	2.70000e+00
1.30000e-04	8.28890e-01	2.70000e+00
1.65000e-04	7.96784e-01	2.70000e+00
2.50000e-05	1.07820e+00	2.70000e+00
6.00000e-05	9.39788e-01	2.70000e+00
9.50000e-05	8.72618e-01	2.70000e+00
1.30000e-04	8.28890e-01	2.70000e+00
1.65000e-04	7.96784e-01	2.70000e+00
