3.10500e-07	8.47970e-02	4.50000e-02
7.45200e-07	8.13609e-02	4.50000e-02
1.17990e-06	7.95642e-02	4.50000e-02
1.61460e-06	7.83351e-02	4.50000e-02
2.04930e-06	7.74036e-02	4.50000e-02
3.31000e-05	3.07170e-01	3.50000e-01
7.94400e-05	2.82825e-01	3.50000e-01
1.25780e-04	2.70377e-01	3.50000e-01
1.72120e-04	2.61970e-01	3.50000e-01
2.18460e-04	2.55590e-01	3.50000e-01
4.48500e-07	1.13686e-01	6.50000e-02
1.07640e-06	1.08683e-01	6.50000e-02
1.70430e-06	1.06055e-01	6.50000e-02
2.33220e-06	1.04271e-01	6.50000e-02
2.96010e-06	1.02930e-01	6.50000e-02
6.50000e-05	2.88333e-01	3.50000e-01
1.56000e-04	2.64602e-01	3.50000e-01
2.47000e-04	2.52298e-01	3.50000e-01
3.38000e-04	2.43858e-01	3.50000e-01
4.29000e-04	2.37404e-01	3.50000e-01
5.10000e-07	1.12950e-01	6.50000e-02
1.22400e-06	1.07947e-01	6.50000e-02
1.93800e-06	1.05322e-01	6.50000e-02
2.65200e-06	1.03547e-01	6.50000e-02
3.36600e-06	1.02213e-01	6.50000e-02
1.10000e-04	2.73988e-01	3.50000e-01
2.64000e-04	2.50512e-01	3.50000e-01
4.18000e-04	2.38109e-01	3.50000e-01
5.72000e-04	2.29582e-01	3.50000e-01
7.26000e-04	2.23090e-01	3.50000e-01
5.85000e-07	1.40049e-01	8.50000e-02
1.40400e-06	1.33449e-01	8.50000e-02
2.22300e-06	1.30000e-01	8.50000e-02
3.04200e-06	1.27677e-01	8.50000e-02
3.86100e-06	1.25937e-01	8.50000e-02
2.50000e-04	2.51975e-01	3.50000e-01
6.00000e-04	2.28281e-01	3.50000e-01
9.50000e-04	2.15782e-01	3.50000e-01
1.30000e-03	2.07299e-01	3.50000e-01
1.65000e-03	2.00880e-01	3.50000e-01
6.70000e-07	1.39027e-01	8.50000e-02
1.60800e-06	1.32428e-01	8.50000e-02
2.54600e-06	1.28991e-01	8.50000e-02
3.48400e-06	1.26684e-01	8.50000e-02
4.42200e-06	1.24957e-01	8.50000e-02
1.25500e-03	2.08249e-01	3.50000e-01
3.01200e-03	1.84636e-01	3.50000e-01
4.76900e-03	1.71944e-01	3.50000e-01
6.52600e-03	1.63050e-01	3.50000e-01
8.28300e-03	1.56171e-01	3.50000e-01
7.80000e-07	1.37882e-01	8.50000e-02
1.87200e-06	1.31286e-01	8.50000e-02
2.96400e-06	1.27868e-01	8.50000e-02
4.05600e-06	1.25580e-01	8.50000e-02
5.14800e-06	1.23867e-01	8.50000e-02
4.41500e-06	4.00756e-01	4.00000e-01
1.05960e-05	3.72048e-01	4.00000e-01
1.67770e-05	3.57328e-01	4.00000e-01
2.29580e-05	3.47298e-01	4.00000e-01
2.91390e-05	3.39680e-01	4.00000e-01
7.55000e-07	1.70334e-01	1.10000e-01
1.81200e-06	1.61733e-01	1.10000e-01
2.86900e-06	1.57281e-01	1.10000e-01
3.92600e-06	1.54301e-01	1.10000e-01
4.98300e-06	1.52072e-01	1.10000e-01
5.50000e-06	3.93405e-01	4.00000e-01
1.32000e-05	3.65001e-01	4.00000e-01
2.09000e-05	3.50301e-01	4.00000e-01
2.86000e-05	3.40277e-01	4.00000e-01
3.63000e-05	3.32677e-01	4.00000e-01
8.65000e-07	1.68997e-01	1.10000e-01
2.07600e-06	1.60407e-01	1.10000e-01
3.28700e-06	1.55982e-01	1.10000e-01
4.49800e-06	1.53025e-01	1.10000e-01
5.70900e-06	1.50813e-01	1.10000e-01
6.65000e-06	3.87146e-01	4.00000e-01
1.59600e-05	3.58925e-01	4.00000e-01
2.52700e-05	3.44231e-01	4.00000e-01
3.45800e-05	3.34222e-01	4.00000e-01
4.38900e-05	3.26653e-01	4.00000e-01
1.01000e-06	1.67473e-01	1.10000e-01
2.42400e-06	1.58903e-01	1.10000e-01
3.83800e-06	1.54514e-01	1.10000e-01
5.25200e-06	1.51584e-01	1.10000e-01
6.66600e-06	1.49389e-01	1.10000e-01
8.50000e-06	3.79155e-01	4.00000e-01
2.04000e-05	3.51075e-01	4.00000e-01
3.23000e-05	3.36395e-01	4.00000e-01
4.42000e-05	3.26430e-01	4.00000e-01
5.61000e-05	3.18921e-01	4.00000e-01
1.21500e-06	1.65655e-01	1.10000e-01
2.91600e-06	1.57125e-01	1.10000e-01
4.61700e-06	1.52782e-01	1.10000e-01
6.31800e-06	1.49880e-01	1.10000e-01
8.01900e-06	1.47701e-01	1.10000e-01
1.10000e-05	3.70846e-01	4.00000e-01
2.64000e-05	3.42833e-01	4.00000e-01
4.18000e-05	3.28198e-01	4.00000e-01
5.72000e-05	3.18312e-01	4.00000e-01
7.26000e-05	3.10886e-01	4.00000e-01
1.03500e-06	2.14023e-01	1.50000e-01
2.48400e-06	2.02265e-01	1.50000e-01
3.93300e-06	1.96262e-01	1.50000e-01
5.38200e-06	1.92261e-01	1.50000e-01
6.83100e-06	1.89265e-01	1.50000e-01
1.84000e-05	3.54375e-01	4.00000e-01
4.41600e-05	3.26459e-01	4.00000e-01
6.99200e-05	3.12052e-01	4.00000e-01
9.56800e-05	3.02390e-01	4.00000e-01
1.21440e-04	2.95135e-01	4.00000e-01
1.18000e-06	2.12251e-01	1.50000e-01
2.83200e-06	2.00535e-01	1.50000e-01
4.48400e-06	1.94581e-01	1.50000e-01
6.13600e-06	1.90609e-01	1.50000e-01
7.78800e-06	1.87630e-01	1.50000e-01
4.41500e-05	3.26466e-01	4.00000e-01
1.05960e-04	2.99276e-01	4.00000e-01
1.67770e-04	2.85381e-01	4.00000e-01
2.29580e-04	2.75948e-01	4.00000e-01
2.91390e-04	2.68764e-01	4.00000e-01
1.38000e-06	2.10136e-01	1.50000e-01
3.31200e-06	1.98487e-01	1.50000e-01
5.24400e-06	1.92590e-01	1.50000e-01
7.17600e-06	1.88650e-01	1.50000e-01
9.10800e-06	1.85686e-01	1.50000e-01
8.80000e-05	3.04954e-01	4.00000e-01
2.11200e-04	2.78458e-01	4.00000e-01
3.34400e-04	2.64603e-01	4.00000e-01
4.57600e-04	2.55086e-01	4.00000e-01
5.80800e-04	2.47829e-01	4.00000e-01
1.65500e-06	2.07687e-01	1.50000e-01
3.97200e-06	1.96135e-01	1.50000e-01
6.28900e-06	1.90300e-01	1.50000e-01
8.60600e-06	1.86389e-01	1.50000e-01
1.09230e-05	1.83436e-01	1.50000e-01
1.47000e-04	2.89362e-01	4.00000e-01
3.52800e-04	2.62982e-01	4.00000e-01
5.58600e-04	2.49016e-01	4.00000e-01
7.64400e-04	2.39469e-01	4.00000e-01
9.70200e-04	2.32240e-01	4.00000e-01
2.07000e-06	2.04689e-01	1.50000e-01
4.96800e-06	1.93275e-01	1.50000e-01
7.86600e-06	1.87506e-01	1.50000e-01
1.07640e-05	1.83617e-01	1.50000e-01
1.36620e-05	1.80668e-01	1.50000e-01
3.15500e-04	2.66363e-01	4.00000e-01
7.57200e-04	2.39757e-01	4.00000e-01
1.19890e-03	2.25856e-01	4.00000e-01
1.64060e-03	2.16455e-01	4.00000e-01
2.08230e-03	2.09334e-01	4.00000e-01
2.51000e-06	2.02127e-01	1.50000e-01
6.02400e-06	1.90841e-01	1.50000e-01
9.53800e-06	1.85114e-01	1.50000e-01
1.30520e-05	1.81233e-01	1.50000e-01
1.65660e-05	1.78282e-01	1.50000e-01
3.66000e-06	4.76061e-01	5.00000e-01
8.78400e-06	4.40135e-01	5.00000e-01
1.39080e-05	4.21939e-01	5.00000e-01
1.90320e-05	4.09603e-01	5.00000e-01
2.41560e-05	4.00245e-01	5.00000e-01
1.57500e-06	2.60318e-01	2.00000e-01
3.78000e-06	2.44830e-01	2.00000e-01
5.98500e-06	2.37027e-01	2.00000e-01
8.19000e-06	2.31810e-01	2.00000e-01
1.03950e-05	2.27878e-01	2.00000e-01
4.30000e-06	4.69267e-01	5.00000e-01
1.03200e-05	4.33726e-01	5.00000e-01
1.63400e-05	4.15597e-01	5.00000e-01
2.23600e-05	4.03276e-01	5.00000e-01
2.83800e-05	3.93931e-01	5.00000e-01
1.84000e-06	2.57519e-01	2.00000e-01
4.41600e-06	2.42164e-01	2.00000e-01
6.99200e-06	2.34432e-01	2.00000e-01
9.56800e-06	2.29243e-01	2.00000e-01
1.21440e-05	2.25320e-01	2.00000e-01
7.90000e-06	4.44378e-01	5.00000e-01
1.89600e-05	4.09752e-01	5.00000e-01
3.00200e-05	3.91733e-01	5.00000e-01
4.10800e-05	3.79510e-01	5.00000e-01
5.21400e-05	3.70301e-01	5.00000e-01
2.20500e-06	2.54283e-01	2.00000e-01
5.29200e-06	2.39095e-01	2.00000e-01
8.37900e-06	2.31432e-01	2.00000e-01
1.14660e-05	2.26265e-01	2.00000e-01
1.45530e-05	2.22345e-01	2.00000e-01
1.06000e-05	4.32665e-01	5.00000e-01
2.54400e-05	3.98215e-01	5.00000e-01
4.02800e-05	3.80273e-01	5.00000e-01
5.51200e-05	3.68168e-01	5.00000e-01
6.99600e-05	3.59084e-01	5.00000e-01
2.76000e-06	2.50308e-01	2.00000e-01
6.62400e-06	2.35332e-01	2.00000e-01
1.04880e-05	2.27731e-01	2.00000e-01
1.43520e-05	2.22573e-01	2.00000e-01
1.82160e-05	2.18649e-01	2.00000e-01
1.38000e-05	4.22246e-01	5.00000e-01
3.31200e-05	3.87893e-01	5.00000e-01
5.24400e-05	3.70081e-01	5.00000e-01
7.17600e-05	3.58123e-01	5.00000e-01
9.10800e-05	3.49166e-01	5.00000e-01
3.34500e-06	2.46946e-01	2.00000e-01
8.02800e-06	2.32140e-01	2.00000e-01
1.27110e-05	2.24570e-01	2.00000e-01
1.73940e-05	2.19410e-01	2.00000e-01
2.20770e-05	2.15478e-01	2.00000e-01
1.99000e-05	4.07851e-01	5.00000e-01
4.77600e-05	3.73680e-01	5.00000e-01
7.56200e-05	3.56144e-01	5.00000e-01
1.03480e-04	3.44417e-01	5.00000e-01
1.31340e-04	3.35621e-01	5.00000e-01
4.24500e-06	2.42839e-01	2.00000e-01
1.01880e-05	2.28209e-01	2.00000e-01
1.61310e-05	2.20651e-01	2.00000e-01
2.20740e-05	2.15480e-01	2.00000e-01
2.80170e-05	2.11542e-01	2.00000e-01
5.00000e-05	3.71913e-01	5.00000e-01
1.20000e-04	3.38942e-01	5.00000e-01
1.90000e-04	3.22134e-01	5.00000e-01
2.60000e-04	3.10727e-01	5.00000e-01
3.30000e-04	3.02046e-01	5.00000e-01
5.50000e-06	2.38446e-01	2.00000e-01
1.32000e-05	2.23949e-01	2.00000e-01
2.09000e-05	2.16382e-01	2.00000e-01
2.86000e-05	2.11201e-01	2.00000e-01
3.63000e-05	2.07261e-01	2.00000e-01
1.25500e-04	3.37292e-01	5.00000e-01
3.01200e-04	3.05373e-01	5.00000e-01
4.76900e-04	2.88601e-01	5.00000e-01
6.52600e-04	2.77138e-01	5.00000e-01
8.28300e-04	2.68458e-01	5.00000e-01
1.99000e-05	2.17191e-01	2.00000e-01
4.77600e-05	2.02738e-01	2.00000e-01
7.56200e-05	1.95223e-01	2.00000e-01
1.03480e-04	1.90146e-01	2.00000e-01
1.31340e-04	1.86307e-01	2.00000e-01
1.84000e-04	3.23303e-01	5.00000e-01
4.41600e-04	2.91412e-01	5.00000e-01
6.99200e-04	2.74623e-01	5.00000e-01
9.56800e-04	2.63234e-01	5.00000e-01
1.21440e-03	2.54653e-01	5.00000e-01
1.25500e-04	1.87039e-01	2.00000e-01
3.01200e-04	1.72902e-01	2.00000e-01
4.76900e-04	1.65340e-01	2.00000e-01
6.52600e-04	1.60115e-01	2.00000e-01
8.28300e-04	1.56120e-01	2.00000e-01
4.00000e-04	2.95027e-01	5.00000e-01
9.60000e-04	2.63113e-01	5.00000e-01
1.52000e-03	2.46642e-01	5.00000e-01
2.08000e-03	2.35527e-01	5.00000e-01
2.64000e-03	2.27092e-01	5.00000e-01
1.97000e-06	3.03410e-01	2.50000e-01
4.72800e-06	2.84295e-01	2.50000e-01
7.48600e-06	2.74689e-01	2.50000e-01
1.02440e-05	2.68241e-01	2.50000e-01
1.30020e-05	2.63365e-01	2.50000e-01
1.60000e-03	2.44819e-01	5.00000e-01
3.84000e-03	2.13729e-01	5.00000e-01
6.08000e-03	1.96971e-01	5.00000e-01
8.32000e-03	1.85281e-01	5.00000e-01
1.05600e-02	1.76305e-01	5.00000e-01
2.30000e-06	2.99953e-01	2.50000e-01
5.52000e-06	2.81029e-01	2.50000e-01
8.74000e-06	2.71499e-01	2.50000e-01
1.19600e-05	2.65072e-01	2.50000e-01
1.51800e-05	2.60198e-01	2.50000e-01
4.76000e-06	5.55591e-01	6.50000e-01
1.14240e-05	5.10494e-01	6.50000e-01
1.80880e-05	4.87510e-01	6.50000e-01
2.47520e-05	4.71926e-01	6.50000e-01
3.14160e-05	4.60137e-01	6.50000e-01
2.76000e-06	2.95919e-01	2.50000e-01
6.62400e-06	2.77223e-01	2.50000e-01
1.04880e-05	2.67759e-01	2.50000e-01
1.43520e-05	2.61345e-01	2.50000e-01
1.82160e-05	2.56468e-01	2.50000e-01
5.60000e-06	5.47011e-01	6.50000e-01
1.34400e-05	5.02338e-01	6.50000e-01
2.12800e-05	4.79426e-01	6.50000e-01
2.91200e-05	4.63883e-01	6.50000e-01
3.69600e-05	4.52141e-01	6.50000e-01
3.45000e-06	2.91047e-01	2.50000e-01
8.28000e-06	2.72611e-01	2.50000e-01
1.31100e-05	2.63195e-01	2.50000e-01
1.79400e-05	2.56781e-01	2.50000e-01
2.27700e-05	2.51897e-01	2.50000e-01
7.90000e-06	5.29195e-01	6.50000e-01
1.89600e-05	4.85166e-01	6.50000e-01
3.00200e-05	4.62380e-01	6.50000e-01
4.10800e-05	4.46965e-01	6.50000e-01
5.21400e-05	4.35372e-01	6.50000e-01
4.18000e-06	2.86916e-01	2.50000e-01
1.00320e-05	2.68670e-01	2.50000e-01
1.58840e-05	2.59271e-01	2.50000e-01
2.17360e-05	2.52850e-01	2.50000e-01
2.75880e-05	2.47960e-01	2.50000e-01
8.20000e-06	5.27289e-01	6.50000e-01
1.96800e-05	4.83312e-01	6.50000e-01
3.11600e-05	4.60541e-01	6.50000e-01
4.26400e-05	4.45145e-01	6.50000e-01
5.41200e-05	4.33572e-01	6.50000e-01
5.30000e-06	2.81883e-01	2.50000e-01
1.27200e-05	2.63813e-01	2.50000e-01
2.01400e-05	2.54412e-01	2.50000e-01
2.75600e-05	2.47981e-01	2.50000e-01
3.49800e-05	2.43094e-01	2.50000e-01
1.99000e-05	4.82759e-01	6.50000e-01
4.77600e-05	4.39624e-01	6.50000e-01
7.56200e-05	4.17586e-01	6.50000e-01
1.03480e-04	4.02889e-01	6.50000e-01
1.31340e-04	3.91895e-01	6.50000e-01
6.90000e-06	2.76376e-01	2.50000e-01
1.65600e-05	2.58419e-01	2.50000e-01
2.62200e-05	2.49004e-01	2.50000e-01
3.58800e-05	2.42573e-01	2.50000e-01
4.55400e-05	2.37702e-01	2.50000e-01
2.99000e-05	4.62578e-01	6.50000e-01
7.17600e-05	4.20068e-01	6.50000e-01
1.13620e-04	3.98562e-01	6.50000e-01
1.55480e-04	3.84189e-01	6.50000e-01
1.97340e-04	3.73375e-01	6.50000e-01
1.15000e-05	2.65874e-01	2.50000e-01
2.76000e-05	2.47952e-01	2.50000e-01
4.37000e-05	2.38543e-01	2.50000e-01
5.98000e-05	2.32169e-01	2.50000e-01
7.59000e-05	2.27366e-01	2.50000e-01
5.00000e-05	4.37401e-01	6.50000e-01
1.20000e-04	3.96043e-01	6.50000e-01
1.90000e-04	3.75090e-01	6.50000e-01
2.60000e-04	3.60932e-01	6.50000e-01
3.30000e-04	3.50192e-01	6.50000e-01
1.99000e-05	2.54658e-01	2.50000e-01
4.77600e-05	2.36732e-01	2.50000e-01
7.56200e-05	2.27440e-01	2.50000e-01
1.03480e-04	2.21178e-01	2.50000e-01
1.31340e-04	2.16451e-01	2.50000e-01
1.25500e-04	3.93982e-01	6.50000e-01
3.01200e-04	3.54305e-01	6.50000e-01
4.76900e-04	3.33610e-01	6.50000e-01
6.52600e-04	3.19521e-01	6.50000e-01
8.28300e-04	3.08880e-01	6.50000e-01
5.50000e-05	2.33864e-01	2.50000e-01
1.32000e-04	2.16352e-01	2.50000e-01
2.09000e-04	2.07262e-01	2.50000e-01
2.86000e-04	2.01024e-01	2.50000e-01
3.63000e-04	1.96245e-01	2.50000e-01
2.39000e-04	3.64728e-01	6.50000e-01
5.73600e-04	3.25308e-01	6.50000e-01
9.08200e-04	3.04794e-01	6.50000e-01
1.24280e-03	2.91003e-01	6.50000e-01
1.57740e-03	2.80659e-01	6.50000e-01
1.25500e-04	2.17351e-01	2.50000e-01
3.01200e-04	1.99989e-01	2.50000e-01
4.76900e-04	1.90733e-01	2.50000e-01
6.52600e-04	1.84354e-01	2.50000e-01
8.28300e-04	1.79489e-01	2.50000e-01
4.00000e-04	3.41527e-01	6.50000e-01
9.60000e-04	3.02340e-01	6.50000e-01
1.52000e-03	2.82260e-01	6.50000e-01
2.08000e-03	2.68782e-01	6.50000e-01
2.64000e-03	2.58598e-01	6.50000e-01
1.97000e-04	2.08434e-01	2.50000e-01
4.72800e-04	1.90908e-01	2.50000e-01
7.48600e-04	1.81554e-01	2.50000e-01
1.02440e-03	1.75151e-01	2.50000e-01
1.30020e-03	1.70285e-01	2.50000e-01
1.60000e-03	2.80045e-01	6.50000e-01
3.84000e-03	2.42536e-01	6.50000e-01
6.08000e-03	2.22492e-01	6.50000e-01
8.32000e-03	2.08556e-01	6.50000e-01
1.05600e-02	1.97878e-01	6.50000e-01
7.90000e-04	1.80455e-01	2.50000e-01
1.89600e-03	1.62584e-01	2.50000e-01
3.00200e-03	1.53115e-01	2.50000e-01
4.10800e-03	1.46522e-01	2.50000e-01
5.21400e-03	1.41409e-01	2.50000e-01
6.20000e-06	6.45337e-01	8.50000e-01
1.48800e-05	5.88729e-01	8.50000e-01
2.35600e-05	5.59779e-01	8.50000e-01
3.22400e-05	5.40218e-01	8.50000e-01
4.09200e-05	5.25493e-01	8.50000e-01
2.56000e-06	3.81057e-01	3.50000e-01
6.14400e-06	3.54894e-01	3.50000e-01
9.72800e-06	3.41742e-01	3.50000e-01
1.33120e-05	3.32870e-01	3.50000e-01
1.68960e-05	3.26143e-01	3.50000e-01
6.90000e-06	6.38256e-01	8.50000e-01
1.65600e-05	5.81959e-01	8.50000e-01
2.62200e-05	5.53088e-01	8.50000e-01
3.58800e-05	5.33593e-01	8.50000e-01
4.55400e-05	5.18937e-01	8.50000e-01
2.56000e-06	3.81057e-01	3.50000e-01
6.14400e-06	3.54894e-01	3.50000e-01
9.72800e-06	3.41742e-01	3.50000e-01
1.33120e-05	3.32870e-01	3.50000e-01
1.68960e-05	3.26143e-01	3.50000e-01
1.00000e-05	6.14099e-01	8.50000e-01
2.40000e-05	5.58620e-01	8.50000e-01
3.80000e-05	5.30049e-01	8.50000e-01
5.20000e-05	5.10860e-01	8.50000e-01
6.60000e-05	4.96504e-01	8.50000e-01
3.05000e-06	3.75687e-01	3.50000e-01
7.32000e-06	3.49849e-01	3.50000e-01
1.15900e-05	3.36783e-01	3.50000e-01
1.58600e-05	3.27928e-01	3.50000e-01
2.01300e-05	3.21201e-01	3.50000e-01
1.00000e-05	6.14099e-01	8.50000e-01
2.40000e-05	5.58620e-01	8.50000e-01
3.80000e-05	5.30049e-01	8.50000e-01
5.20000e-05	5.10860e-01	8.50000e-01
6.60000e-05	4.96504e-01	8.50000e-01
3.31000e-06	3.73201e-01	3.50000e-01
7.94400e-06	3.47507e-01	3.50000e-01
1.25780e-05	3.34472e-01	3.50000e-01
1.72120e-05	3.25620e-01	3.50000e-01
2.18460e-05	3.18892e-01	3.50000e-01
1.99000e-05	5.70377e-01	8.50000e-01
4.77600e-05	5.16032e-01	8.50000e-01
7.56200e-05	4.88412e-01	8.50000e-01
1.03480e-04	4.70048e-01	8.50000e-01
1.31340e-04	4.56344e-01	8.50000e-01
4.14000e-06	3.66481e-01	3.50000e-01
9.93600e-06	3.41142e-01	3.50000e-01
1.57320e-05	3.28157e-01	3.50000e-01
2.15280e-05	3.19306e-01	3.50000e-01
2.73240e-05	3.12576e-01	3.50000e-01
2.50000e-05	5.56066e-01	8.50000e-01
6.00000e-05	5.02217e-01	8.50000e-01
9.50000e-05	4.75014e-01	8.50000e-01
1.30000e-04	4.56929e-01	8.50000e-01
1.65000e-04	4.43402e-01	8.50000e-01
5.00000e-06	3.60900e-01	3.50000e-01
1.20000e-05	3.35800e-01	3.50000e-01
1.90000e-05	3.22831e-01	3.50000e-01
2.60000e-05	3.13978e-01	3.50000e-01
3.30000e-05	3.07255e-01	3.50000e-01
5.00000e-05	5.13242e-01	8.50000e-01
1.20000e-04	4.61510e-01	8.50000e-01
1.90000e-04	4.35466e-01	8.50000e-01
2.60000e-04	4.17949e-01	8.50000e-01
3.30000e-04	4.04710e-01	8.50000e-01
6.35000e-06	3.53940e-01	3.50000e-01
1.52400e-05	3.29053e-01	3.50000e-01
2.41300e-05	3.16085e-01	3.50000e-01
3.30200e-05	3.07238e-01	3.50000e-01
4.19100e-05	3.00539e-01	3.50000e-01
1.25500e-04	4.58943e-01	8.50000e-01
3.01200e-04	4.09775e-01	8.50000e-01
4.76900e-04	3.84347e-01	8.50000e-01
6.52600e-04	3.67114e-01	8.50000e-01
8.28300e-04	3.54136e-01	8.50000e-01
8.25000e-06	3.46428e-01	3.50000e-01
1.98000e-05	3.21667e-01	3.50000e-01
3.13500e-05	3.08700e-01	3.50000e-01
4.29000e-05	2.99885e-01	3.50000e-01
5.44500e-05	2.93235e-01	3.50000e-01
4.00000e-04	3.94058e-01	8.50000e-01
9.60000e-04	3.46176e-01	8.50000e-01
1.52000e-03	3.21818e-01	8.50000e-01
2.08000e-03	3.05554e-01	8.50000e-01
2.64000e-03	2.93317e-01	8.50000e-01
1.60000e-05	3.27680e-01	3.50000e-01
3.84000e-05	3.02993e-01	3.50000e-01
6.08000e-05	2.90178e-01	3.50000e-01
8.32000e-05	2.81562e-01	3.50000e-01
1.05600e-04	2.75090e-01	3.50000e-01
1.60000e-03	3.19141e-01	8.50000e-01
3.84000e-03	2.74120e-01	8.50000e-01
6.08000e-03	2.50314e-01	8.50000e-01
8.32000e-03	2.33834e-01	8.50000e-01
1.05600e-02	2.21236e-01	8.50000e-01
8.80000e-06	7.70867e-01	1.20000e+00
2.11200e-05	6.95882e-01	1.20000e+00
3.34400e-05	6.57636e-01	1.20000e+00
4.57600e-05	6.32022e-01	1.20000e+00
5.80800e-05	6.12891e-01	1.20000e+00
4.00000e-05	9.90039e-01	2.70000e+00
9.60000e-05	8.64315e-01	2.70000e+00
1.52000e-04	8.02865e-01	2.70000e+00
2.08000e-04	7.62437e-01	2.70000e+00
2.64000e-04	7.32401e-01	2.70000e+00
1.00000e-05	7.59702e-01	1.20000e+00
2.40000e-05	6.85169e-01	1.20000e+00
3.80000e-05	6.47141e-01	1.20000e+00
5.20000e-05	6.21725e-01	1.20000e+00
6.60000e-05	6.02769e-01	1.20000e+00
4.00000e-05	9.90039e-01	2.70000e+00
9.60000e-05	8.64315e-01	2.70000e+00
1.52000e-04	8.02865e-01	2.70000e+00
2.08000e-04	7.62437e-01	2.70000e+00
2.64000e-04	7.32401e-01	2.70000e+00
1.00000e-05	7.59702e-01	1.20000e+00
2.40000e-05	6.85169e-01	1.20000e+00
3.80000e-05	6.47141e-01	1.20000e+00
5.20000e-05	6.21725e-01	1.20000e+00
6.60000e-05	6.02769e-01	1.20000e+00
6.50000e-05	9.18866e-01	2.70000e+00
1.56000e-04	7.99474e-01	2.70000e+00
2.47000e-04	7.40730e-01	2.70000e+00
3.38000e-04	7.01839e-01	2.70000e+00
4.29000e-04	6.72881e-01	2.70000e+00
1.60000e-05	7.19335e-01	1.20000e+00
3.84000e-05	6.46285e-01	1.20000e+00
6.08000e-05	6.09256e-01	1.20000e+00
8.32000e-05	5.84688e-01	1.20000e+00
1.05600e-04	5.66421e-01	1.20000e+00
1.00000e-04	8.58737e-01	2.70000e+00
2.40000e-04	7.44341e-01	2.70000e+00
3.80000e-04	6.87548e-01	2.70000e+00
5.20000e-04	6.49904e-01	2.70000e+00
6.60000e-04	6.21943e-01	2.70000e+00
1.60000e-05	7.19335e-01	1.20000e+00
3.84000e-05	6.46285e-01	1.20000e+00
6.08000e-05	6.09256e-01	1.20000e+00
8.32000e-05	5.84688e-01	1.20000e+00
1.05600e-04	5.66421e-01	1.20000e+00
1.60000e-04	7.96177e-01	2.70000e+00
3.84000e-04	6.86276e-01	2.70000e+00
6.08000e-04	6.31501e-01	2.70000e+00
8.32000e-04	5.95372e-01	2.70000e+00
1.05600e-03	5.68671e-01	2.70000e+00
3.15500e-05	6.62435e-01	1.20000e+00
7.57200e-05	5.92003e-01	1.20000e+00
1.19890e-04	5.56835e-01	1.20000e+00
1.64060e-04	5.33510e-01	1.20000e+00
2.08230e-04	5.16072e-01	1.20000e+00
2.50000e-04	7.39216e-01	2.70000e+00
6.00000e-04	6.33050e-01	2.70000e+00
9.50000e-04	5.80435e-01	2.70000e+00
1.30000e-03	5.45945e-01	2.70000e+00
1.65000e-03	5.20505e-01	2.70000e+00
4.00000e-05	6.42951e-01	1.20000e+00
9.60000e-05	5.73682e-01	1.20000e+00
1.52000e-04	5.39144e-01	1.20000e+00
2.08000e-04	5.16152e-01	1.20000e+00
2.64000e-04	4.98905e-01	1.20000e+00
4.00000e-04	6.81329e-01	2.70000e+00
9.60000e-04	5.79264e-01	2.70000e+00
1.52000e-03	5.29189e-01	2.70000e+00
2.08000e-03	4.96381e-01	2.70000e+00
2.64000e-03	4.72068e-01	2.70000e+00
6.50000e-05	6.03973e-01	1.20000e+00
1.56000e-04	5.37224e-01	1.20000e+00
2.47000e-04	5.03703e-01	1.20000e+00
3.38000e-04	4.81186e-01	1.20000e+00
4.29000e-04	4.64221e-01	1.20000e+00
6.50000e-04	6.23716e-01	2.70000e+00
1.56000e-03	5.26432e-01	2.70000e+00
2.47000e-03	4.78809e-01	2.70000e+00
3.38000e-03	4.47312e-01	2.70000e+00
4.29000e-03	4.23747e-01	2.70000e+00
7.90000e-05	5.88703e-01	1.20000e+00
1.89600e-04	5.22901e-01	1.20000e+00
3.00200e-04	4.89672e-01	1.20000e+00
4.10800e-04	4.67296e-01	1.20000e+00
5.21400e-04	4.50440e-01	1.20000e+00
1.00000e-03	5.74714e-01	2.70000e+00
2.40000e-03	4.81731e-01	2.70000e+00
3.80000e-03	4.35702e-01	2.70000e+00
5.20000e-03	4.04908e-01	2.70000e+00
6.60000e-03	3.81741e-01	2.70000e+00
1.99000e-04	5.19371e-01	1.20000e+00
4.77600e-04	4.56627e-01	1.20000e+00
7.56200e-04	4.24487e-01	1.20000e+00
1.03480e-03	4.03015e-01	1.20000e+00
1.31340e-03	3.87010e-01	1.20000e+00
2.50000e-03	4.77583e-01	2.70000e+00
6.00000e-03	3.90979e-01	2.70000e+00
9.50000e-03	3.46738e-01	2.70000e+00
1.30000e-02	3.17036e-01	2.70000e+00
1.65000e-02	2.94749e-01	2.70000e+00
6.50000e-04	4.34994e-01	1.20000e+00
1.56000e-03	3.75636e-01	1.20000e+00
2.47000e-03	3.45890e-01	1.20000e+00
3.38000e-03	3.25920e-01	1.20000e+00
4.29000e-03	3.10783e-01	1.20000e+00
2.50000e-03	3.45118e-01	1.20000e+00
6.00000e-03	2.89409e-01	1.20000e+00
9.50000e-03	2.59935e-01	1.20000e+00
1.30000e-02	2.39815e-01	1.20000e+00
1.65000e-02	2.24597e-01	1.20000e+00
2.03000e-05	1.25152e+00	3.50000e+00
4.87200e-05	1.09034e+00	3.50000e+00
7.71400e-05	1.01165e+00	3.50000e+00
1.05560e-04	9.60376e-01	3.50000e+00
1.33980e-04	9.22629e-01	3.50000e+00
9.25000e-06	8.75934e-01	1.50000e+00
2.22000e-05	7.85906e-01	1.50000e+00
3.51500e-05	7.40266e-01	1.50000e+00
4.81000e-05	7.09837e-01	1.50000e+00
6.10500e-05	6.87177e-01	1.50000e+00
2.16000e-05	1.23966e+00	3.50000e+00
5.18400e-05	1.07946e+00	3.50000e+00
8.20800e-05	1.00135e+00	3.50000e+00
1.12320e-04	9.50451e-01	3.50000e+00
1.42560e-04	9.12962e-01	3.50000e+00
1.10000e-05	8.57752e-01	1.50000e+00
2.64000e-05	7.68565e-01	1.50000e+00
4.18000e-05	7.23375e-01	1.50000e+00
5.72000e-05	6.93325e-01	1.50000e+00
7.26000e-05	6.70986e-01	1.50000e+00
2.30000e-05	1.22771e+00	3.50000e+00
5.52000e-05	1.06854e+00	3.50000e+00
8.74000e-05	9.91010e-01	3.50000e+00
1.19600e-04	9.40480e-01	3.50000e+00
1.51800e-04	9.03246e-01	3.50000e+00
1.60000e-05	8.19089e-01	1.50000e+00
3.84000e-05	7.31621e-01	1.50000e+00
6.08000e-05	6.87563e-01	1.50000e+00
8.32000e-05	6.58422e-01	1.50000e+00
1.05600e-04	6.36798e-01	1.50000e+00
2.56000e-05	1.20749e+00	3.50000e+00
6.14400e-05	1.05008e+00	3.50000e+00
9.72800e-05	9.73548e-01	3.50000e+00
1.33120e-04	9.23636e-01	3.50000e+00
1.68960e-04	8.86821e-01	3.50000e+00
1.60000e-05	8.19089e-01	1.50000e+00
3.84000e-05	7.31621e-01	1.50000e+00
6.08000e-05	6.87563e-01	1.50000e+00
8.32000e-05	6.58422e-01	1.50000e+00
1.05600e-04	6.36798e-01	1.50000e+00
2.65500e-05	1.20066e+00	3.50000e+00
6.37200e-05	1.04386e+00	3.50000e+00
1.00890e-04	9.67657e-01	3.50000e+00
1.38060e-04	9.17949e-01	3.50000e+00
1.75230e-04	8.81272e-01	3.50000e+00
2.50000e-05	7.74002e-01	1.50000e+00
6.00000e-05	6.88811e-01	1.50000e+00
9.50000e-05	6.46337e-01	1.50000e+00
1.30000e-04	6.18297e-01	1.50000e+00
1.65000e-04	5.97443e-01	1.50000e+00
2.86500e-05	1.18646e+00	3.50000e+00
6.87600e-05	1.03094e+00	3.50000e+00
1.08870e-04	9.55431e-01	3.50000e+00
1.48980e-04	9.06141e-01	3.50000e+00
1.89090e-04	8.69744e-01	3.50000e+00
4.00000e-05	7.27647e-01	1.50000e+00
9.60000e-05	6.45389e-01	1.50000e+00
1.52000e-04	6.04581e-01	1.50000e+00
2.08000e-04	5.77505e-01	1.50000e+00
2.64000e-04	5.57251e-01	1.50000e+00
4.00000e-05	1.12542e+00	3.50000e+00
9.60000e-05	9.75695e-01	3.50000e+00
1.52000e-04	9.03043e-01	3.50000e+00
2.08000e-04	8.55426e-01	3.50000e+00
2.64000e-04	8.20149e-01	3.50000e+00
6.50000e-05	6.81291e-01	1.50000e+00
1.56000e-04	6.02317e-01	1.50000e+00
2.47000e-04	5.62881e-01	1.50000e+00
3.38000e-04	5.36502e-01	1.50000e+00
4.29000e-04	5.16694e-01	1.50000e+00
4.00000e-05	1.12542e+00	3.50000e+00
9.60000e-05	9.75695e-01	3.50000e+00
1.52000e-04	9.03043e-01	3.50000e+00
2.08000e-04	8.55426e-01	3.50000e+00
2.64000e-04	8.20149e-01	3.50000e+00
1.00000e-04	6.41701e-01	1.50000e+00
2.40000e-04	5.65318e-01	1.50000e+00
3.80000e-04	5.26745e-01	1.50000e+00
5.20000e-04	5.00866e-01	1.50000e+00
6.60000e-04	4.81470e-01	1.50000e+00
6.50000e-05	1.04047e+00	3.50000e+00
1.56000e-04	8.99044e-01	3.50000e+00
2.47000e-04	8.29923e-01	3.50000e+00
3.38000e-04	7.84352e-01	3.50000e+00
4.29000e-04	7.50535e-01	3.50000e+00
1.60000e-04	6.00115e-01	1.50000e+00
3.84000e-04	5.25875e-01	1.50000e+00
6.08000e-04	4.88117e-01	1.50000e+00
8.32000e-04	4.62900e-01	1.50000e+00
1.05600e-03	4.44109e-01	1.50000e+00
1.00000e-04	9.69087e-01	3.50000e+00
2.40000e-04	8.34162e-01	3.50000e+00
3.80000e-04	7.67649e-01	3.50000e+00
5.20000e-04	7.23778e-01	3.50000e+00
6.60000e-04	6.91314e-01	3.50000e+00
2.50000e-04	5.61858e-01	1.50000e+00
6.00000e-04	4.89193e-01	1.50000e+00
9.50000e-04	4.52403e-01	1.50000e+00
1.30000e-03	4.28020e-01	1.50000e+00
1.65000e-03	4.09910e-01	1.50000e+00
1.60000e-04	8.95155e-01	3.50000e+00
3.84000e-04	7.66164e-01	3.50000e+00
6.08000e-04	7.02399e-01	3.50000e+00
8.32000e-04	6.60566e-01	3.50000e+00
1.05600e-03	6.29765e-01	3.50000e+00
4.00000e-04	5.22488e-01	1.50000e+00
9.60000e-04	4.51579e-01	1.50000e+00
1.52000e-03	4.16103e-01	1.50000e+00
2.08000e-03	3.92641e-01	1.50000e+00
2.64000e-03	3.75133e-01	1.50000e+00
2.50000e-04	8.28146e-01	3.50000e+00
6.00000e-04	7.04197e-01	3.50000e+00
9.50000e-04	6.43323e-01	3.50000e+00
1.30000e-03	6.03624e-01	3.50000e+00
1.65000e-03	5.74437e-01	3.50000e+00
5.00000e-04	5.04081e-01	1.50000e+00
1.20000e-03	4.34182e-01	1.50000e+00
1.90000e-03	3.99355e-01	1.50000e+00
2.60000e-03	3.76248e-01	1.50000e+00
3.30000e-03	3.58919e-01	1.50000e+00
4.00000e-04	7.60389e-01	3.50000e+00
9.60000e-04	6.41973e-01	3.50000e+00
1.52000e-03	5.84391e-01	3.50000e+00
2.08000e-03	5.46830e-01	3.50000e+00
2.64000e-03	5.19072e-01	3.50000e+00
1.60000e-03	4.12227e-01	1.50000e+00
3.84000e-03	3.47961e-01	1.50000e+00
6.08000e-03	3.14792e-01	1.50000e+00
8.32000e-03	2.92123e-01	1.50000e+00
1.05600e-02	2.74911e-01	1.50000e+00
6.50000e-04	6.93369e-01	3.50000e+00
1.56000e-03	5.81230e-01	3.50000e+00
2.47000e-03	5.26761e-01	3.50000e+00
3.38000e-03	4.90882e-01	3.50000e+00
4.29000e-03	4.64127e-01	3.50000e+00
6.50000e-04	4.82704e-01	1.50000e+00
1.56000e-03	4.14138e-01	1.50000e+00
2.47000e-03	3.79998e-01	1.50000e+00
3.38000e-03	3.57185e-01	1.50000e+00
4.29000e-03	3.39962e-01	1.50000e+00
1.00000e-03	6.36727e-01	3.50000e+00
2.40000e-03	5.30096e-01	3.50000e+00
3.80000e-03	4.77690e-01	3.50000e+00
5.20000e-03	4.42800e-01	3.50000e+00
6.60000e-03	4.16661e-01	3.50000e+00
1.23500e-05	9.96638e-01	2.00000e+00
2.96400e-05	8.85342e-01	2.00000e+00
4.69300e-05	8.29507e-01	2.00000e+00
6.42200e-05	7.92624e-01	2.00000e+00
8.15100e-05	7.65314e-01	2.00000e+00
4.00000e-03	4.71942e-01	3.50000e+00
9.60000e-03	3.76251e-01	3.50000e+00
1.52000e-02	3.27915e-01	3.50000e+00
2.08000e-02	2.95595e-01	3.50000e+00
2.64000e-02	2.71176e-01	3.50000e+00
1.46500e-05	9.74443e-01	2.00000e+00
3.51600e-05	8.64360e-01	2.00000e+00
5.56700e-05	8.09293e-01	2.00000e+00
7.61800e-05	7.72997e-01	2.00000e+00
9.66900e-05	7.46138e-01	2.00000e+00
2.61000e-05	1.36171e+00	4.50000e+00
6.26400e-05	1.17604e+00	4.50000e+00
9.91800e-05	1.08648e+00	4.50000e+00
1.35720e-04	1.02830e+00	4.50000e+00
1.72260e-04	9.85496e-01	4.50000e+00
1.63500e-05	9.60304e-01	2.00000e+00
3.92400e-05	8.51012e-01	2.00000e+00
6.21300e-05	7.96464e-01	2.00000e+00
8.50200e-05	7.60551e-01	2.00000e+00
1.07910e-04	7.33977e-01	2.00000e+00
2.96000e-05	1.33386e+00	4.50000e+00
7.10400e-05	1.15098e+00	4.50000e+00
1.12480e-04	1.06287e+00	4.50000e+00
1.53920e-04	1.00556e+00	4.50000e+00
1.95360e-04	9.63349e-01	4.50000e+00
2.50000e-05	9.06507e-01	2.00000e+00
6.00000e-05	8.00526e-01	2.00000e+00
9.50000e-05	7.48103e-01	2.00000e+00
1.30000e-04	7.13631e-01	2.00000e+00
1.65000e-04	6.88064e-01	2.00000e+00
3.09000e-05	1.32443e+00	4.50000e+00
7.41600e-05	1.14251e+00	4.50000e+00
1.17420e-04	1.05489e+00	4.50000e+00
1.60680e-04	9.97873e-01	4.50000e+00
2.03940e-04	9.55851e-01	4.50000e+00
2.50000e-05	9.06507e-01	2.00000e+00
6.00000e-05	8.00526e-01	2.00000e+00
9.50000e-05	7.48103e-01	2.00000e+00
1.30000e-04	7.13631e-01	2.00000e+00
1.65000e-04	6.88064e-01	2.00000e+00
3.41500e-05	1.30267e+00	4.50000e+00
8.19600e-05	1.12299e+00	4.50000e+00
1.29770e-04	1.03648e+00	4.50000e+00
1.77580e-04	9.80116e-01	4.50000e+00
2.25390e-04	9.38531e-01	4.50000e+00
4.00000e-05	8.48692e-01	2.00000e+00
9.60000e-05	7.46936e-01	2.00000e+00
1.52000e-04	6.96807e-01	2.00000e+00
2.08000e-04	6.63684e-01	2.00000e+00
2.64000e-04	6.38992e-01	2.00000e+00
3.66000e-05	1.28773e+00	4.50000e+00
8.78400e-05	1.10962e+00	4.50000e+00
1.39080e-04	1.02386e+00	4.50000e+00
1.90320e-04	9.67925e-01	4.50000e+00
2.41560e-04	9.26633e-01	4.50000e+00
6.50000e-05	7.91226e-01	2.00000e+00
1.56000e-04	6.94033e-01	2.00000e+00
2.47000e-04	6.45848e-01	2.00000e+00
3.38000e-04	6.13784e-01	2.00000e+00
4.29000e-04	5.89809e-01	2.00000e+00
4.09000e-05	1.26404e+00	4.50000e+00
9.81600e-05	1.08844e+00	4.50000e+00
1.55420e-04	1.00383e+00	4.50000e+00
2.12680e-04	9.48562e-01	4.50000e+00
2.69940e-04	9.07725e-01	4.50000e+00
1.00000e-04	7.42396e-01	2.00000e+00
2.40000e-04	6.48818e-01	2.00000e+00
3.80000e-04	6.01963e-01	2.00000e+00
5.20000e-04	5.70719e-01	2.00000e+00
6.60000e-04	5.47404e-01	2.00000e+00
4.09000e-05	1.26404e+00	4.50000e+00
9.81600e-05	1.08844e+00	4.50000e+00
1.55420e-04	1.00383e+00	4.50000e+00
2.12680e-04	9.48562e-01	4.50000e+00
2.69940e-04	9.07725e-01	4.50000e+00
1.60000e-04	6.91336e-01	2.00000e+00
3.84000e-04	6.00910e-01	2.00000e+00
6.08000e-04	5.55384e-01	2.00000e+00
8.32000e-04	5.25163e-01	2.00000e+00
1.05600e-03	5.02731e-01	2.00000e+00
6.50000e-05	1.16863e+00	4.50000e+00
1.56000e-04	1.00316e+00	4.50000e+00
2.47000e-04	9.22826e-01	4.50000e+00
3.38000e-04	8.70070e-01	4.50000e+00
4.29000e-04	8.31040e-01	4.50000e+00
2.50000e-04	6.44602e-01	2.00000e+00
6.00000e-04	5.56677e-01	2.00000e+00
9.50000e-04	5.12624e-01	2.00000e+00
1.30000e-03	4.83579e-01	2.00000e+00
1.65000e-03	4.62077e-01	2.00000e+00
6.50000e-05	1.16863e+00	4.50000e+00
1.56000e-04	1.00316e+00	4.50000e+00
2.47000e-04	9.22826e-01	4.50000e+00
3.38000e-04	8.70070e-01	4.50000e+00
4.29000e-04	8.31040e-01	4.50000e+00
5.00000e-04	5.74592e-01	2.00000e+00
1.20000e-03	4.90908e-01	2.00000e+00
1.90000e-03	4.49574e-01	2.00000e+00
2.60000e-03	4.22278e-01	2.00000e+00
3.30000e-03	4.01888e-01	2.00000e+00
1.00000e-04	1.08492e+00	4.50000e+00
2.40000e-04	9.27742e-01	4.50000e+00
3.80000e-04	8.50780e-01	4.50000e+00
5.20000e-04	8.00238e-01	4.50000e+00
6.60000e-04	7.62967e-01	4.50000e+00
1.60000e-03	4.64825e-01	2.00000e+00
3.84000e-03	3.89038e-01	2.00000e+00
6.08000e-03	3.50367e-01	2.00000e+00
8.32000e-03	3.24138e-01	2.00000e+00
1.05600e-02	3.04314e-01	2.00000e+00
1.60000e-04	9.98630e-01	4.50000e+00
3.84000e-04	8.49066e-01	4.50000e+00
6.08000e-04	7.75680e-01	4.50000e+00
8.32000e-04	7.27772e-01	4.50000e+00
1.05600e-03	6.92622e-01	4.50000e+00
6.50000e-04	5.48885e-01	2.00000e+00
1.56000e-03	4.67092e-01	2.00000e+00
2.47000e-03	4.26700e-01	2.00000e+00
3.38000e-03	3.99853e-01	2.00000e+00
4.29000e-03	3.79680e-01	2.00000e+00
2.50000e-04	9.20765e-01	4.50000e+00
6.00000e-04	7.77744e-01	4.50000e+00
9.50000e-04	7.08081e-01	4.50000e+00
1.30000e-03	6.62873e-01	4.50000e+00
1.65000e-03	6.29743e-01	4.50000e+00
1.54500e-05	1.13878e+00	2.70000e+00
3.70800e-05	1.00146e+00	2.70000e+00
5.87100e-05	9.33489e-01	2.70000e+00
8.03400e-05	8.88938e-01	2.70000e+00
1.01970e-04	8.56080e-01	2.70000e+00
4.00000e-04	8.42402e-01	4.50000e+00
9.60000e-04	7.06541e-01	4.50000e+00
1.52000e-03	6.41032e-01	4.50000e+00
2.08000e-03	5.98486e-01	4.50000e+00
2.64000e-03	5.67132e-01	4.50000e+00
1.83000e-05	1.11150e+00	2.70000e+00
4.39200e-05	9.76060e-01	2.70000e+00
6.95400e-05	9.09254e-01	2.70000e+00
9.51600e-05	8.65519e-01	2.70000e+00
1.20780e-04	8.33251e-01	2.70000e+00
6.50000e-04	7.65323e-01	4.50000e+00
1.56000e-03	6.37446e-01	4.50000e+00
2.47000e-03	5.75810e-01	4.50000e+00
3.38000e-03	5.35366e-01	4.50000e+00
4.29000e-03	5.05294e-01	4.50000e+00
2.04500e-05	1.09379e+00	2.70000e+00
4.90800e-05	9.59617e-01	2.70000e+00
7.77100e-05	8.93593e-01	2.70000e+00
1.06340e-04	8.50384e-01	2.70000e+00
1.34970e-04	8.18485e-01	2.70000e+00
1.00000e-03	7.00558e-01	4.50000e+00
2.40000e-03	5.79575e-01	4.50000e+00
3.80000e-03	5.20528e-01	4.50000e+00
5.20000e-03	4.81384e-01	4.50000e+00
6.60000e-03	4.52163e-01	4.50000e+00
2.04500e-05	1.09379e+00	2.70000e+00
4.90800e-05	9.59617e-01	2.70000e+00
7.77100e-05	8.93593e-01	2.70000e+00
1.06340e-04	8.50384e-01	2.70000e+00
1.34970e-04	8.18485e-01	2.70000e+00
1.60000e-03	6.33962e-01	4.50000e+00
3.84000e-03	5.19208e-01	4.50000e+00
6.08000e-03	4.62170e-01	4.50000e+00
8.32000e-03	4.24225e-01	4.50000e+00
1.05600e-02	3.95956e-01	4.50000e+00
2.50000e-05	1.06213e+00	2.70000e+00
6.00000e-05	9.30353e-01	2.70000e+00
9.50000e-05	8.65750e-01	2.70000e+00
1.30000e-04	8.23454e-01	2.70000e+00
1.65000e-04	7.92180e-01	2.70000e+00
2.50000e-05	1.06213e+00	2.70000e+00
6.00000e-05	9.30353e-01	2.70000e+00
9.50000e-05	8.65750e-01	2.70000e+00
1.30000e-04	8.23454e-01	2.70000e+00
1.65000e-04	7.92180e-01	2.70000e+00
3.77000e-05	1.51722e+00	6.50000e+00
9.04800e-05	1.29458e+00	6.50000e+00
1.43260e-04	1.18849e+00	6.50000e+00
1.96040e-04	1.11968e+00	6.50000e+00
2.48820e-04	1.06907e+00	6.50000e+00
6.96000e-05	1.74905e+00	1.20000e+01
1.67040e-04	1.46382e+00	1.20000e+01
2.64480e-04	1.32884e+00	1.20000e+01
3.61920e-04	1.24150e+00	1.20000e+01
4.59360e-04	1.17760e+00	1.20000e+01
4.01500e-05	1.50027e+00	6.50000e+00
9.63600e-05	1.27963e+00	6.50000e+00
1.52570e-04	1.17446e+00	6.50000e+00
2.08780e-04	1.10618e+00	6.50000e+00
2.64990e-04	1.05593e+00	6.50000e+00
8.05000e-05	1.69870e+00	1.20000e+01
1.93200e-04	1.42013e+00	1.20000e+01
3.05900e-04	1.28786e+00	1.20000e+01
4.18600e-04	1.20224e+00	1.20000e+01
5.31300e-04	1.13968e+00	1.20000e+01
4.27500e-05	1.48352e+00	6.50000e+00
1.02600e-04	1.26488e+00	6.50000e+00
1.62450e-04	1.16059e+00	6.50000e+00
2.22300e-04	1.09282e+00	6.50000e+00
2.82150e-04	1.04293e+00	6.50000e+00
8.05000e-05	1.69870e+00	1.20000e+01
1.93200e-04	1.42013e+00	1.20000e+01
3.05900e-04	1.28786e+00	1.20000e+01
4.18600e-04	1.20224e+00	1.20000e+01
5.31300e-04	1.13968e+00	1.20000e+01
4.76000e-05	1.45516e+00	6.50000e+00
1.14240e-04	1.23990e+00	6.50000e+00
1.80880e-04	1.13709e+00	6.50000e+00
2.47520e-04	1.07017e+00	6.50000e+00
3.14160e-04	1.02087e+00	6.50000e+00
9.10000e-05	1.65725e+00	1.20000e+01
2.18400e-04	1.38401e+00	1.20000e+01
3.45800e-04	1.25395e+00	1.20000e+01
4.73200e-04	1.16979e+00	1.20000e+01
6.00600e-04	1.10837e+00	1.20000e+01
4.93000e-05	1.44600e+00	6.50000e+00
1.18320e-04	1.23183e+00	6.50000e+00
1.87340e-04	1.12948e+00	6.50000e+00
2.56360e-04	1.06283e+00	6.50000e+00
3.25380e-04	1.01372e+00	6.50000e+00
1.00000e-04	1.62594e+00	1.20000e+01
2.40000e-04	1.35665e+00	1.20000e+01
3.80000e-04	1.22825e+00	1.20000e+01
5.20000e-04	1.14523e+00	1.20000e+01
6.60000e-04	1.08469e+00	1.20000e+01
4.93000e-05	1.44600e+00	6.50000e+00
1.18320e-04	1.23183e+00	6.50000e+00
1.87340e-04	1.12948e+00	6.50000e+00
2.56360e-04	1.06283e+00	6.50000e+00
3.25380e-04	1.01372e+00	6.50000e+00
1.00000e-04	1.62594e+00	1.20000e+01
2.40000e-04	1.35665e+00	1.20000e+01
3.80000e-04	1.22825e+00	1.20000e+01
5.20000e-04	1.14523e+00	1.20000e+01
6.60000e-04	1.08469e+00	1.20000e+01
6.50000e-05	1.37538e+00	6.50000e+00
1.56000e-04	1.16954e+00	6.50000e+00
2.47000e-04	1.07061e+00	6.50000e+00
3.38000e-04	1.00601e+00	6.50000e+00
4.29000e-04	9.58413e-01	6.50000e+00
1.60000e-04	1.47693e+00	1.20000e+01
3.84000e-04	1.22542e+00	1.20000e+01
6.08000e-04	1.10527e+00	1.20000e+01
8.32000e-04	1.02809e+00	1.20000e+01
1.05600e-03	9.72126e-01	1.20000e+01
6.50000e-05	1.37538e+00	6.50000e+00
1.56000e-04	1.16954e+00	6.50000e+00
2.47000e-04	1.07061e+00	6.50000e+00
3.38000e-04	1.00601e+00	6.50000e+00
4.29000e-04	9.58413e-01	6.50000e+00
1.60000e-04	1.47693e+00	1.20000e+01
3.84000e-04	1.22542e+00	1.20000e+01
6.08000e-04	1.10527e+00	1.20000e+01
8.32000e-04	1.02809e+00	1.20000e+01
1.05600e-03	9.72126e-01	1.20000e+01
1.00000e-04	1.27090e+00	6.50000e+00
2.40000e-04	1.07664e+00	6.50000e+00
3.80000e-04	9.82461e-01	6.50000e+00
5.20000e-04	9.20981e-01	6.50000e+00
6.60000e-04	8.75850e-01	6.50000e+00
2.50000e-04	1.34491e+00	1.20000e+01
6.00000e-04	1.10862e+00	1.20000e+01
9.50000e-04	9.96666e-01	1.20000e+01
1.30000e-03	9.25223e-01	1.20000e+01
1.65000e-03	8.73495e-01	1.20000e+01
1.00000e-04	1.27090e+00	6.50000e+00
2.40000e-04	1.07664e+00	6.50000e+00
3.80000e-04	9.82461e-01	6.50000e+00
5.20000e-04	9.20981e-01	6.50000e+00
6.60000e-04	8.75850e-01	6.50000e+00
4.00000e-04	1.21442e+00	1.20000e+01
9.60000e-04	9.94216e-01	1.20000e+01
1.52000e-03	8.91062e-01	1.20000e+01
2.08000e-03	8.25179e-01	1.20000e+01
2.64000e-03	7.77184e-01	1.20000e+01
1.60000e-04	1.16394e+00	6.50000e+00
3.84000e-04	9.80371e-01	6.50000e+00
6.08000e-04	8.91223e-01	6.50000e+00
8.32000e-04	8.33404e-01	6.50000e+00
1.05600e-03	7.91189e-01	6.50000e+00
6.50000e-04	1.08850e+00	1.20000e+01
1.56000e-03	8.85475e-01	1.20000e+01
2.47000e-03	7.90420e-01	1.20000e+01
3.38000e-03	7.29031e-01	1.20000e+01
4.29000e-03	6.83882e-01	1.20000e+01
2.50000e-04	1.06808e+00	6.50000e+00
6.00000e-04	8.93721e-01	6.50000e+00
9.50000e-04	8.09734e-01	6.50000e+00
1.30000e-03	7.55599e-01	6.50000e+00
1.65000e-03	7.16114e-01	6.50000e+00
1.00000e-03	9.84709e-01	1.20000e+01
2.40000e-03	7.96175e-01	1.20000e+01
3.80000e-03	7.06701e-01	1.20000e+01
5.20000e-03	6.48294e-01	1.20000e+01
6.60000e-03	6.05194e-01	1.20000e+01
4.00000e-04	9.72249e-01	6.50000e+00
9.60000e-04	8.07885e-01	6.50000e+00
1.52000e-03	7.29551e-01	6.50000e+00
2.08000e-03	6.79002e-01	6.50000e+00
2.64000e-03	6.41908e-01	6.50000e+00
1.60000e-03	8.80054e-01	1.20000e+01
3.84000e-03	7.04719e-01	1.20000e+01
6.08000e-03	6.19904e-01	1.20000e+01
8.32000e-03	5.64419e-01	1.20000e+01
1.05600e-02	5.23629e-01	1.20000e+01
6.50000e-04	8.78697e-01	6.50000e+00
1.56000e-03	7.25281e-01	6.50000e+00
2.47000e-03	6.52161e-01	6.50000e+00
3.38000e-03	6.04459e-01	6.50000e+00
4.29000e-03	5.69133e-01	6.50000e+00
2.50000e-03	7.88011e-01	1.20000e+01
6.00000e-03	6.22290e-01	1.20000e+01
9.50000e-03	5.41576e-01	1.20000e+01
1.30000e-02	4.89068e-01	1.20000e+01
1.65000e-02	4.50523e-01	1.20000e+01
1.00000e-03	8.00704e-01	6.50000e+00
2.40000e-03	6.56613e-01	6.50000e+00
3.80000e-03	5.87013e-01	6.50000e+00
5.20000e-03	5.41139e-01	6.50000e+00
6.60000e-03	5.07052e-01	6.50000e+00
1.60000e-03	7.21134e-01	6.50000e+00
3.84000e-03	5.85462e-01	6.50000e+00
6.08000e-03	5.18709e-01	6.50000e+00
8.32000e-03	4.74606e-01	6.50000e+00
1.05600e-02	4.41932e-01	6.50000e+00
8.70000e-05	1.82152e+00	1.50000e+01
2.08800e-04	1.51339e+00	1.50000e+01
3.30600e-04	1.36775e+00	1.50000e+01
4.52400e-04	1.27383e+00	1.50000e+01
5.74200e-04	1.20539e+00	1.50000e+01
2.50000e-03	6.50295e-01	6.50000e+00
6.00000e-03	5.20598e-01	6.50000e+00
9.50000e-03	4.56335e-01	6.50000e+00
1.30000e-02	4.14060e-01	6.50000e+00
1.65000e-02	3.82755e-01	6.50000e+00
1.00000e-04	1.76939e+00	1.50000e+01
2.40000e-04	1.46822e+00	1.50000e+01
3.80000e-04	1.32551e+00	1.50000e+01
5.20000e-04	1.23354e+00	1.50000e+01
6.60000e-04	1.16663e+00	1.50000e+01
1.00000e-04	1.76939e+00	1.50000e+01
2.40000e-04	1.46822e+00	1.50000e+01
3.80000e-04	1.32551e+00	1.50000e+01
5.20000e-04	1.23354e+00	1.50000e+01
6.60000e-04	1.16663e+00	1.50000e+01
1.14000e-04	1.72150e+00	1.50000e+01
2.73600e-04	1.42655e+00	1.50000e+01
4.33200e-04	1.28655e+00	1.50000e+01
5.92800e-04	1.19644e+00	1.50000e+01
7.52400e-04	1.13100e+00	1.50000e+01
4.93000e-05	1.62379e+00	8.50000e+00
1.18320e-04	1.37384e+00	8.50000e+00
1.87340e-04	1.25527e+00	8.50000e+00
2.56360e-04	1.17840e+00	8.50000e+00
3.25380e-04	1.12192e+00	8.50000e+00
1.23000e-04	1.69422e+00	1.50000e+01
2.95200e-04	1.40275e+00	1.50000e+01
4.67400e-04	1.26431e+00	1.50000e+01
6.39600e-04	1.17529e+00	1.50000e+01
8.11800e-04	1.11071e+00	1.50000e+01
5.25000e-05	1.60467e+00	8.50000e+00
1.26000e-04	1.35715e+00	8.50000e+00
1.99500e-04	1.23961e+00	8.50000e+00
2.73000e-04	1.16334e+00	8.50000e+00
3.46500e-04	1.10730e+00	8.50000e+00
1.60000e-04	1.60245e+00	1.50000e+01
3.84000e-04	1.32237e+00	1.50000e+01
6.08000e-04	1.18936e+00	1.50000e+01
8.32000e-04	1.10420e+00	1.50000e+01
1.05600e-03	1.04260e+00	1.50000e+01
5.60000e-05	1.58523e+00	8.50000e+00
1.34400e-04	1.34019e+00	8.50000e+00
2.12800e-04	1.22367e+00	8.50000e+00
2.91200e-04	1.14801e+00	8.50000e+00
3.69600e-04	1.09241e+00	8.50000e+00
1.60000e-04	1.60245e+00	1.50000e+01
3.84000e-04	1.32237e+00	1.50000e+01
6.08000e-04	1.18936e+00	1.50000e+01
8.32000e-04	1.10420e+00	1.50000e+01
1.05600e-03	1.04260e+00	1.50000e+01
6.20000e-05	1.55498e+00	8.50000e+00
1.48800e-04	1.31375e+00	8.50000e+00
2.35600e-04	1.19880e+00	8.50000e+00
3.22400e-04	1.12407e+00	8.50000e+00
4.09200e-04	1.06917e+00	8.50000e+00
2.50000e-04	1.45515e+00	1.50000e+01
6.00000e-04	1.19306e+00	1.50000e+01
9.50000e-04	1.06960e+00	1.50000e+01
1.30000e-03	9.91068e-01	1.50000e+01
1.65000e-03	9.34346e-01	1.50000e+01
6.45000e-05	1.54336e+00	8.50000e+00
1.54800e-04	1.30358e+00	8.50000e+00
2.45100e-04	1.18922e+00	8.50000e+00
3.35400e-04	1.11485e+00	8.50000e+00
4.25700e-04	1.06022e+00	8.50000e+00
4.00000e-04	1.31017e+00	1.50000e+01
9.60000e-04	1.06690e+00	1.50000e+01
1.52000e-03	9.53595e-01	1.50000e+01
2.08000e-03	8.81482e-01	1.50000e+01
2.64000e-03	8.29087e-01	1.50000e+01
6.95000e-05	1.52162e+00	8.50000e+00
1.66800e-04	1.28453e+00	8.50000e+00
2.64100e-04	1.17126e+00	8.50000e+00
3.61400e-04	1.09757e+00	8.50000e+00
4.58700e-04	1.04346e+00	8.50000e+00
6.50000e-04	1.17084e+00	1.50000e+01
1.56000e-03	9.47472e-01	1.50000e+01
2.47000e-03	8.43525e-01	1.50000e+01
3.38000e-03	7.76645e-01	1.50000e+01
4.29000e-03	7.27587e-01	1.50000e+01
6.95000e-05	1.52162e+00	8.50000e+00
1.66800e-04	1.28453e+00	8.50000e+00
2.64100e-04	1.17126e+00	8.50000e+00
3.61400e-04	1.09757e+00	8.50000e+00
4.58700e-04	1.04346e+00	8.50000e+00
1.00000e-03	1.05644e+00	1.50000e+01
2.40000e-03	8.49805e-01	1.50000e+01
3.80000e-03	7.52367e-01	1.50000e+01
5.20000e-03	6.88996e-01	1.50000e+01
6.60000e-03	6.42351e-01	1.50000e+01
1.00000e-04	1.41925e+00	8.50000e+00
2.40000e-04	1.19431e+00	8.50000e+00
3.80000e-04	1.08604e+00	8.50000e+00
5.20000e-04	1.01566e+00	8.50000e+00
6.60000e-04	9.64152e-01	8.50000e+00
1.60000e-03	9.41531e-01	1.50000e+01
3.84000e-03	7.50214e-01	1.50000e+01
6.08000e-03	6.58259e-01	1.50000e+01
8.32000e-03	5.98315e-01	1.50000e+01
1.05600e-02	5.54356e-01	1.50000e+01
1.00000e-04	1.41925e+00	8.50000e+00
2.40000e-04	1.19431e+00	8.50000e+00
3.80000e-04	1.08604e+00	8.50000e+00
5.20000e-04	1.01566e+00	8.50000e+00
6.60000e-04	9.64152e-01	8.50000e+00
2.50000e-03	8.40896e-01	1.50000e+01
6.00000e-03	6.60842e-01	1.50000e+01
9.50000e-03	5.73685e-01	1.50000e+01
1.30000e-02	5.17190e-01	1.50000e+01
1.65000e-02	4.75835e-01	1.50000e+01
1.60000e-04	1.29513e+00	8.50000e+00
3.84000e-04	1.08365e+00	8.50000e+00
6.08000e-04	9.81682e-01	8.50000e+00
8.32000e-04	9.15838e-01	8.50000e+00
1.05600e-03	8.67919e-01	8.50000e+00
4.00000e-03	7.41844e-01	1.50000e+01
9.60000e-03	5.71759e-01	1.50000e+01
1.52000e-02	4.89926e-01	1.50000e+01
2.08000e-02	4.36762e-01	1.50000e+01
2.64000e-02	3.97312e-01	1.50000e+01
2.50000e-04	1.18444e+00	8.50000e+00
6.00000e-04	9.84531e-01	8.50000e+00
9.50000e-04	8.88953e-01	8.50000e+00
1.30000e-03	8.27627e-01	8.50000e+00
1.65000e-03	7.83046e-01	8.50000e+00
4.00000e-04	1.07433e+00	8.50000e+00
9.60000e-04	8.86854e-01	8.50000e+00
1.52000e-03	7.98203e-01	8.50000e+00
2.08000e-03	7.41260e-01	8.50000e+00
2.64000e-03	6.99606e-01	8.50000e+00
1.04500e-04	1.87456e+00	1.80000e+01
2.50800e-04	1.54777e+00	1.80000e+01
3.97100e-04	1.39360e+00	1.80000e+01
5.43400e-04	1.29456e+00	1.80000e+01
6.89700e-04	1.22269e+00	1.80000e+01
6.50000e-04	9.67397e-01	8.50000e+00
1.56000e-03	7.93385e-01	8.50000e+00
2.47000e-03	7.11109e-01	8.50000e+00
3.38000e-03	6.57667e-01	8.50000e+00
4.29000e-03	6.18207e-01	8.50000e+00
1.18500e-04	1.82457e+00	1.80000e+01
2.84400e-04	1.50451e+00	1.80000e+01
4.50300e-04	1.35330e+00	1.80000e+01
6.16200e-04	1.25629e+00	1.80000e+01
7.82100e-04	1.18600e+00	1.80000e+01
1.00000e-03	8.78708e-01	8.50000e+00
2.40000e-03	7.16106e-01	8.50000e+00
3.80000e-03	6.38167e-01	8.50000e+00
5.20000e-03	5.87009e-01	8.50000e+00
6.60000e-03	5.49114e-01	8.50000e+00
1.34000e-04	1.77677e+00	1.80000e+01
3.21600e-04	1.46300e+00	1.80000e+01
5.09200e-04	1.31467e+00	1.80000e+01
6.96800e-04	1.21967e+00	1.80000e+01
8.84400e-04	1.15094e+00	1.80000e+01
1.60000e-03	7.88707e-01	8.50000e+00
3.84000e-03	6.36434e-01	8.50000e+00
6.08000e-03	5.62061e-01	8.50000e+00
8.32000e-03	5.13143e-01	8.50000e+00
1.05600e-02	4.77030e-01	8.50000e+00
1.34000e-04	1.77677e+00	1.80000e+01
3.21600e-04	1.46300e+00	1.80000e+01
5.09200e-04	1.31467e+00	1.80000e+01
6.96800e-04	1.21967e+00	1.80000e+01
8.84400e-04	1.15094e+00	1.80000e+01
2.50000e-03	7.09015e-01	8.50000e+00
6.00000e-03	5.64161e-01	8.50000e+00
9.50000e-03	4.92935e-01	8.50000e+00
1.30000e-02	4.46322e-01	8.50000e+00
1.65000e-02	4.11943e-01	8.50000e+00
1.64000e-04	1.70038e+00	1.80000e+01
3.93600e-04	1.39647e+00	1.80000e+01
6.23200e-04	1.25289e+00	1.80000e+01
8.52800e-04	1.16123e+00	1.80000e+01
1.08240e-03	1.09507e+00	1.80000e+01
1.64000e-04	1.70038e+00	1.80000e+01
3.93600e-04	1.39647e+00	1.80000e+01
6.23200e-04	1.25289e+00	1.80000e+01
8.52800e-04	1.16123e+00	1.80000e+01
1.08240e-03	1.09507e+00	1.80000e+01
6.50000e-05	1.64777e+00	1.00000e+01
1.56000e-04	1.38602e+00	1.00000e+01
2.47000e-04	1.26172e+00	1.00000e+01
3.38000e-04	1.18110e+00	1.00000e+01
4.29000e-04	1.12197e+00	1.00000e+01
2.50000e-04	1.54888e+00	1.80000e+01
6.00000e-04	1.26433e+00	1.80000e+01
9.50000e-04	1.13090e+00	1.80000e+01
1.30000e-03	1.04625e+00	1.80000e+01
1.65000e-03	9.85231e-01	1.80000e+01
1.00000e-04	1.51440e+00	1.00000e+01
2.40000e-04	1.26928e+00	1.00000e+01
3.80000e-04	1.15182e+00	1.00000e+01
5.20000e-04	1.07565e+00	1.00000e+01
6.60000e-04	1.02000e+00	1.00000e+01
2.50000e-04	1.54888e+00	1.80000e+01
6.00000e-04	1.26433e+00	1.80000e+01
9.50000e-04	1.13090e+00	1.80000e+01
1.30000e-03	1.04625e+00	1.80000e+01
1.65000e-03	9.85231e-01	1.80000e+01
1.60000e-04	1.37897e+00	1.00000e+01
3.84000e-04	1.14922e+00	1.00000e+01
6.08000e-04	1.03893e+00	1.00000e+01
8.32000e-04	9.67890e-01	1.00000e+01
1.05600e-03	9.16282e-01	1.00000e+01
4.00000e-04	1.39125e+00	1.80000e+01
9.60000e-04	1.12799e+00	1.80000e+01
1.52000e-03	1.00593e+00	1.80000e+01
2.08000e-03	9.28457e-01	1.80000e+01
2.64000e-03	8.72291e-01	1.80000e+01
2.50000e-04	1.25856e+00	1.00000e+01
6.00000e-04	1.04201e+00	1.00000e+01
9.50000e-04	9.38925e-01	1.00000e+01
1.30000e-03	8.72956e-01	1.00000e+01
1.65000e-03	8.25092e-01	1.00000e+01
6.50000e-04	1.24028e+00	1.80000e+01
1.56000e-03	9.99342e-01	1.80000e+01
2.47000e-03	8.87758e-01	1.80000e+01
3.38000e-03	8.16183e-01	1.80000e+01
4.29000e-03	7.63800e-01	1.80000e+01
4.00000e-04	1.13914e+00	1.00000e+01
9.60000e-04	9.36665e-01	1.00000e+01
1.52000e-03	8.41356e-01	1.00000e+01
2.08000e-03	7.80302e-01	1.00000e+01
2.64000e-03	7.35728e-01	1.00000e+01
1.00000e-03	1.11671e+00	1.80000e+01
2.40000e-03	8.94488e-01	1.80000e+01
3.80000e-03	7.90247e-01	1.80000e+01
5.20000e-03	7.22662e-01	1.80000e+01
6.60000e-03	6.73019e-01	1.80000e+01
6.50000e-04	1.02351e+00	1.00000e+01
1.56000e-03	8.36185e-01	1.00000e+01
2.47000e-03	7.48030e-01	1.00000e+01
3.38000e-03	6.90923e-01	1.00000e+01
4.29000e-03	6.48835e-01	1.00000e+01
1.60000e-03	9.92955e-01	1.80000e+01
3.84000e-03	7.87948e-01	1.80000e+01
6.08000e-03	6.89940e-01	1.80000e+01
8.32000e-03	6.26235e-01	1.80000e+01
1.05600e-02	5.79612e-01	1.80000e+01
1.00000e-03	9.27895e-01	1.00000e+01
2.40000e-03	7.53376e-01	1.00000e+01
3.80000e-03	6.70116e-01	1.00000e+01
5.20000e-03	6.15606e-01	1.00000e+01
6.60000e-03	5.75300e-01	1.00000e+01
2.50000e-03	8.84941e-01	1.80000e+01
6.00000e-03	6.92688e-01	1.80000e+01
9.50000e-03	6.00102e-01	1.80000e+01
1.30000e-02	5.40259e-01	1.80000e+01
1.65000e-02	4.96549e-01	1.80000e+01
2.50000e-03	7.45790e-01	1.00000e+01
6.00000e-03	5.91296e-01	1.00000e+01
9.50000e-03	5.15672e-01	1.00000e+01
1.30000e-02	4.66323e-01	1.00000e+01
1.65000e-02	4.30009e-01	1.00000e+01
4.00000e-03	7.79012e-01	1.80000e+01
9.60000e-03	5.98060e-01	1.80000e+01
1.52000e-02	5.11433e-01	1.80000e+01
2.08000e-02	4.55337e-01	1.80000e+01
2.64000e-02	4.13815e-01	1.80000e+01
1.45000e-04	1.87303e+00	2.20000e+01
3.48000e-04	1.53309e+00	2.20000e+01
5.51000e-04	1.37327e+00	2.20000e+01
7.54000e-04	1.27133e+00	2.20000e+01
9.57000e-04	1.19780e+00	2.20000e+01
1.00000e-03	1.34729e+00	3.50000e+01
2.40000e-03	1.06195e+00	3.50000e+01
3.80000e-03	9.30604e-01	3.50000e+01
5.20000e-03	8.46448e-01	3.50000e+01
6.60000e-03	7.85139e-01	3.50000e+01
1.60000e-04	1.83225e+00	2.20000e+01
3.84000e-04	1.49781e+00	2.20000e+01
6.08000e-04	1.34064e+00	2.20000e+01
8.32000e-04	1.24055e+00	2.20000e+01
1.05600e-03	1.16843e+00	2.20000e+01
1.60000e-03	1.18760e+00	3.50000e+01
3.84000e-03	9.27728e-01	3.50000e+01
6.08000e-03	8.05989e-01	3.50000e+01
8.32000e-03	7.27741e-01	3.50000e+01
1.05600e-02	6.70902e-01	3.50000e+01
1.72500e-04	1.80157e+00	2.20000e+01
4.14000e-04	1.47124e+00	2.20000e+01
6.55500e-04	1.31610e+00	2.20000e+01
8.97000e-04	1.21743e+00	2.20000e+01
1.13850e-03	1.14637e+00	2.20000e+01
2.50000e-03	1.04985e+00	3.50000e+01
6.00000e-03	8.09379e-01	3.50000e+01
9.50000e-03	6.95838e-01	3.50000e+01
1.30000e-02	6.23211e-01	3.50000e+01
1.65000e-02	5.70565e-01	3.50000e+01
1.94000e-04	1.75444e+00	2.20000e+01
4.65600e-04	1.43041e+00	2.20000e+01
7.37200e-04	1.27846e+00	2.20000e+01
1.00880e-03	1.18200e+00	2.20000e+01
1.28040e-03	1.11259e+00	2.20000e+01
4.00000e-03	9.16559e-01	3.50000e+01
9.60000e-03	6.93349e-01	3.50000e+01
1.52000e-02	5.88451e-01	3.50000e+01
2.08000e-02	5.21275e-01	3.50000e+01
2.64000e-02	4.71997e-01	3.50000e+01
2.50000e-04	1.65579e+00	2.20000e+01
6.00000e-04	1.34500e+00	2.20000e+01
9.50000e-04	1.20001e+00	2.20000e+01
1.30000e-03	1.10828e+00	2.20000e+01
1.65000e-03	1.04229e+00	2.20000e+01
2.50000e-04	1.65579e+00	2.20000e+01
6.00000e-04	1.34500e+00	2.20000e+01
9.50000e-04	1.20001e+00	2.20000e+01
1.30000e-03	1.10828e+00	2.20000e+01
1.65000e-03	1.04229e+00	2.20000e+01
2.96000e-04	1.59231e+00	2.20000e+01
7.10400e-04	1.29023e+00	2.20000e+01
1.12480e-03	1.14990e+00	2.20000e+01
1.53920e-03	1.06121e+00	2.20000e+01
1.95360e-03	9.97339e-01	2.20000e+01
4.00000e-04	1.48335e+00	2.20000e+01
9.60000e-04	1.19685e+00	2.20000e+01
1.52000e-03	1.06466e+00	2.20000e+01
2.08000e-03	9.81008e-01	2.20000e+01
2.64000e-03	9.20503e-01	2.20000e+01
6.50000e-04	1.31883e+00	2.20000e+01
1.56000e-03	1.05754e+00	2.20000e+01
2.47000e-03	9.37152e-01	2.20000e+01
3.38000e-03	8.60193e-01	2.20000e+01
4.29000e-03	8.04009e-01	2.20000e+01
2.95000e-04	1.98392e+00	4.50000e+01
7.08000e-04	1.57882e+00	4.50000e+01
1.12100e-03	1.39394e+00	4.50000e+01
1.53400e-03	1.27823e+00	4.50000e+01
1.94700e-03	1.19551e+00	4.50000e+01
1.00000e-03	1.18461e+00	2.20000e+01
2.40000e-03	9.44399e-01	2.20000e+01
3.80000e-03	8.32360e-01	2.20000e+01
5.20000e-03	7.59972e-01	2.20000e+01
6.60000e-03	7.06928e-01	2.20000e+01
3.17000e-04	1.94796e+00	4.50000e+01
7.60800e-04	1.54864e+00	4.50000e+01
1.20460e-03	1.36668e+00	4.50000e+01
1.64840e-03	1.25282e+00	4.50000e+01
2.09220e-03	1.17137e+00	4.50000e+01
1.60000e-03	1.05063e+00	2.20000e+01
3.84000e-03	8.29894e-01	2.20000e+01
6.08000e-03	7.24996e-01	2.20000e+01
8.32000e-03	6.57035e-01	2.20000e+01
1.05600e-02	6.07408e-01	2.20000e+01
3.50000e-04	1.89926e+00	4.50000e+01
8.40000e-04	1.50785e+00	4.50000e+01
1.33000e-03	1.32987e+00	4.50000e+01
1.82000e-03	1.21848e+00	4.50000e+01
2.31000e-03	1.13873e+00	4.50000e+01
2.50000e-03	9.34119e-01	2.20000e+01
6.00000e-03	7.27931e-01	2.20000e+01
9.50000e-03	6.29207e-01	2.20000e+01
1.30000e-02	5.65595e-01	2.20000e+01
1.65000e-02	5.19240e-01	2.20000e+01
4.00000e-04	1.83504e+00	4.50000e+01
9.60000e-04	1.45423e+00	4.50000e+01
1.52000e-03	1.28150e+00	4.50000e+01
2.08000e-03	1.17332e+00	4.50000e+01
2.64000e-03	1.09572e+00	4.50000e+01
4.00000e-03	8.20313e-01	2.20000e+01
9.60000e-03	6.27033e-01	2.20000e+01
1.52000e-02	5.35014e-01	2.20000e+01
2.08000e-02	4.75629e-01	2.20000e+01
2.64000e-02	4.31795e-01	2.20000e+01
4.00000e-04	1.83504e+00	4.50000e+01
9.60000e-04	1.45423e+00	4.50000e+01
1.52000e-03	1.28150e+00	4.50000e+01
2.08000e-03	1.17332e+00	4.50000e+01
2.64000e-03	1.09572e+00	4.50000e+01
4.60000e-04	1.76958e+00	4.50000e+01
1.10400e-03	1.39979e+00	4.50000e+01
1.74800e-03	1.23239e+00	4.50000e+01
2.39200e-03	1.12738e+00	4.50000e+01
3.03600e-03	1.05187e+00	4.50000e+01
5.50000e-04	1.68848e+00	4.50000e+01
1.32000e-03	1.33264e+00	4.50000e+01
2.09000e-03	1.17173e+00	4.50000e+01
2.86000e-03	1.07047e+00	4.50000e+01
3.63000e-03	9.97428e-01	4.50000e+01
1.57000e-04	1.97119e+00	2.70000e+01
3.76800e-04	1.60350e+00	2.70000e+01
5.96600e-04	1.43166e+00	2.70000e+01
8.16400e-04	1.32251e+00	2.70000e+01
1.03620e-03	1.24400e+00	2.70000e+01
6.50000e-04	1.61529e+00	4.50000e+01
1.56000e-03	1.27226e+00	4.50000e+01
2.47000e-03	1.11701e+00	4.50000e+01
3.38000e-03	1.01896e+00	4.50000e+01
4.29000e-03	9.48041e-01	4.50000e+01
1.67500e-04	1.94203e+00	2.70000e+01
4.02000e-04	1.57844e+00	2.70000e+01
6.36500e-04	1.40858e+00	2.70000e+01
8.71000e-04	1.30081e+00	2.70000e+01
1.10550e-03	1.22334e+00	2.70000e+01
6.50000e-04	1.61529e+00	4.50000e+01
1.56000e-03	1.27226e+00	4.50000e+01
2.47000e-03	1.11701e+00	4.50000e+01
3.38000e-03	1.01896e+00	4.50000e+01
4.29000e-03	9.48041e-01	4.50000e+01
1.77500e-04	1.91620e+00	2.70000e+01
4.26000e-04	1.55623e+00	2.70000e+01
6.74500e-04	1.38816e+00	2.70000e+01
9.23000e-04	1.28162e+00	2.70000e+01
1.17150e-03	1.20507e+00	2.70000e+01
1.00000e-03	1.43815e+00	4.50000e+01
2.40000e-03	1.12630e+00	4.50000e+01
3.80000e-03	9.83757e-01	4.50000e+01
5.20000e-03	8.92857e-01	4.50000e+01
6.60000e-03	8.26855e-01	4.50000e+01
2.05000e-04	1.85318e+00	2.70000e+01
4.92000e-04	1.50203e+00	2.70000e+01
7.79000e-04	1.33840e+00	2.70000e+01
1.06600e-03	1.23492e+00	2.70000e+01
1.35300e-03	1.16062e+00	2.70000e+01
1.60000e-03	1.26330e+00	4.50000e+01
3.84000e-03	9.80644e-01	4.50000e+01
6.08000e-03	8.49280e-01	4.50000e+01
8.32000e-03	7.65226e-01	4.50000e+01
1.05600e-02	7.04351e-01	4.50000e+01
2.05000e-04	1.85318e+00	2.70000e+01
4.92000e-04	1.50203e+00	2.70000e+01
7.79000e-04	1.33840e+00	2.70000e+01
1.06600e-03	1.23492e+00	2.70000e+01
1.35300e-03	1.16062e+00	2.70000e+01
2.50000e-03	1.11313e+00	4.50000e+01
6.00000e-03	8.52928e-01	4.50000e+01
9.50000e-03	7.31039e-01	4.50000e+01
1.30000e-02	6.53389e-01	4.50000e+01
1.65000e-02	5.97261e-01	4.50000e+01
2.50000e-04	1.76891e+00	2.70000e+01
6.00000e-04	1.42962e+00	2.70000e+01
9.50000e-04	1.27216e+00	2.70000e+01
1.30000e-03	1.17282e+00	2.70000e+01
1.65000e-03	1.10150e+00	2.70000e+01
4.00000e-03	9.68562e-01	4.50000e+01
9.60000e-03	7.28374e-01	4.50000e+01
1.52000e-02	6.16314e-01	4.50000e+01
2.08000e-02	5.44847e-01	4.50000e+01
2.64000e-02	4.92596e-01	4.50000e+01
2.50000e-04	1.76891e+00	2.70000e+01
6.00000e-04	1.42962e+00	2.70000e+01
9.50000e-04	1.27216e+00	2.70000e+01
1.30000e-03	1.17282e+00	2.70000e+01
1.65000e-03	1.10150e+00	2.70000e+01
4.00000e-04	1.58036e+00	2.70000e+01
9.60000e-04	1.26874e+00	2.70000e+01
1.52000e-03	1.12566e+00	2.70000e+01
2.08000e-03	1.03539e+00	2.70000e+01
2.64000e-03	9.70253e-01	2.70000e+01
4.00000e-04	1.58036e+00	2.70000e+01
9.60000e-04	1.26874e+00	2.70000e+01
1.52000e-03	1.12566e+00	2.70000e+01
2.08000e-03	1.03539e+00	2.70000e+01
2.64000e-03	9.70253e-01	2.70000e+01
6.50000e-04	1.40116e+00	2.70000e+01
1.56000e-03	1.11797e+00	2.70000e+01
2.47000e-03	9.88162e-01	2.70000e+01
3.38000e-03	9.05469e-01	2.70000e+01
4.29000e-03	8.45256e-01	2.70000e+01
1.00000e-03	1.25547e+00	2.70000e+01
2.40000e-03	9.95961e-01	2.70000e+01
3.80000e-03	8.75623e-01	2.70000e+01
5.20000e-03	7.98156e-01	2.70000e+01
6.60000e-03	7.41534e-01	2.70000e+01
4.00000e-04	1.98604e+00	6.00000e+01
9.60000e-04	1.56198e+00	6.00000e+01
1.52000e-03	1.37096e+00	6.00000e+01
2.08000e-03	1.25181e+00	6.00000e+01
2.64000e-03	1.16660e+00	6.00000e+01
1.60000e-03	1.11051e+00	2.70000e+01
3.84000e-03	8.72980e-01	2.70000e+01
6.08000e-03	7.60808e-01	2.70000e+01
8.32000e-03	6.88383e-01	2.70000e+01
1.05600e-02	6.35618e-01	2.70000e+01
4.30000e-04	1.94791e+00	6.00000e+01
1.03200e-03	1.53053e+00	6.00000e+01
1.63400e-03	1.34272e+00	6.00000e+01
2.23600e-03	1.22550e+00	6.00000e+01
2.83800e-03	1.14159e+00	6.00000e+01
2.50000e-03	9.84898e-01	2.70000e+01
6.00000e-03	7.63940e-01	2.70000e+01
9.50000e-03	6.58782e-01	2.70000e+01
1.30000e-02	5.91241e-01	2.70000e+01
1.65000e-02	5.42138e-01	2.70000e+01
4.70000e-04	1.90179e+00	6.00000e+01
1.12800e-03	1.49258e+00	6.00000e+01
1.78600e-03	1.30863e+00	6.00000e+01
2.44400e-03	1.19370e+00	6.00000e+01
3.10200e-03	1.11132e+00	6.00000e+01
4.00000e-03	8.62715e-01	2.70000e+01
9.60000e-03	6.56472e-01	2.70000e+01
1.52000e-02	5.58835e-01	2.70000e+01
2.08000e-02	4.96041e-01	2.70000e+01
2.64000e-02	4.49817e-01	2.70000e+01
5.50000e-04	1.82237e+00	6.00000e+01
1.32000e-03	1.42742e+00	6.00000e+01
2.09000e-03	1.25005e+00	6.00000e+01
2.86000e-03	1.13894e+00	6.00000e+01
3.63000e-03	1.05909e+00	6.00000e+01
6.50000e-04	1.74085e+00	6.00000e+01
1.56000e-03	1.36076e+00	6.00000e+01
2.47000e-03	1.18996e+00	6.00000e+01
3.38000e-03	1.08260e+00	6.00000e+01
4.29000e-03	1.00525e+00	6.00000e+01
6.50000e-04	1.74085e+00	6.00000e+01
1.56000e-03	1.36076e+00	6.00000e+01
2.47000e-03	1.18996e+00	6.00000e+01
3.38000e-03	1.08260e+00	6.00000e+01
4.29000e-03	1.00525e+00	6.00000e+01
7.50000e-04	1.67337e+00	6.00000e+01
1.80000e-03	1.30568e+00	6.00000e+01
2.85000e-03	1.14014e+00	6.00000e+01
3.90000e-03	1.03577e+00	6.00000e+01
4.95000e-03	9.60421e-01	6.00000e+01
2.30000e-04	1.95729e+00	3.50000e+01
5.52000e-04	1.57339e+00	3.50000e+01
8.74000e-04	1.39612e+00	3.50000e+01
1.19600e-03	1.28456e+00	3.50000e+01
1.51800e-03	1.20468e+00	3.50000e+01
1.00000e-03	1.54417e+00	6.00000e+01
2.40000e-03	1.20015e+00	6.00000e+01
3.80000e-03	1.04417e+00	6.00000e+01
5.20000e-03	9.45249e-01	6.00000e+01
6.60000e-03	8.73700e-01	6.00000e+01
2.50000e-04	1.91804e+00	3.50000e+01
6.00000e-04	1.54000e+00	3.50000e+01
9.50000e-04	1.36572e+00	3.50000e+01
1.30000e-03	1.25616e+00	3.50000e+01
1.65000e-03	1.17770e+00	3.50000e+01
1.60000e-03	1.35088e+00	6.00000e+01
3.84000e-03	1.04078e+00	6.00000e+01
6.08000e-03	8.97984e-01	6.00000e+01
8.32000e-03	8.07102e-01	6.00000e+01
1.05600e-02	7.41510e-01	6.00000e+01
2.65500e-04	1.89009e+00	3.50000e+01
6.37200e-04	1.51624e+00	3.50000e+01
1.00890e-03	1.34413e+00	3.50000e+01
1.38060e-03	1.23598e+00	3.50000e+01
1.75230e-03	1.15852e+00	3.50000e+01
2.50000e-03	1.18570e+00	6.00000e+01
6.00000e-03	9.01937e-01	6.00000e+01
9.50000e-03	7.70243e-01	6.00000e+01
1.30000e-02	6.86746e-01	6.00000e+01
1.65000e-02	6.26590e-01	6.00000e+01
2.87000e-04	1.85435e+00	3.50000e+01
6.88800e-04	1.48591e+00	3.50000e+01
1.09060e-03	1.31659e+00	3.50000e+01
1.49240e-03	1.21025e+00	3.50000e+01
1.89420e-03	1.13404e+00	3.50000e+01
4.00000e-03	1.02761e+00	6.00000e+01
9.60000e-03	7.67372e-01	6.00000e+01
1.52000e-02	6.46991e-01	6.00000e+01
2.08000e-02	5.70580e-01	6.00000e+01
2.64000e-02	5.14929e-01	6.00000e+01
3.08000e-04	1.82238e+00	3.50000e+01
7.39200e-04	1.45882e+00	3.50000e+01
1.17040e-03	1.29202e+00	3.50000e+01
1.60160e-03	1.18728e+00	3.50000e+01
2.03280e-03	1.11218e+00	3.50000e+01
3.28500e-04	1.79355e+00	3.50000e+01
7.88400e-04	1.43444e+00	3.50000e+01
1.24830e-03	1.26992e+00	3.50000e+01
1.70820e-03	1.16661e+00	3.50000e+01
2.16810e-03	1.09250e+00	3.50000e+01
4.00000e-04	1.70752e+00	3.50000e+01
9.60000e-04	1.36195e+00	3.50000e+01
1.52000e-03	1.20425e+00	3.50000e+01
2.08000e-03	1.10514e+00	3.50000e+01
2.64000e-03	1.03383e+00	3.50000e+01
4.00000e-04	1.70752e+00	3.50000e+01
9.60000e-04	1.36195e+00	3.50000e+01
1.52000e-03	1.20425e+00	3.50000e+01
2.08000e-03	1.10514e+00	3.50000e+01
2.64000e-03	1.03383e+00	3.50000e+01
5.00000e-04	1.61373e+00	3.50000e+01
1.20000e-03	1.28341e+00	3.50000e+01
1.90000e-03	1.13309e+00	3.50000e+01
2.60000e-03	1.03831e+00	3.50000e+01
3.30000e-03	9.69838e-01	3.50000e+01
6.50000e-04	1.50845e+00	3.50000e+01
1.56000e-03	1.19580e+00	3.50000e+01
2.47000e-03	1.05342e+00	3.50000e+01
3.38000e-03	9.63113e-01	3.50000e+01
4.29000e-03	8.97576e-01	3.50000e+01
4.61000e-04	1.99029e+00	7.00000e+01
1.10640e-03	1.55595e+00	7.00000e+01
1.75180e-03	1.36138e+00	7.00000e+01
2.39720e-03	1.24012e+00	7.00000e+01
3.04260e-03	1.15338e+00	7.00000e+01
5.00000e-04	1.94630e+00	7.00000e+01
1.20000e-03	1.51998e+00	7.00000e+01
1.90000e-03	1.32914e+00	7.00000e+01
2.60000e-03	1.21008e+00	7.00000e+01
3.30000e-03	1.12481e+00	7.00000e+01
5.50000e-04	1.89566e+00	7.00000e+01
1.32000e-03	1.47866e+00	7.00000e+01
2.09000e-03	1.29208e+00	7.00000e+01
2.86000e-03	1.17548e+00	7.00000e+01
3.63000e-03	1.09185e+00	7.00000e+01
6.20000e-04	1.83349e+00	7.00000e+01
1.48800e-03	1.42805e+00	7.00000e+01
2.35600e-03	1.24660e+00	7.00000e+01
3.22400e-03	1.13296e+00	7.00000e+01
4.09200e-03	1.05130e+00	7.00000e+01
6.50000e-04	1.80943e+00	7.00000e+01
1.56000e-03	1.40848e+00	7.00000e+01
2.47000e-03	1.22899e+00	7.00000e+01
3.38000e-03	1.11647e+00	7.00000e+01
4.29000e-03	1.03556e+00	7.00000e+01
6.50000e-04	1.80943e+00	7.00000e+01
1.56000e-03	1.40848e+00	7.00000e+01
2.47000e-03	1.22899e+00	7.00000e+01
3.38000e-03	1.11647e+00	7.00000e+01
4.29000e-03	1.03556e+00	7.00000e+01
1.00000e-03	1.60171e+00	7.00000e+01
2.40000e-03	1.23968e+00	7.00000e+01
3.80000e-03	1.07625e+00	7.00000e+01
5.20000e-03	9.72900e-01	7.00000e+01
6.60000e-03	8.98309e-01	7.00000e+01
1.00000e-03	1.60171e+00	7.00000e+01
2.40000e-03	1.23968e+00	7.00000e+01
3.80000e-03	1.07625e+00	7.00000e+01
5.20000e-03	9.72900e-01	7.00000e+01
6.60000e-03	8.98309e-01	7.00000e+01
1.25000e-03	1.50217e+00	7.00000e+01
3.00000e-03	1.15839e+00	7.00000e+01
4.75000e-03	1.00210e+00	7.00000e+01
6.50000e-03	9.02986e-01	7.00000e+01
8.25000e-03	8.31473e-01	7.00000e+01
1.60000e-03	1.39809e+00	7.00000e+01
3.84000e-03	1.07270e+00	7.00000e+01
6.08000e-03	9.23610e-01	7.00000e+01
8.32000e-03	8.28999e-01	7.00000e+01
1.05600e-02	7.60846e-01	7.00000e+01
2.50000e-03	1.22452e+00	7.00000e+01
6.00000e-03	9.27730e-01	7.00000e+01
9.50000e-03	7.90687e-01	7.00000e+01
1.30000e-02	7.04025e-01	7.00000e+01
1.65000e-02	6.41699e-01	7.00000e+01
4.00000e-03	1.05892e+00	7.00000e+01
9.60000e-03	7.87704e-01	7.00000e+01
1.52000e-02	6.62825e-01	7.00000e+01
2.08000e-02	5.83761e-01	7.00000e+01
2.64000e-02	5.26295e-01	7.00000e+01
6.50000e-04	1.92290e+00	9.00000e+01
1.56000e-03	1.48651e+00	9.00000e+01
2.47000e-03	1.29235e+00	9.00000e+01
3.38000e-03	1.17114e+00	9.00000e+01
4.29000e-03	1.08428e+00	9.00000e+01
7.50000e-04	1.84503e+00	9.00000e+01
1.80000e-03	1.42373e+00	9.00000e+01
2.85000e-03	1.23601e+00	9.00000e+01
3.90000e-03	1.11850e+00	9.00000e+01
4.95000e-03	1.03414e+00	9.00000e+01
1.00000e-03	1.69641e+00	9.00000e+01
2.40000e-03	1.30388e+00	9.00000e+01
3.80000e-03	1.12794e+00	9.00000e+01
5.20000e-03	1.01720e+00	9.00000e+01
6.60000e-03	9.37565e-01	9.00000e+01
1.00000e-03	1.69641e+00	9.00000e+01
2.40000e-03	1.30388e+00	9.00000e+01
3.80000e-03	1.12794e+00	9.00000e+01
5.20000e-03	1.01720e+00	9.00000e+01
6.60000e-03	9.37565e-01	9.00000e+01
1.60000e-03	1.47524e+00	9.00000e+01
3.84000e-03	1.12412e+00	9.00000e+01
6.08000e-03	9.64552e-01	9.00000e+01
8.32000e-03	8.63774e-01	9.00000e+01
1.05600e-02	7.91406e-01	9.00000e+01
2.50000e-03	1.28752e+00	9.00000e+01
6.00000e-03	9.68949e-01	9.00000e+01
9.50000e-03	8.23069e-01	9.00000e+01
1.30000e-02	7.31216e-01	9.00000e+01
1.65000e-02	6.65348e-01	9.00000e+01
4.00000e-03	1.10934e+00	9.00000e+01
9.60000e-03	8.19903e-01	9.00000e+01
1.52000e-02	6.87656e-01	9.00000e+01
2.08000e-02	6.04276e-01	9.00000e+01
2.64000e-02	5.43877e-01	9.00000e+01
