8.17061e-02	7.91233e-02	9.66483e-03	6.21000e-07	4.50000e-02
2.83492e-01	2.82262e-01	1.06043e-02	6.62000e-05	3.50000e-01
1.09181e-01	1.10003e-01	1.19329e-02	8.97000e-07	6.50000e-02
2.65149e-01	2.57294e-01	9.04429e-03	1.30000e-04	3.50000e-01
1.08350e-01	1.10756e-01	1.08323e-02	1.02000e-06	6.50000e-02
2.51238e-01	2.39808e-01	9.35532e-03	2.20000e-04	3.50000e-01
1.34157e-01	1.34911e-01	1.29533e-02	1.17000e-06	8.50000e-02
2.30125e-01	2.39740e-01	9.04092e-03	5.00000e-04	3.50000e-01
1.33020e-01	1.29230e-01	8.78701e-03	1.34000e-06	8.50000e-02
1.90198e-01	2.01288e-01	2.23999e-02	2.51000e-03	3.50000e-01
1.31758e-01	1.25442e-01	8.93851e-03	1.56000e-06	8.50000e-02
3.75959e-01	3.52547e-01	1.81799e-02	8.83000e-06	4.00000e-01
1.62755e-01	1.63905e-01	1.60768e-02	1.51000e-06	1.10000e-01
3.68285e-01	3.70726e-01	1.35458e-02	1.10000e-05	4.00000e-01
1.61293e-01	1.64788e-01	9.31280e-03	1.73000e-06	1.10000e-01
3.61742e-01	3.56823e-01	1.21199e-02	1.33000e-05	4.00000e-01
1.59642e-01	1.56259e-01	6.27389e-03	2.02000e-06	1.10000e-01
3.53398e-01	3.54683e-01	1.03375e-02	1.70000e-05	4.00000e-01
1.57695e-01	1.49103e-01	8.33250e-03	2.43000e-06	1.10000e-01
3.44767e-01	3.35076e-01	9.62452e-03	2.20000e-05	4.00000e-01
2.03852e-01	2.25780e-01	1.89821e-02	2.07000e-06	1.50000e-01
3.27931e-01	3.29724e-01	1.39019e-02	3.68000e-05	4.00000e-01
2.01954e-01	1.98109e-01	9.62471e-03	2.36000e-06	1.50000e-01
3.00376e-01	3.20083e-01	1.17625e-02	8.83000e-05	4.00000e-01
1.99708e-01	1.99713e-01	7.21853e-03	2.76000e-06	1.50000e-01
2.79531e-01	2.87265e-01	1.06923e-02	1.76000e-04	4.00000e-01
1.97129e-01	1.99980e-01	6.55014e-03	3.31000e-06	1.50000e-01
2.64470e-01	2.76540e-01	1.06910e-02	2.94000e-04	4.00000e-01
1.93992e-01	1.86478e-01	6.28279e-03	4.14000e-06	1.50000e-01
2.42673e-01	2.60059e-01	1.06874e-02	6.31000e-04	4.00000e-01
1.91323e-01	1.85275e-01	1.04267e-02	5.02000e-06	1.50000e-01
4.46852e-01	4.48260e-01	4.50042e-02	7.32000e-06	5.00000e-01
2.46961e-01	2.48460e-01	1.28329e-02	3.15000e-06	2.00000e-01
4.39787e-01	4.59399e-01	5.16879e-02	8.60000e-06	5.00000e-01
2.44028e-01	2.45608e-01	9.26823e-03	3.68000e-06	2.00000e-01
4.13826e-01	4.28650e-01	2.04968e-02	1.58000e-05	5.00000e-01
2.40652e-01	2.38835e-01	7.48587e-03	4.41000e-06	2.00000e-01
4.01658e-01	3.91219e-01	1.29218e-02	2.12000e-05	5.00000e-01
2.36514e-01	2.34557e-01	6.77292e-03	5.52000e-06	2.00000e-01
3.90935e-01	3.77849e-01	1.20306e-02	2.76000e-05	5.00000e-01
2.33013e-01	2.27249e-01	6.05998e-03	6.69000e-06	2.00000e-01
3.76353e-01	3.64478e-01	1.60406e-02	3.98000e-05	5.00000e-01
2.28727e-01	2.23862e-01	6.77290e-03	8.49000e-06	2.00000e-01
3.41072e-01	3.48416e-01	1.02475e-02	1.00000e-04	5.00000e-01
2.24130e-01	2.07999e-01	9.08992e-03	1.10000e-05	2.00000e-01
3.07676e-01	3.07825e-01	8.90955e-03	2.51000e-04	5.00000e-01
2.02141e-01	2.11557e-01	4.36660e-02	3.98000e-05	2.00000e-01
2.94279e-01	3.00216e-01	9.79935e-03	3.68000e-04	5.00000e-01
1.72496e-01	1.79616e-01	2.76196e-02	2.51000e-04	2.00000e-01
2.67876e-01	2.86729e-01	8.90462e-03	8.00000e-04	5.00000e-01
2.87150e-01	2.77601e-01	1.62640e-02	3.94000e-06	2.50000e-01
2.22763e-01	1.82094e-01	2.39831e-02	3.20000e-03	5.00000e-01
2.83548e-01	2.79160e-01	1.13625e-02	4.60000e-06	2.50000e-01
5.19344e-01	4.90055e-01	3.07008e-02	9.52000e-06	6.50000e-01
2.79353e-01	2.81388e-01	9.13453e-03	5.52000e-06	2.50000e-01
5.10412e-01	5.35236e-01	3.41763e-02	1.12000e-05	6.50000e-01
2.74282e-01	2.74704e-01	8.02055e-03	6.90000e-06	2.50000e-01
4.91860e-01	4.69778e-01	3.07006e-02	1.58000e-05	6.50000e-01
2.69974e-01	2.66015e-01	7.79775e-03	8.36000e-06	2.50000e-01
4.89879e-01	5.16697e-01	4.34443e-02	1.64000e-05	6.50000e-01
2.64712e-01	2.59999e-01	6.90656e-03	1.06000e-05	2.50000e-01
4.44305e-01	4.73242e-01	1.85358e-02	3.98000e-05	6.50000e-01
2.58944e-01	2.48858e-01	6.90654e-03	1.38000e-05	2.50000e-01
4.24318e-01	4.16468e-01	2.14316e-02	5.98000e-05	6.50000e-01
2.48000e-01	2.43063e-01	9.57995e-03	2.30000e-05	2.50000e-01
3.99866e-01	4.08921e-01	1.56386e-02	1.00000e-04	6.50000e-01
2.36550e-01	2.35930e-01	1.11393e-02	3.98000e-05	2.50000e-01
3.58154e-01	3.60792e-01	1.21615e-02	2.51000e-04	6.50000e-01
2.16034e-01	1.99157e-01	1.00247e-02	1.10000e-04	2.50000e-01
3.30394e-01	3.32339e-01	1.21588e-02	4.78000e-04	6.50000e-01
1.99954e-01	1.95787e-01	1.02460e-02	2.51000e-04	2.50000e-01
3.08972e-01	3.18340e-01	9.83961e-03	8.00000e-04	6.50000e-01
1.91340e-01	1.94200e-01	1.15807e-02	3.94000e-04	2.50000e-01
2.54044e-01	2.23446e-01	1.50119e-02	3.20000e-03	6.50000e-01
1.65347e-01	1.97522e-01	2.49127e-02	1.58000e-03	2.50000e-01
6.00395e-01	5.88572e-01	2.80272e-02	1.24000e-05	8.50000e-01
3.59420e-01	3.47157e-01	1.99623e-02	5.12000e-06	3.50000e-01
5.93035e-01	6.55988e-01	8.55965e-02	1.38000e-05	8.50000e-01
3.59420e-01	4.51335e-01	1.16031e-01	5.12000e-06	3.50000e-01
5.68005e-01	6.22654e-01	2.27246e-02	2.00000e-05	8.50000e-01
3.53841e-01	3.68678e-01	5.20891e-02	6.10000e-06	3.50000e-01
5.68005e-01	6.23412e-01	3.71169e-02	2.00000e-05	8.50000e-01
3.51257e-01	3.35616e-01	1.15407e-02	6.62000e-06	3.50000e-01
5.23535e-01	5.60529e-01	1.96943e-02	3.98000e-05	8.50000e-01
3.44260e-01	3.33744e-01	1.06049e-02	8.28000e-06	3.50000e-01
5.09321e-01	5.42344e-01	3.18135e-02	5.00000e-05	8.50000e-01
3.38435e-01	3.47467e-01	9.98110e-03	1.00000e-05	3.50000e-01
4.67671e-01	5.02931e-01	3.10545e-02	1.00000e-04	8.50000e-01
3.31156e-01	3.25009e-01	9.04535e-03	1.27000e-05	3.50000e-01
4.15715e-01	3.96831e-01	2.87778e-02	2.51000e-04	8.50000e-01
3.23304e-01	3.13779e-01	8.73341e-03	1.65000e-05	3.50000e-01
3.55162e-01	3.49685e-01	1.96792e-02	8.00000e-04	8.50000e-01
3.03952e-01	2.95996e-01	1.21642e-02	3.20000e-05	3.50000e-01
2.88593e-01	3.07304e-01	1.66110e-02	3.20000e-03	8.50000e-01
7.12281e-01	6.37360e-01	2.88737e-02	1.76000e-05	1.20000e+00
8.92616e-01	9.11870e-01	1.44359e-02	8.00000e-05	2.70000e+00
7.00781e-01	7.03661e-01	2.78042e-02	2.00000e-05	1.20000e+00
8.92616e-01	9.35930e-01	3.60899e-02	8.00000e-05	2.70000e+00
7.00781e-01	7.94559e-01	8.34127e-02	2.00000e-05	1.20000e+00
8.24728e-01	8.10778e-01	1.20294e-02	1.30000e-04	2.70000e+00
6.59656e-01	6.80126e-01	2.35264e-02	3.20000e-05	1.20000e+00
7.67883e-01	7.84259e-01	1.68399e-02	2.00000e-04	2.70000e+00
6.59656e-01	6.97236e-01	2.45957e-02	3.20000e-05	1.20000e+00
7.09299e-01	6.99975e-01	1.44325e-02	3.20000e-04	2.70000e+00
6.03307e-01	6.51232e-01	1.71096e-02	6.31000e-05	1.20000e+00
6.56813e-01	6.44534e-01	1.20249e-02	5.00000e-04	2.70000e+00
5.84427e-01	5.95616e-01	1.92479e-02	8.00000e-05	1.20000e+00
6.04645e-01	5.93851e-01	1.44255e-02	8.00000e-04	2.70000e+00
5.47053e-01	5.43192e-01	3.10090e-02	1.30000e-04	1.20000e+00
5.53865e-01	5.67120e-01	1.20152e-02	1.30000e-03	2.70000e+00
5.32497e-01	5.32484e-01	1.49694e-02	1.58000e-04	1.20000e+00
5.11206e-01	4.80272e-01	1.44081e-02	2.00000e-03	2.70000e+00
4.66944e-01	4.92804e-01	2.13798e-02	3.98000e-04	1.20000e+00
4.26565e-01	4.52480e-01	1.19704e-02	5.00000e-03	2.70000e+00
3.90412e-01	3.71671e-01	1.70883e-02	1.30000e-03	1.20000e+00
3.11193e-01	2.97917e-01	1.59598e-02	5.00000e-03	1.20000e+00
1.13448e+00	1.00744e+00	7.79750e-02	4.06000e-05	3.50000e+00
8.07539e-01	6.99117e-01	8.28781e-02	1.85000e-05	1.50000e+00
1.12279e+00	1.06670e+00	7.79748e-02	4.32000e-05	3.50000e+00
7.88895e-01	7.53921e-01	2.40613e-02	2.20000e-05	1.50000e+00
1.11106e+00	1.13531e+00	4.99037e-02	4.60000e-05	3.50000e+00
7.49681e-01	7.77974e-01	2.40611e-02	3.20000e-05	1.50000e+00
1.09129e+00	1.06357e+00	4.36655e-02	5.12000e-05	3.50000e+00
7.49681e-01	8.52831e-01	5.07956e-02	3.20000e-05	1.50000e+00
1.08463e+00	9.85591e-01	4.05465e-02	5.31000e-05	3.50000e+00
7.04867e-01	7.68603e-01	2.00505e-02	5.00000e-05	1.50000e+00
1.07082e+00	1.14465e+00	6.54979e-02	5.73000e-05	3.50000e+00
6.59799e-01	7.01747e-01	2.00499e-02	8.00000e-05	1.50000e+00
1.01194e+00	9.91803e-01	2.18321e-02	8.00000e-05	3.50000e+00
6.15430e-01	6.46912e-01	2.13855e-02	1.30000e-04	1.50000e+00
1.01194e+00	1.03547e+00	2.49510e-02	8.00000e-05	3.50000e+00
5.77837e-01	6.12117e-01	2.40570e-02	2.00000e-04	1.50000e+00
9.30970e-01	9.29379e-01	1.24749e-02	1.30000e-04	3.50000e+00
5.38632e-01	5.77299e-01	1.87088e-02	3.20000e-04	1.50000e+00
8.63527e-01	8.57588e-01	1.24740e-02	2.00000e-04	3.50000e+00
5.03070e-01	5.47801e-01	4.27552e-02	5.00000e-04	1.50000e+00
7.94390e-01	7.92004e-01	1.24725e-02	3.20000e-04	3.50000e+00
4.67274e-01	4.90201e-01	1.86998e-02	8.00000e-04	1.50000e+00
7.32786e-01	7.51333e-01	1.24703e-02	5.00000e-04	3.50000e+00
4.50841e-01	4.62058e-01	3.07149e-02	1.00000e-03	1.50000e+00
6.71896e-01	6.60725e-01	1.24665e-02	8.00000e-04	3.50000e+00
3.70237e-01	4.10397e-01	1.46570e-02	3.20000e-03	1.50000e+00
6.12975e-01	6.23013e-01	1.24603e-02	1.30000e-03	3.50000e+00
4.31955e-01	3.28416e-01	2.26954e-02	1.30000e-03	1.50000e+00
5.63764e-01	5.69656e-01	9.33863e-03	2.00000e-03	3.50000e+00
9.13291e-01	8.92939e-01	7.48572e-02	2.47000e-05	2.00000e+00
4.20285e-01	4.61002e-01	9.28192e-03	8.00000e-03	3.50000e+00
8.90860e-01	8.60854e-01	2.31700e-02	2.93000e-05	2.00000e+00
1.22703e+00	1.12684e+00	8.82221e-02	5.22000e-05	4.50000e+00
8.76666e-01	9.35707e-01	4.81221e-02	3.27000e-05	2.00000e+00
1.19999e+00	1.13084e+00	4.81208e-02	5.92000e-05	4.50000e+00
8.23386e-01	8.43013e-01	2.31695e-02	5.00000e-05	2.00000e+00
1.19087e+00	1.11079e+00	7.61911e-02	6.18000e-05	4.50000e+00
8.23386e-01	8.80441e-01	2.49518e-02	5.00000e-05	2.00000e+00
1.16987e+00	1.19900e+00	3.60903e-02	6.83000e-05	4.50000e+00
7.67310e-01	7.68135e-01	1.60399e-02	8.00000e-05	2.00000e+00
1.15550e+00	1.11478e+00	3.60901e-02	7.32000e-05	4.50000e+00
7.12423e-01	7.25325e-01	1.60391e-02	1.30000e-04	2.00000e+00
1.13277e+00	1.15487e+00	1.80449e-01	8.18000e-05	4.50000e+00
6.66183e-01	6.78942e-01	1.42560e-02	2.00000e-04	2.00000e+00
1.13277e+00	1.22304e+00	4.00998e-02	8.18000e-05	4.50000e+00
6.18240e-01	6.27189e-01	1.60361e-02	3.20000e-04	2.00000e+00
1.04192e+00	1.04254e+00	2.40587e-02	1.30000e-04	4.50000e+00
5.75013e-01	5.75413e-01	1.60332e-02	5.00000e-04	2.00000e+00
1.04192e+00	1.04254e+00	2.00489e-02	1.30000e-04	4.50000e+00
5.12014e-01	5.09244e-01	1.24640e-02	1.00000e-03	2.00000e+00
9.62890e-01	9.70300e-01	1.60380e-02	2.00000e-04	4.50000e+00
4.16053e-01	4.26389e-01	1.24364e-02	3.20000e-03	2.00000e+00
8.82288e-01	8.98021e-01	1.20271e-02	3.20000e-04	4.50000e+00
4.89387e-01	3.61347e-01	1.95804e-02	1.30000e-03	2.00000e+00
8.10843e-01	7.97652e-01	1.20249e-02	5.00000e-04	4.50000e+00
1.03826e+00	1.11884e+00	6.25588e-02	3.09000e-05	2.70000e+00
7.40600e-01	7.21277e-01	1.20213e-02	8.00000e-04	4.50000e+00
1.01105e+00	1.03703e+00	3.60914e-02	3.66000e-05	2.70000e+00
6.73008e-01	6.64844e-01	1.20153e-02	1.30000e-03	4.50000e+00
9.93513e-01	1.07311e+00	9.62434e-02	4.09000e-05	2.70000e+00
6.16864e-01	6.16350e-01	1.20068e-02	2.00000e-03	4.50000e+00
9.93513e-01	1.15251e+00	8.90251e-02	4.09000e-05	2.70000e+00
5.59205e-01	5.71634e-01	1.19923e-02	3.20000e-03	4.50000e+00
9.62406e-01	9.57613e-01	2.40606e-02	5.00000e-05	2.70000e+00
9.62406e-01	9.86486e-01	2.88728e-02	5.00000e-05	2.70000e+00
1.35370e+00	1.35538e+00	1.04260e-01	7.54000e-05	6.50000e+00
1.53034e+00	1.53974e+00	5.34633e-02	1.39200e-04	1.20000e+01
1.33748e+00	1.28008e+00	7.52986e-02	8.03000e-05	6.50000e+00
1.48302e+00	1.45417e+00	8.55394e-02	1.61000e-04	1.20000e+01
1.32147e+00	1.26848e+00	5.21295e-02	8.55000e-05	6.50000e+00
1.48302e+00	1.52902e+00	3.20773e-02	1.61000e-04	1.20000e+01
1.29444e+00	1.21055e+00	5.21290e-02	9.52000e-05	6.50000e+00
1.44416e+00	1.42206e+00	4.27688e-02	1.82000e-04	1.20000e+01
1.28572e+00	1.30322e+00	4.05446e-02	9.86000e-05	6.50000e+00
1.41488e+00	1.38996e+00	3.20760e-02	2.00000e-04	1.20000e+01
1.28572e+00	1.33218e+00	6.37130e-02	9.86000e-05	6.50000e+00
1.41488e+00	1.42204e+00	4.27680e-02	2.00000e-04	1.20000e+01
1.21873e+00	1.16997e+00	2.31676e-02	1.30000e-04	6.50000e+00
1.27660e+00	1.25081e+00	2.13814e-02	3.20000e-04	1.20000e+01
1.21873e+00	1.25684e+00	2.89595e-02	1.30000e-04	6.50000e+00
1.27660e+00	1.26151e+00	2.13814e-02	3.20000e-04	1.20000e+01
1.12026e+00	1.13513e+00	1.73745e-02	2.00000e-04	6.50000e+00
1.15635e+00	1.15439e+00	1.06888e-02	5.00000e-04	1.20000e+01
1.12026e+00	1.14093e+00	2.31660e-02	2.00000e-04	6.50000e+00
1.04038e+00	1.04719e+00	1.06856e-02	8.00000e-04	1.20000e+01
1.02057e+00	1.00760e+00	1.15816e-02	3.20000e-04	6.50000e+00
9.31024e-01	9.39861e-01	1.06802e-02	1.30000e-03	1.20000e+01
9.32854e-01	9.37942e-01	1.73693e-02	5.00000e-04	6.50000e+00
8.41980e-01	8.53820e-01	1.06727e-02	2.00000e-03	1.20000e+01
8.47258e-01	8.50840e-01	1.15761e-02	8.00000e-04	6.50000e+00
7.52362e-01	7.56852e-01	1.06599e-02	3.20000e-03	1.20000e+01
7.65541e-01	7.57852e-01	1.15703e-02	1.30000e-03	6.50000e+00
6.73477e-01	6.80998e-01	1.06406e-02	5.00000e-03	1.20000e+01
6.98188e-01	6.93728e-01	1.15621e-02	2.00000e-03	6.50000e+00
6.29557e-01	6.40924e-01	1.15482e-02	3.20000e-03	6.50000e+00
1.58109e+00	1.60384e+00	6.68268e-02	1.74000e-04	1.50000e+01
5.68338e-01	5.76362e-01	1.15272e-02	5.00000e-03	6.50000e+00
1.53239e+00	1.49688e+00	8.01901e-02	2.00000e-04	1.50000e+01
1.53239e+00	1.57707e+00	5.34600e-02	2.00000e-04	1.50000e+01
1.48778e+00	1.45675e+00	4.00939e-02	2.28000e-04	1.50000e+01
1.43710e+00	1.40124e+00	5.30199e-02	9.86000e-05	8.50000e+00
1.46245e+00	1.51018e+00	4.00932e-02	2.46000e-04	1.50000e+01
1.41895e+00	1.39366e+00	8.33165e-02	1.05000e-04	8.50000e+00
1.37770e+00	1.36307e+00	2.67268e-02	3.20000e-04	1.50000e+01
1.40053e+00	1.35578e+00	5.30192e-02	1.12000e-04	8.50000e+00
1.37770e+00	1.36307e+00	2.67268e-02	3.20000e-04	1.50000e+01
1.37191e+00	1.40121e+00	4.54445e-02	1.24000e-04	8.50000e+00
1.24373e+00	1.22921e+00	1.33610e-02	5.00000e-04	1.50000e+01
1.36093e+00	1.35575e+00	3.78702e-02	1.29000e-04	8.50000e+00
1.11506e+00	1.10863e+00	1.33570e-02	8.00000e-04	1.50000e+01
1.34040e+00	1.31030e+00	6.81657e-02	1.39000e-04	8.50000e+00
9.94242e-01	9.74572e-01	1.33503e-02	1.30000e-03	1.50000e+01
1.34040e+00	1.36331e+00	8.33136e-02	1.39000e-04	8.50000e+00
8.96288e-01	8.67161e-01	1.33409e-02	2.00000e-03	1.50000e+01
1.24415e+00	1.23448e+00	2.27205e-02	2.00000e-04	8.50000e+00
7.98132e-01	7.86168e-01	1.33249e-02	3.20000e-03	1.50000e+01
1.24415e+00	1.26478e+00	2.27205e-02	2.00000e-04	8.50000e+00
7.12139e-01	7.18241e-01	1.33008e-02	5.00000e-03	1.50000e+01
1.12867e+00	1.12074e+00	1.51452e-02	3.20000e-04	8.50000e+00
6.27740e-01	6.36506e-01	1.32605e-02	8.00000e-03	1.50000e+01
1.02761e+00	1.01455e+00	1.51425e-02	5.00000e-04	8.50000e+00
9.29491e-01	9.30982e-01	1.51379e-02	8.00000e-04	8.50000e+00
1.61603e+00	1.63586e+00	6.41515e-02	2.09000e-04	1.80000e+01
8.36339e-01	8.39734e-01	1.51303e-02	1.30000e-03	8.50000e+00
1.56958e+00	1.57167e+00	4.81123e-02	2.37000e-04	1.80000e+01
7.59977e-01	7.71106e-01	1.51197e-02	2.00000e-03	8.50000e+00
1.52532e+00	1.49143e+00	8.01846e-02	2.68000e-04	1.80000e+01
6.82593e-01	6.64466e-01	1.51015e-02	3.20000e-03	8.50000e+00
1.52532e+00	1.50747e+00	3.20738e-02	2.68000e-04	1.80000e+01
6.13971e-01	6.33114e-01	1.50741e-02	5.00000e-03	8.50000e+00
1.45500e+00	1.45927e+00	3.20719e-02	3.28000e-04	1.80000e+01
1.45500e+00	1.47531e+00	3.20719e-02	3.28000e-04	1.80000e+01
1.44831e+00	1.39006e+00	8.91063e-02	1.30000e-04	1.00000e+01
1.31744e+00	1.29869e+00	3.20664e-02	5.00000e-04	1.80000e+01
1.32299e+00	1.32759e+00	4.45500e-02	2.00000e-04	1.00000e+01
1.31744e+00	1.31472e+00	1.60332e-02	5.00000e-04	1.80000e+01
1.19713e+00	1.15816e+00	2.67268e-02	3.20000e-04	1.00000e+01
1.17766e+00	1.17007e+00	1.60284e-02	8.00000e-04	1.80000e+01
1.08732e+00	1.06888e+00	2.67220e-02	5.00000e-04	1.00000e+01
1.04688e+00	1.04132e+00	1.60204e-02	1.30000e-03	1.80000e+01
9.81047e-01	9.79512e-01	2.67140e-02	8.00000e-04	1.00000e+01
9.41212e-01	9.44538e-01	1.60091e-02	2.00000e-03	1.80000e+01
8.80477e-01	8.90020e-01	2.67006e-02	1.30000e-03	1.00000e+01
8.35699e-01	8.31473e-01	1.59899e-02	3.20000e-03	1.80000e+01
7.98297e-01	8.00456e-01	2.66819e-02	2.00000e-03	1.00000e+01
7.43616e-01	7.50164e-01	1.59609e-02	5.00000e-03	1.80000e+01
6.41937e-01	6.29568e-01	8.86715e-03	5.00000e-03	1.00000e+01
6.53620e-01	6.68333e-01	1.59127e-02	8.00000e-03	1.80000e+01
1.59853e+00	1.63074e+00	5.09606e-02	2.90000e-04	2.20000e+01
1.10724e+00	1.10196e+00	1.24515e-02	2.00000e-03	3.50000e+01
1.56107e+00	1.58169e+00	5.29191e-02	3.20000e-04	2.20000e+01
9.71854e-01	9.63834e-01	1.24366e-02	3.20000e-03	3.50000e+01
1.53298e+00	1.53266e+00	3.52785e-02	3.45000e-04	2.20000e+01
8.55368e-01	8.50365e-01	9.31057e-03	5.00000e-03	3.50000e+01
1.49002e+00	1.48163e+00	2.93975e-02	3.88000e-04	2.20000e+01
7.43286e-01	7.45691e-01	9.28246e-03	8.00000e-03	3.50000e+01
1.40091e+00	1.39524e+00	4.89903e-02	5.00000e-04	2.20000e+01
1.40091e+00	1.42856e+00	2.74346e-02	5.00000e-04	2.20000e+01
1.34421e+00	1.35593e+00	2.54726e-02	5.92000e-04	2.20000e+01
1.24812e+00	1.24202e+00	1.95902e-02	8.00000e-04	2.20000e+01
1.10571e+00	1.06126e+00	3.13287e-02	1.30000e-03	2.20000e+01
1.64183e+00	1.65127e+00	6.01191e-02	5.90000e-04	4.50000e+01
9.91077e-01	9.92032e-01	2.15234e-02	2.00000e-03	2.20000e+01
1.60998e+00	1.60310e+00	3.60699e-02	6.34000e-04	4.50000e+01
8.77057e-01	9.00940e-01	2.73604e-02	3.20000e-03	2.20000e+01
1.56703e+00	1.60300e+00	4.40825e-02	7.00000e-04	4.50000e+01
7.77973e-01	7.68608e-01	2.14586e-02	5.00000e-03	2.20000e+01
1.51074e+00	1.54273e+00	2.40426e-02	8.00000e-04	4.50000e+01
6.81585e-01	6.55428e-01	1.94489e-02	8.00000e-03	2.20000e+01
1.51074e+00	1.59883e+00	5.20923e-02	8.00000e-04	4.50000e+01
1.45375e+00	1.44238e+00	2.80463e-02	9.20000e-04	4.50000e+01
1.38366e+00	1.40607e+00	2.40354e-02	1.10000e-03	4.50000e+01
1.67207e+00	1.75596e+00	8.41900e-02	3.14000e-04	2.70000e+01
1.32082e+00	1.31767e+00	1.60204e-02	1.30000e-03	4.50000e+01
1.64537e+00	1.68376e+00	9.86205e-02	3.35000e-04	2.70000e+01
1.32082e+00	1.33370e+00	2.00255e-02	1.30000e-03	4.50000e+01
1.62179e+00	1.63322e+00	4.81066e-02	3.55000e-04	2.70000e+01
1.16999e+00	1.16066e+00	1.20068e-02	2.00000e-03	4.50000e+01
1.56451e+00	1.57781e+00	4.56987e-02	4.10000e-04	2.70000e+01
1.02206e+00	1.00736e+00	1.19924e-02	3.20000e-03	4.50000e+01
1.56451e+00	1.59465e+00	4.08883e-02	4.10000e-04	2.70000e+01
8.95479e-01	8.97805e-01	1.19707e-02	5.00000e-03	4.50000e+01
1.48856e+00	1.48868e+00	2.40498e-02	5.00000e-04	2.70000e+01
7.74420e-01	7.79728e-01	7.95641e-03	8.00000e-03	4.50000e+01
1.48856e+00	1.51033e+00	3.60747e-02	5.00000e-04	2.70000e+01
1.32159e+00	1.31032e+00	1.68298e-02	8.00000e-04	2.70000e+01
1.32159e+00	1.31513e+00	3.84681e-02	8.00000e-04	2.70000e+01
1.16656e+00	1.16068e+00	1.44183e-02	1.30000e-03	2.70000e+01
1.04225e+00	1.04700e+00	1.20068e-02	2.00000e-03	2.70000e+01
9.19100e-01	9.13821e-01	1.19924e-02	3.20000e-03	2.70000e+01
8.12547e-01	7.99644e-01	9.57658e-03	5.00000e-03	2.70000e+01
7.09388e-01	7.06526e-01	9.54765e-03	8.00000e-03	2.70000e+01
1.63828e+00	1.61185e+00	4.05300e-02	4.60000e-04	3.50000e+01
1.60304e+00	1.62425e+00	4.36459e-02	5.00000e-04	3.50000e+01
1.57803e+00	1.56809e+00	2.80572e-02	5.31000e-04	3.50000e+01
1.54618e+00	1.65219e+00	4.67600e-02	5.74000e-04	3.50000e+01
1.51780e+00	1.54613e+00	3.11720e-02	6.16000e-04	3.50000e+01
1.49231e+00	1.50555e+00	2.80537e-02	6.57000e-04	3.50000e+01
1.41673e+00	1.43053e+00	1.86998e-02	8.00000e-04	3.50000e+01
1.41673e+00	1.45547e+00	2.80497e-02	8.00000e-04	3.50000e+01
1.33520e+00	1.33365e+00	2.18120e-02	1.00000e-03	3.50000e+01
1.24460e+00	1.23357e+00	1.55754e-02	1.30000e-03	3.50000e+01
