3.10500e-07	8.49463e-02	4.50000e-02
7.45200e-07	8.08808e-02	4.50000e-02
1.17990e-06	7.88460e-02	4.50000e-02
1.61460e-06	7.74916e-02	4.50000e-02
2.04930e-06	7.64793e-02	4.50000e-02
3.31000e-05	3.02984e-01	3.50000e-01
7.94400e-05	2.78477e-01	3.50000e-01
1.25780e-04	2.66032e-01	3.50000e-01
1.72120e-04	2.57688e-01	3.50000e-01
2.18460e-04	2.51422e-01	3.50000e-01
4.48500e-07	1.13797e-01	6.50000e-02
1.07640e-06	1.08004e-01	6.50000e-02
1.70430e-06	1.05099e-01	6.50000e-02
2.33220e-06	1.03163e-01	6.50000e-02
2.96010e-06	1.01715e-01	6.50000e-02
6.50000e-05	2.83997e-01	3.50000e-01
1.56000e-04	2.60291e-01	3.50000e-01
2.47000e-04	2.48219e-01	3.50000e-01
3.38000e-04	2.40111e-01	3.50000e-01
4.29000e-04	2.34014e-01	3.50000e-01
5.10000e-07	1.12924e-01	6.50000e-02
1.22400e-06	1.07183e-01	6.50000e-02
1.93800e-06	1.04301e-01	6.50000e-02
2.65200e-06	1.02380e-01	6.50000e-02
3.36600e-06	1.00943e-01	6.50000e-02
1.10000e-04	2.69635e-01	3.50000e-01
2.64000e-04	2.46490e-01	3.50000e-01
4.18000e-04	2.34675e-01	3.50000e-01
5.72000e-04	2.26727e-01	3.50000e-01
7.26000e-04	2.20743e-01	3.50000e-01
5.85000e-07	1.40135e-01	8.50000e-02
1.40400e-06	1.32631e-01	8.50000e-02
2.22300e-06	1.28864e-01	8.50000e-02
3.04200e-06	1.26352e-01	8.50000e-02
3.86100e-06	1.24472e-01	8.50000e-02
2.50000e-04	2.47905e-01	3.50000e-01
6.00000e-04	2.25524e-01	3.50000e-01
9.50000e-04	2.14048e-01	3.50000e-01
1.30000e-03	2.06301e-01	3.50000e-01
1.65000e-03	2.00448e-01	3.50000e-01
6.70000e-07	1.38941e-01	8.50000e-02
1.60800e-06	1.31507e-01	8.50000e-02
2.54600e-06	1.27771e-01	8.50000e-02
3.48400e-06	1.25279e-01	8.50000e-02
4.42200e-06	1.23414e-01	8.50000e-02
1.25500e-03	2.07168e-01	3.50000e-01
3.01200e-03	1.85751e-01	3.50000e-01
4.76900e-03	1.74514e-01	3.50000e-01
6.52600e-03	1.66784e-01	3.50000e-01
8.28300e-03	1.60854e-01	3.50000e-01
7.80000e-07	1.37618e-01	8.50000e-02
1.87200e-06	1.30260e-01	8.50000e-02
2.96400e-06	1.26558e-01	8.50000e-02
4.05600e-06	1.24087e-01	8.50000e-02
5.14800e-06	1.22236e-01	8.50000e-02
4.41500e-06	4.00920e-01	4.00000e-01
1.05960e-05	3.69584e-01	4.00000e-01
1.67770e-05	3.53844e-01	4.00000e-01
2.29580e-05	3.43353e-01	4.00000e-01
2.91390e-05	3.35508e-01	4.00000e-01
7.55000e-07	1.70417e-01	1.10000e-01
1.81200e-06	1.60798e-01	1.10000e-01
2.86900e-06	1.55964e-01	1.10000e-01
3.92600e-06	1.52740e-01	1.10000e-01
4.98300e-06	1.50327e-01	1.10000e-01
5.50000e-06	3.92877e-01	4.00000e-01
1.32000e-05	3.62001e-01	4.00000e-01
2.09000e-05	3.46473e-01	4.00000e-01
2.86000e-05	3.36118e-01	4.00000e-01
3.63000e-05	3.28372e-01	4.00000e-01
8.65000e-07	1.68884e-01	1.10000e-01
2.07600e-06	1.59353e-01	1.10000e-01
3.28700e-06	1.54559e-01	1.10000e-01
4.49800e-06	1.51360e-01	1.10000e-01
5.70900e-06	1.48964e-01	1.10000e-01
6.65000e-06	3.86026e-01	4.00000e-01
1.59600e-05	3.55532e-01	4.00000e-01
2.52700e-05	3.40182e-01	4.00000e-01
3.45800e-05	3.29941e-01	4.00000e-01
4.38900e-05	3.22278e-01	4.00000e-01
1.01000e-06	1.67156e-01	1.10000e-01
2.42400e-06	1.57721e-01	1.10000e-01
3.83800e-06	1.52971e-01	1.10000e-01
5.25200e-06	1.49799e-01	1.10000e-01
6.66600e-06	1.47423e-01	1.10000e-01
8.50000e-06	3.77300e-01	4.00000e-01
2.04000e-05	3.47281e-01	4.00000e-01
3.23000e-05	3.32152e-01	4.00000e-01
4.42000e-05	3.22053e-01	4.00000e-01
5.61000e-05	3.14493e-01	4.00000e-01
1.21500e-06	1.65118e-01	1.10000e-01
2.91600e-06	1.55796e-01	1.10000e-01
4.61700e-06	1.51096e-01	1.10000e-01
6.31800e-06	1.47955e-01	1.10000e-01
8.01900e-06	1.45601e-01	1.10000e-01
1.10000e-05	3.68285e-01	4.00000e-01
2.64000e-05	3.38743e-01	4.00000e-01
4.18000e-05	3.23837e-01	4.00000e-01
5.72000e-05	3.13882e-01	4.00000e-01
7.26000e-05	3.06427e-01	4.00000e-01
1.03500e-06	2.14164e-01	1.50000e-01
2.48400e-06	2.01217e-01	1.50000e-01
3.93300e-06	1.94708e-01	1.50000e-01
5.38200e-06	1.90365e-01	1.50000e-01
6.83100e-06	1.87115e-01	1.50000e-01
1.84000e-05	3.50734e-01	4.00000e-01
4.41600e-05	3.22082e-01	4.00000e-01
6.99200e-05	3.07597e-01	4.00000e-01
9.56800e-05	2.97912e-01	4.00000e-01
1.21440e-04	2.90655e-01	4.00000e-01
1.18000e-06	2.12175e-01	1.50000e-01
2.83200e-06	1.99341e-01	1.50000e-01
4.48400e-06	1.92883e-01	1.50000e-01
6.13600e-06	1.88572e-01	1.50000e-01
7.78800e-06	1.85345e-01	1.50000e-01
4.41500e-05	3.22089e-01	4.00000e-01
1.05960e-04	2.94795e-01	4.00000e-01
1.67770e-04	2.80956e-01	4.00000e-01
2.29580e-04	2.71685e-01	4.00000e-01
2.91390e-04	2.64729e-01	4.00000e-01
1.38000e-06	2.09824e-01	1.50000e-01
3.31200e-06	1.97121e-01	1.50000e-01
5.24400e-06	1.90722e-01	1.50000e-01
7.17600e-06	1.86448e-01	1.50000e-01
9.10800e-06	1.83246e-01	1.50000e-01
8.80000e-05	3.00480e-01	4.00000e-01
2.11200e-04	2.74138e-01	4.00000e-01
3.34400e-04	2.60745e-01	4.00000e-01
4.57600e-04	2.51759e-01	4.00000e-01
5.80800e-04	2.45006e-01	4.00000e-01
1.65500e-06	2.07127e-01	1.50000e-01
3.97200e-06	1.94570e-01	1.50000e-01
6.28900e-06	1.88237e-01	1.50000e-01
8.60600e-06	1.84004e-01	1.50000e-01
1.09230e-05	1.80832e-01	1.50000e-01
1.47000e-04	2.84904e-01	4.00000e-01
3.52800e-04	2.59202e-01	4.00000e-01
5.58600e-04	2.46105e-01	4.00000e-01
7.64400e-04	2.37303e-01	4.00000e-01
9.70200e-04	2.30680e-01	4.00000e-01
2.07000e-06	2.03852e-01	1.50000e-01
4.96800e-06	1.91466e-01	1.50000e-01
7.86600e-06	1.85211e-01	1.50000e-01
1.07640e-05	1.81026e-01	1.50000e-01
1.36620e-05	1.77887e-01	1.50000e-01
3.15500e-04	2.62426e-01	4.00000e-01
7.57200e-04	2.37567e-01	4.00000e-01
1.19890e-03	2.24844e-01	4.00000e-01
1.64060e-03	2.16260e-01	4.00000e-01
2.08230e-03	2.09775e-01	4.00000e-01
2.51000e-06	2.01067e-01	1.50000e-01
6.02400e-06	1.88824e-01	1.50000e-01
9.53800e-06	1.82631e-01	1.50000e-01
1.30520e-05	1.78485e-01	1.50000e-01
1.65660e-05	1.75374e-01	1.50000e-01
3.66000e-06	4.78219e-01	5.00000e-01
8.78400e-06	4.38864e-01	5.00000e-01
1.39080e-05	4.19180e-01	5.00000e-01
1.90320e-05	4.06095e-01	5.00000e-01
2.41560e-05	3.96329e-01	5.00000e-01
1.57500e-06	2.60399e-01	2.00000e-01
3.78000e-06	2.43526e-01	2.00000e-01
5.98500e-06	2.35036e-01	2.00000e-01
8.19000e-06	2.29371e-01	2.00000e-01
1.03950e-05	2.25129e-01	2.00000e-01
4.30000e-06	4.70780e-01	5.00000e-01
1.03200e-05	4.31890e-01	5.00000e-01
1.63400e-05	4.12423e-01	5.00000e-01
2.23600e-05	3.99478e-01	5.00000e-01
2.83800e-05	3.89813e-01	5.00000e-01
1.84000e-06	2.57329e-01	2.00000e-01
4.41600e-06	2.40626e-01	2.00000e-01
6.99200e-06	2.32215e-01	2.00000e-01
9.56800e-06	2.26598e-01	2.00000e-01
1.21440e-05	2.22391e-01	2.00000e-01
7.90000e-06	4.43499e-01	5.00000e-01
1.89600e-05	4.06252e-01	5.00000e-01
3.00200e-05	3.87557e-01	5.00000e-01
4.10800e-05	3.75107e-01	5.00000e-01
5.21400e-05	3.65806e-01	5.00000e-01
2.20500e-06	2.53798e-01	2.00000e-01
5.29200e-06	2.37287e-01	2.00000e-01
8.37900e-06	2.28962e-01	2.00000e-01
1.14660e-05	2.23400e-01	2.00000e-01
1.45530e-05	2.19231e-01	2.00000e-01
1.06000e-05	4.30739e-01	5.00000e-01
2.54400e-05	3.94228e-01	5.00000e-01
4.02800e-05	3.75881e-01	5.00000e-01
5.51200e-05	3.63657e-01	5.00000e-01
6.99600e-05	3.54520e-01	5.00000e-01
2.76000e-06	2.49476e-01	2.00000e-01
6.62400e-06	2.33193e-01	2.00000e-01
1.04880e-05	2.24972e-01	2.00000e-01
1.43520e-05	2.19473e-01	2.00000e-01
1.82160e-05	2.15350e-01	2.00000e-01
1.38000e-05	4.19509e-01	5.00000e-01
3.31200e-05	3.83630e-01	5.00000e-01
5.24400e-05	3.65583e-01	5.00000e-01
7.17600e-05	3.53554e-01	5.00000e-01
9.10800e-05	3.44561e-01	5.00000e-01
3.34500e-06	2.45825e-01	2.00000e-01
8.02800e-06	2.29729e-01	2.00000e-01
1.27110e-05	2.21591e-01	2.00000e-01
1.73940e-05	2.16145e-01	2.00000e-01
2.20770e-05	2.12059e-01	2.00000e-01
1.99000e-05	4.04257e-01	5.00000e-01
4.77600e-05	3.69213e-01	5.00000e-01
7.56200e-05	3.51567e-01	5.00000e-01
1.03480e-04	3.39799e-01	5.00000e-01
1.31340e-04	3.30996e-01	5.00000e-01
4.24500e-06	2.41360e-01	2.00000e-01
1.01880e-05	2.25485e-01	2.00000e-01
1.61310e-05	2.17446e-01	2.00000e-01
2.20740e-05	2.12061e-01	2.00000e-01
2.80170e-05	2.08019e-01	2.00000e-01
5.00000e-05	3.67431e-01	5.00000e-01
1.20000e-04	3.34316e-01	5.00000e-01
1.90000e-04	3.17598e-01	5.00000e-01
2.60000e-04	3.06431e-01	5.00000e-01
3.30000e-04	2.98067e-01	5.00000e-01
5.50000e-06	2.36580e-01	2.00000e-01
1.32000e-05	2.20931e-01	2.00000e-01
2.09000e-05	2.12994e-01	2.00000e-01
2.86000e-05	2.07672e-01	2.00000e-01
3.63000e-05	2.03674e-01	2.00000e-01
1.25500e-04	3.32666e-01	5.00000e-01
3.01200e-04	3.01258e-01	5.00000e-01
4.76900e-04	2.85352e-01	5.00000e-01
6.52600e-04	2.74705e-01	5.00000e-01
8.28300e-04	2.66717e-01	5.00000e-01
1.99000e-05	2.13833e-01	2.00000e-01
4.77600e-05	1.99121e-01	2.00000e-01
7.56200e-05	1.91602e-01	2.00000e-01
1.03480e-04	1.86539e-01	2.00000e-01
1.31340e-04	1.82725e-01	2.00000e-01
1.84000e-04	3.18752e-01	5.00000e-01
4.41600e-04	2.87988e-01	5.00000e-01
6.99200e-04	2.72385e-01	5.00000e-01
9.56800e-04	2.61926e-01	5.00000e-01
1.21440e-03	2.54071e-01	5.00000e-01
1.25500e-04	1.83451e-01	2.00000e-01
3.01200e-04	1.69646e-01	2.00000e-01
4.76900e-04	1.62513e-01	2.00000e-01
6.52600e-04	1.57678e-01	2.00000e-01
8.28300e-04	1.54016e-01	2.00000e-01
4.00000e-04	2.91395e-01	5.00000e-01
9.60000e-04	2.61816e-01	5.00000e-01
1.52000e-03	2.46742e-01	5.00000e-01
2.08000e-03	2.36589e-01	5.00000e-01
2.64000e-03	2.28926e-01	5.00000e-01
1.97000e-06	3.03729e-01	2.50000e-01
4.72800e-06	2.82914e-01	2.50000e-01
7.48600e-06	2.72447e-01	2.50000e-01
1.02440e-05	2.65465e-01	2.50000e-01
1.30020e-05	2.60239e-01	2.50000e-01
1.60000e-03	2.45075e-01	5.00000e-01
3.84000e-03	2.16930e-01	5.00000e-01
6.08000e-03	2.02197e-01	5.00000e-01
8.32000e-03	1.92049e-01	5.00000e-01
1.05600e-02	1.84244e-01	5.00000e-01
2.30000e-06	2.99956e-01	2.50000e-01
5.52000e-06	2.79353e-01	2.50000e-01
8.74000e-06	2.68984e-01	2.50000e-01
1.19600e-05	2.62062e-01	2.50000e-01
1.51800e-05	2.56880e-01	2.50000e-01
4.76000e-06	5.58744e-01	6.50000e-01
1.14240e-05	5.09331e-01	6.50000e-01
1.80880e-05	4.84698e-01	6.50000e-01
2.47520e-05	4.68358e-01	6.50000e-01
3.14160e-05	4.56183e-01	6.50000e-01
2.76000e-06	2.95567e-01	2.50000e-01
6.62400e-06	2.75205e-01	2.50000e-01
1.04880e-05	2.64946e-01	2.50000e-01
1.43520e-05	2.58093e-01	2.50000e-01
1.82160e-05	2.52961e-01	2.50000e-01
5.60000e-06	5.49310e-01	6.50000e-01
1.34400e-05	5.00522e-01	6.50000e-01
2.12800e-05	4.76185e-01	6.50000e-01
2.91200e-05	4.60036e-01	6.50000e-01
3.69600e-05	4.48001e-01	6.50000e-01
3.45000e-06	2.90267e-01	2.50000e-01
8.28000e-06	2.70189e-01	2.50000e-01
1.31100e-05	2.60059e-01	2.50000e-01
1.79400e-05	2.53288e-01	2.50000e-01
2.27700e-05	2.48213e-01	2.50000e-01
7.90000e-06	5.29736e-01	6.50000e-01
1.89600e-05	4.82221e-01	6.50000e-01
3.00200e-05	4.58488e-01	6.50000e-01
4.10800e-05	4.42731e-01	6.50000e-01
5.21400e-05	4.30984e-01	6.50000e-01
4.18000e-06	2.85771e-01	2.50000e-01
1.00320e-05	2.65926e-01	2.50000e-01
1.58840e-05	2.55902e-01	2.50000e-01
2.17360e-05	2.49197e-01	2.50000e-01
2.75880e-05	2.44170e-01	2.50000e-01
8.20000e-06	5.27647e-01	6.50000e-01
1.96800e-05	4.80267e-01	6.50000e-01
3.11600e-05	4.56597e-01	6.50000e-01
4.26400e-05	4.40882e-01	6.50000e-01
5.41200e-05	4.29165e-01	6.50000e-01
5.30000e-06	2.80285e-01	2.50000e-01
1.27200e-05	2.60717e-01	2.50000e-01
2.01400e-05	2.50818e-01	2.50000e-01
2.75600e-05	2.44191e-01	2.50000e-01
3.49800e-05	2.39220e-01	2.50000e-01
1.99000e-05	4.79685e-01	6.50000e-01
4.77600e-05	4.35285e-01	6.50000e-01
7.56200e-05	4.13049e-01	6.50000e-01
1.03480e-04	3.98270e-01	6.50000e-01
1.31340e-04	3.87244e-01	6.50000e-01
6.90000e-06	2.74282e-01	2.50000e-01
1.65600e-05	2.55005e-01	2.50000e-01
2.62200e-05	2.45237e-01	2.50000e-01
3.58800e-05	2.38693e-01	2.50000e-01
4.55400e-05	2.33781e-01	2.50000e-01
2.99000e-05	4.58692e-01	6.50000e-01
7.17600e-05	4.15549e-01	6.50000e-01
1.13620e-04	3.93925e-01	6.50000e-01
1.55480e-04	3.79546e-01	6.50000e-01
1.97340e-04	3.68813e-01	6.50000e-01
1.15000e-05	2.62921e-01	2.50000e-01
2.76000e-05	2.44161e-01	2.50000e-01
4.37000e-05	2.34627e-01	2.50000e-01
5.98000e-05	2.28231e-01	2.50000e-01
7.59000e-05	2.23425e-01	2.50000e-01
5.00000e-05	4.33035e-01	6.50000e-01
1.20000e-04	3.91399e-01	6.50000e-01
1.90000e-04	3.70509e-01	6.50000e-01
2.60000e-04	3.56606e-01	6.50000e-01
3.30000e-04	3.46224e-01	6.50000e-01
1.99000e-05	2.51073e-01	2.50000e-01
4.77600e-05	2.32807e-01	2.50000e-01
7.56200e-05	2.23499e-01	2.50000e-01
1.03480e-04	2.17244e-01	2.50000e-01
1.31340e-04	2.12540e-01	2.50000e-01
1.25500e-04	3.89334e-01	6.50000e-01
3.01200e-04	3.50182e-01	6.50000e-01
4.76900e-04	3.30491e-01	6.50000e-01
6.52600e-04	3.17365e-01	6.50000e-01
8.28300e-04	3.07549e-01	6.50000e-01
5.50000e-05	2.29929e-01	2.50000e-01
1.32000e-04	2.12441e-01	2.50000e-01
2.09000e-04	2.03486e-01	2.50000e-01
2.86000e-04	1.97449e-01	2.50000e-01
3.63000e-04	1.92897e-01	2.50000e-01
2.39000e-04	3.60311e-01	6.50000e-01
5.73600e-04	3.22735e-01	6.50000e-01
9.08200e-04	3.03793e-01	6.50000e-01
1.24280e-03	2.91140e-01	6.50000e-01
1.57740e-03	2.81656e-01	6.50000e-01
1.25500e-04	2.13434e-01	2.50000e-01
3.01200e-04	1.96458e-01	2.50000e-01
4.76900e-04	1.87723e-01	2.50000e-01
6.52600e-04	1.81818e-01	2.50000e-01
8.28300e-04	1.77356e-01	2.50000e-01
4.00000e-04	3.37960e-01	6.50000e-01
9.60000e-04	3.01540e-01	6.50000e-01
1.52000e-03	2.83123e-01	6.50000e-01
2.08000e-03	2.70778e-01	6.50000e-01
2.64000e-03	2.61492e-01	6.50000e-01
1.97000e-04	2.04630e-01	2.50000e-01
4.72800e-04	1.87886e-01	2.50000e-01
7.48600e-04	1.79247e-01	2.50000e-01
1.02440e-03	1.73394e-01	2.50000e-01
1.30020e-03	1.68963e-01	2.50000e-01
1.60000e-03	2.81093e-01	6.50000e-01
3.84000e-03	2.47010e-01	6.50000e-01
6.08000e-03	2.29304e-01	6.50000e-01
8.32000e-03	2.17146e-01	6.50000e-01
1.05600e-02	2.07809e-01	6.50000e-01
7.90000e-04	1.78240e-01	2.50000e-01
1.89600e-03	1.61968e-01	2.50000e-01
3.00200e-03	1.53444e-01	2.50000e-01
4.10800e-03	1.47602e-01	2.50000e-01
5.21400e-03	1.43137e-01	2.50000e-01
6.20000e-06	6.49730e-01	8.50000e-01
1.48800e-05	5.87890e-01	8.50000e-01
2.35600e-05	5.57194e-01	8.50000e-01
3.22400e-05	5.36889e-01	8.50000e-01
4.09200e-05	5.21793e-01	8.50000e-01
2.56000e-06	3.82176e-01	3.50000e-01
6.14400e-06	3.53613e-01	3.50000e-01
9.72800e-06	3.39282e-01	3.50000e-01
1.33120e-05	3.29735e-01	3.50000e-01
1.68960e-05	3.22599e-01	3.50000e-01
6.90000e-06	6.41923e-01	8.50000e-01
1.65600e-05	5.80641e-01	8.50000e-01
2.62200e-05	5.50212e-01	8.50000e-01
3.58800e-05	5.30080e-01	8.50000e-01
4.55400e-05	5.15111e-01	8.50000e-01
2.56000e-06	3.82176e-01	3.50000e-01
6.14400e-06	3.53613e-01	3.50000e-01
9.72800e-06	3.39282e-01	3.50000e-01
1.33120e-05	3.29735e-01	3.50000e-01
1.68960e-05	3.22599e-01	3.50000e-01
1.00000e-05	6.15395e-01	8.50000e-01
2.40000e-05	5.55982e-01	8.50000e-01
3.80000e-05	5.26450e-01	8.50000e-01
5.20000e-05	5.06904e-01	8.50000e-01
6.60000e-05	4.92367e-01	8.50000e-01
3.05000e-06	3.76321e-01	3.50000e-01
7.32000e-06	3.48101e-01	3.50000e-01
1.15900e-05	3.33929e-01	3.50000e-01
1.58600e-05	3.24483e-01	3.50000e-01
2.01300e-05	3.17419e-01	3.50000e-01
1.00000e-05	6.15395e-01	8.50000e-01
2.40000e-05	5.55982e-01	8.50000e-01
3.80000e-05	5.26450e-01	8.50000e-01
5.20000e-05	5.06904e-01	8.50000e-01
6.60000e-05	4.92367e-01	8.50000e-01
3.31000e-06	3.73611e-01	3.50000e-01
7.94400e-06	3.45548e-01	3.50000e-01
1.25780e-05	3.31448e-01	3.50000e-01
1.72120e-05	3.22048e-01	3.50000e-01
2.18460e-05	3.15017e-01	3.50000e-01
1.99000e-05	5.68338e-01	8.50000e-01
4.77600e-05	5.12156e-01	8.50000e-01
7.56200e-05	4.84191e-01	8.50000e-01
1.03480e-04	4.65673e-01	8.50000e-01
1.31340e-04	4.51896e-01	8.50000e-01
4.14000e-06	3.66278e-01	3.50000e-01
9.93600e-06	3.38632e-01	3.50000e-01
1.57320e-05	3.24725e-01	3.50000e-01
2.15280e-05	3.15446e-01	3.50000e-01
2.73240e-05	3.08503e-01	3.50000e-01
2.50000e-05	5.53314e-01	8.50000e-01
6.00000e-05	4.98146e-01	8.50000e-01
9.50000e-05	4.70676e-01	8.50000e-01
1.30000e-04	4.52483e-01	8.50000e-01
1.65000e-04	4.38946e-01	8.50000e-01
5.00000e-06	3.60181e-01	3.50000e-01
1.20000e-05	3.32873e-01	3.50000e-01
1.90000e-05	3.19122e-01	3.50000e-01
2.60000e-05	3.09942e-01	3.50000e-01
3.30000e-05	3.03070e-01	3.50000e-01
5.00000e-05	5.09321e-01	8.50000e-01
1.20000e-04	4.57084e-01	8.50000e-01
1.90000e-04	4.31051e-01	8.50000e-01
2.60000e-04	4.13797e-01	8.50000e-01
3.30000e-04	4.00953e-01	8.50000e-01
6.35000e-06	3.52571e-01	3.50000e-01
1.52400e-05	3.25674e-01	3.50000e-01
2.41300e-05	3.12112e-01	3.50000e-01
3.30200e-05	3.03053e-01	3.50000e-01
4.19100e-05	2.96269e-01	3.50000e-01
1.25500e-04	4.54505e-01	8.50000e-01
3.01200e-04	4.05846e-01	8.50000e-01
4.76900e-04	3.81555e-01	8.50000e-01
6.52600e-04	3.65437e-01	8.50000e-01
8.28300e-04	3.53423e-01	8.50000e-01
8.25000e-06	3.44373e-01	3.50000e-01
1.98000e-05	3.17905e-01	3.50000e-01
3.13500e-05	3.04541e-01	3.50000e-01
4.29000e-05	2.95609e-01	3.50000e-01
5.44500e-05	2.88917e-01	3.50000e-01
4.00000e-04	3.90753e-01	8.50000e-01
9.60000e-04	3.46085e-01	8.50000e-01
1.52000e-03	3.23685e-01	8.50000e-01
2.08000e-03	3.08745e-01	8.50000e-01
2.64000e-03	2.97548e-01	8.50000e-01
1.60000e-05	3.24221e-01	3.50000e-01
3.84000e-05	2.98748e-01	3.50000e-01
6.08000e-05	2.85848e-01	3.50000e-01
8.32000e-05	2.77212e-01	3.50000e-01
1.05600e-04	2.70736e-01	3.50000e-01
1.60000e-03	3.21224e-01	8.50000e-01
3.84000e-03	2.80158e-01	8.50000e-01
6.08000e-03	2.59010e-01	8.50000e-01
8.32000e-03	2.44551e-01	8.50000e-01
1.05600e-02	2.33472e-01	8.50000e-01
8.80000e-06	7.77109e-01	1.20000e+00
2.11200e-05	6.95921e-01	1.20000e+00
3.34400e-05	6.55895e-01	1.20000e+00
4.57600e-05	6.29535e-01	1.20000e+00
5.80800e-05	6.10000e-01	1.20000e+00
4.00000e-05	9.97007e-01	2.70000e+00
9.60000e-05	8.66634e-01	2.70000e+00
1.52000e-04	8.03738e-01	2.70000e+00
2.08000e-04	7.62859e-01	2.70000e+00
2.64000e-04	7.32856e-01	2.70000e+00
1.00000e-05	7.64830e-01	1.20000e+00
2.40000e-05	6.84615e-01	1.20000e+00
3.80000e-05	6.45060e-01	1.20000e+00
5.20000e-05	6.19008e-01	1.20000e+00
6.60000e-05	5.99701e-01	1.20000e+00
4.00000e-05	9.97007e-01	2.70000e+00
9.60000e-05	8.66634e-01	2.70000e+00
1.52000e-04	8.03738e-01	2.70000e+00
2.08000e-04	7.62859e-01	2.70000e+00
2.64000e-04	7.32856e-01	2.70000e+00
1.00000e-05	7.64830e-01	1.20000e+00
2.40000e-05	6.84615e-01	1.20000e+00
3.80000e-05	6.45060e-01	1.20000e+00
5.20000e-05	6.19008e-01	1.20000e+00
6.60000e-05	5.99701e-01	1.20000e+00
6.50000e-05	9.22941e-01	2.70000e+00
1.56000e-04	8.00291e-01	2.70000e+00
2.47000e-04	7.41142e-01	2.70000e+00
3.38000e-04	7.02703e-01	2.70000e+00
4.29000e-04	6.74491e-01	2.70000e+00
1.60000e-05	7.20945e-01	1.20000e+00
3.84000e-05	6.44178e-01	1.20000e+00
6.08000e-05	6.06299e-01	1.20000e+00
8.32000e-05	5.81346e-01	1.20000e+00
1.05600e-04	5.62852e-01	1.20000e+00
1.00000e-04	8.60898e-01	2.70000e+00
2.40000e-04	7.44742e-01	2.70000e+00
3.80000e-04	6.88736e-01	2.70000e+00
5.20000e-04	6.52341e-01	2.70000e+00
6.60000e-04	6.25626e-01	2.70000e+00
1.60000e-05	7.20945e-01	1.20000e+00
3.84000e-05	6.44178e-01	1.20000e+00
6.08000e-05	6.06299e-01	1.20000e+00
8.32000e-05	5.81346e-01	1.20000e+00
1.05600e-04	5.62852e-01	1.20000e+00
1.60000e-04	7.96942e-01	2.70000e+00
3.84000e-04	6.87498e-01	2.70000e+00
6.08000e-04	6.34731e-01	2.70000e+00
8.32000e-04	6.00430e-01	2.70000e+00
1.05600e-03	5.75238e-01	2.70000e+00
3.15500e-05	6.60869e-01	1.20000e+00
7.57200e-05	5.88765e-01	1.20000e+00
1.19890e-04	5.53171e-01	1.20000e+00
1.64060e-04	5.29718e-01	1.20000e+00
2.08230e-04	5.12334e-01	1.20000e+00
2.50000e-04	7.39634e-01	2.70000e+00
6.00000e-04	6.36209e-01	2.70000e+00
9.50000e-04	5.86324e-01	2.70000e+00
1.30000e-03	5.53865e-01	2.70000e+00
1.65000e-03	5.29995e-01	2.70000e+00
4.00000e-05	6.40748e-01	1.20000e+00
9.60000e-05	5.70197e-01	1.20000e+00
1.52000e-04	5.35366e-01	1.20000e+00
2.08000e-04	5.12414e-01	1.20000e+00
2.64000e-04	4.95399e-01	1.20000e+00
4.00000e-04	6.82685e-01	2.70000e+00
9.60000e-04	5.85220e-01	2.70000e+00
1.52000e-03	5.38136e-01	2.70000e+00
2.08000e-03	5.07425e-01	2.70000e+00
2.64000e-03	4.84777e-01	2.70000e+00
6.50000e-05	6.00925e-01	1.20000e+00
1.56000e-04	5.33440e-01	1.20000e+00
2.47000e-04	5.00112e-01	1.20000e+00
3.38000e-04	4.78146e-01	1.20000e+00
4.29000e-04	4.61857e-01	1.20000e+00
6.50000e-04	6.27312e-01	2.70000e+00
1.56000e-03	5.35551e-01	2.70000e+00
2.47000e-03	4.91043e-01	2.70000e+00
3.38000e-03	4.61869e-01	2.70000e+00
4.29000e-03	4.40245e-01	2.70000e+00
7.90000e-05	5.85418e-01	1.20000e+00
1.89600e-04	5.19124e-01	1.20000e+00
3.00200e-04	4.86379e-01	1.20000e+00
4.10800e-04	4.64793e-01	1.20000e+00
5.21400e-04	4.48784e-01	1.20000e+00
1.00000e-03	5.80931e-01	2.70000e+00
2.40000e-03	4.93763e-01	2.70000e+00
3.80000e-03	4.51192e-01	2.70000e+00
5.20000e-03	4.23085e-01	2.70000e+00
6.60000e-03	4.02105e-01	2.70000e+00
1.99000e-04	5.15611e-01	1.20000e+00
4.77600e-04	4.54637e-01	1.20000e+00
7.56200e-04	4.24479e-01	1.20000e+00
1.03480e-03	4.04571e-01	1.20000e+00
1.31340e-03	3.89782e-01	1.20000e+00
2.50000e-03	4.89904e-01	2.70000e+00
6.00000e-03	4.10460e-01	2.70000e+00
9.50000e-03	3.70457e-01	2.70000e+00
1.30000e-02	3.43322e-01	2.70000e+00
1.65000e-02	3.22581e-01	2.70000e+00
6.50000e-04	4.34277e-01	1.20000e+00
1.56000e-03	3.79281e-01	1.20000e+00
2.47000e-03	3.51875e-01	1.20000e+00
3.38000e-03	3.33620e-01	1.20000e+00
4.29000e-03	3.19928e-01	1.20000e+00
2.50000e-03	3.51166e-01	1.20000e+00
6.00000e-03	3.00835e-01	1.20000e+00
9.50000e-03	2.74748e-01	1.20000e+00
1.30000e-02	2.56770e-01	1.20000e+00
1.65000e-02	2.42891e-01	1.20000e+00
2.03000e-05	1.27197e+00	3.50000e+00
4.87200e-05	1.10042e+00	3.50000e+00
7.71400e-05	1.01824e+00	3.50000e+00
1.05560e-04	9.65041e-01	3.50000e+00
1.33980e-04	9.26117e-01	3.50000e+00
9.25000e-06	8.85509e-01	1.50000e+00
2.22000e-05	7.87931e-01	1.50000e+00
3.51500e-05	7.40085e-01	1.50000e+00
4.81000e-05	7.08678e-01	1.50000e+00
6.10500e-05	6.85460e-01	1.50000e+00
2.16000e-05	1.25913e+00	3.50000e+00
5.18400e-05	1.08901e+00	3.50000e+00
8.20800e-05	1.00753e+00	3.50000e+00
1.12320e-04	9.54783e-01	3.50000e+00
1.42560e-04	9.16191e-01	3.50000e+00
1.10000e-05	8.65495e-01	1.50000e+00
2.64000e-05	7.69628e-01	1.50000e+00
4.18000e-05	7.22612e-01	1.50000e+00
5.72000e-05	6.91748e-01	1.50000e+00
7.26000e-05	6.68932e-01	1.50000e+00
2.30000e-05	1.24624e+00	3.50000e+00
5.52000e-05	1.07757e+00	3.50000e+00
8.74000e-05	9.96783e-01	3.50000e+00
1.19600e-04	9.44494e-01	3.50000e+00
1.51800e-04	9.06235e-01	3.50000e+00
1.60000e-05	8.23415e-01	1.50000e+00
3.84000e-05	7.31129e-01	1.50000e+00
6.08000e-05	6.85855e-01	1.50000e+00
8.32000e-05	6.56134e-01	1.50000e+00
1.05600e-04	6.34162e-01	1.50000e+00
2.56000e-05	1.22451e+00	3.50000e+00
6.14400e-05	1.05829e+00	3.50000e+00
9.72800e-05	9.78674e-01	3.50000e+00
1.33120e-04	9.27152e-01	3.50000e+00
1.68960e-04	8.89454e-01	3.50000e+00
1.60000e-05	8.23415e-01	1.50000e+00
3.84000e-05	7.31129e-01	1.50000e+00
6.08000e-05	6.85855e-01	1.50000e+00
8.32000e-05	6.56134e-01	1.50000e+00
1.05600e-04	6.34162e-01	1.50000e+00
2.65500e-05	1.21719e+00	3.50000e+00
6.37200e-05	1.05179e+00	3.50000e+00
1.00890e-04	9.72574e-01	3.50000e+00
1.38060e-04	9.21309e-01	3.50000e+00
1.75230e-04	8.83801e-01	3.50000e+00
2.50000e-05	7.75349e-01	1.50000e+00
6.00000e-05	6.87131e-01	1.50000e+00
9.50000e-05	6.43846e-01	1.50000e+00
1.30000e-04	6.15430e-01	1.50000e+00
1.65000e-04	5.94424e-01	1.50000e+00
2.86500e-05	1.20202e+00	3.50000e+00
6.87600e-05	1.03832e+00	3.50000e+00
1.08870e-04	9.59928e-01	3.50000e+00
1.48980e-04	9.09199e-01	3.50000e+00
1.89090e-04	8.72083e-01	3.50000e+00
4.00000e-05	7.27022e-01	1.50000e+00
9.60000e-05	6.42883e-01	1.50000e+00
1.52000e-04	6.01598e-01	1.50000e+00
2.08000e-04	5.74494e-01	1.50000e+00
2.64000e-04	5.54456e-01	1.50000e+00
4.00000e-05	1.13730e+00	3.50000e+00
9.60000e-05	9.80899e-01	3.50000e+00
1.52000e-04	9.06027e-01	3.50000e+00
2.08000e-04	8.57583e-01	3.50000e+00
2.64000e-04	8.22144e-01	3.50000e+00
6.50000e-05	6.79447e-01	1.50000e+00
1.56000e-04	5.99320e-01	1.50000e+00
2.47000e-04	5.60002e-01	1.50000e+00
3.38000e-04	5.34186e-01	1.50000e+00
4.29000e-04	5.15097e-01	1.50000e+00
4.00000e-05	1.13730e+00	3.50000e+00
9.60000e-05	9.80899e-01	3.50000e+00
1.52000e-04	9.06027e-01	3.50000e+00
2.08000e-04	8.57583e-01	3.50000e+00
2.64000e-04	8.22144e-01	3.50000e+00
1.00000e-04	6.39137e-01	1.50000e+00
2.40000e-04	5.62409e-01	1.50000e+00
3.80000e-04	5.24751e-01	1.50000e+00
5.20000e-04	5.00020e-01	1.50000e+00
6.60000e-04	4.81727e-01	1.50000e+00
6.50000e-05	1.04826e+00	3.50000e+00
1.56000e-04	9.01935e-01	3.50000e+00
2.47000e-04	8.31920e-01	3.50000e+00
3.38000e-04	7.86629e-01	3.50000e+00
4.29000e-04	7.53498e-01	3.50000e+00
1.60000e-04	5.97107e-01	1.50000e+00
3.84000e-04	5.23913e-01	1.50000e+00
6.08000e-04	4.87975e-01	1.50000e+00
8.32000e-04	4.64360e-01	1.50000e+00
1.05600e-03	4.46881e-01	1.50000e+00
1.00000e-04	9.74055e-01	3.50000e+00
2.40000e-04	8.36171e-01	3.50000e+00
3.80000e-04	7.70215e-01	3.50000e+00
5.20000e-04	7.27552e-01	3.50000e+00
6.60000e-04	6.96342e-01	3.50000e+00
2.50000e-04	5.58993e-01	1.50000e+00
6.00000e-04	4.88989e-01	1.50000e+00
9.50000e-04	4.54587e-01	1.50000e+00
1.30000e-03	4.31955e-01	1.50000e+00
1.65000e-03	4.15178e-01	1.50000e+00
1.60000e-04	8.97960e-01	3.50000e+00
3.84000e-04	7.68761e-01	3.50000e+00
6.08000e-04	7.06969e-01	3.50000e+00
8.32000e-04	6.66991e-01	3.50000e+00
1.05600e-03	6.37731e-01	3.50000e+00
4.00000e-04	5.20654e-01	1.50000e+00
9.60000e-04	4.53821e-01	1.50000e+00
1.52000e-03	4.20913e-01	1.50000e+00
2.08000e-03	3.99205e-01	1.50000e+00
2.64000e-03	3.83063e-01	1.50000e+00
2.50000e-04	8.30140e-01	3.50000e+00
6.00000e-04	7.08695e-01	3.50000e+00
9.50000e-04	6.50597e-01	3.50000e+00
1.30000e-03	6.12975e-01	3.50000e+00
1.65000e-03	5.85405e-01	3.50000e+00
5.00000e-04	5.03070e-01	1.50000e+00
1.20000e-03	4.37668e-01	1.50000e+00
1.90000e-03	4.05411e-01	1.50000e+00
2.60000e-03	3.84089e-01	1.50000e+00
3.30000e-03	3.68200e-01	1.50000e+00
4.00000e-04	7.63111e-01	3.50000e+00
9.60000e-04	6.49315e-01	3.50000e+00
1.52000e-03	5.94799e-01	3.50000e+00
2.08000e-03	5.59415e-01	3.50000e+00
2.64000e-03	5.33414e-01	3.50000e+00
1.60000e-03	4.17323e-01	1.50000e+00
3.84000e-03	3.58221e-01	1.50000e+00
6.08000e-03	3.28383e-01	1.50000e+00
8.32000e-03	3.08205e-01	1.50000e+00
1.05600e-02	2.92851e-01	1.50000e+00
6.50000e-04	6.98310e-01	3.50000e+00
1.56000e-03	5.91815e-01	3.50000e+00
2.47000e-03	5.40600e-01	3.50000e+00
3.38000e-03	5.07199e-01	3.50000e+00
4.29000e-03	4.82532e-01	3.50000e+00
6.50000e-04	4.82886e-01	1.50000e+00
1.56000e-03	4.19093e-01	1.50000e+00
2.47000e-03	3.87541e-01	1.50000e+00
3.38000e-03	3.66617e-01	1.50000e+00
4.29000e-03	3.50975e-01	1.50000e+00
1.00000e-03	6.44335e-01	3.50000e+00
2.40000e-03	5.43720e-01	3.50000e+00
3.80000e-03	4.95009e-01	3.50000e+00
5.20000e-03	4.63017e-01	3.50000e+00
6.60000e-03	4.39228e-01	3.50000e+00
1.23500e-05	1.00889e+00	2.00000e+00
2.96400e-05	8.89360e-01	2.00000e+00
4.69300e-05	8.31176e-01	2.00000e+00
6.42200e-05	7.93154e-01	2.00000e+00
8.15100e-05	7.65139e-01	2.00000e+00
4.00000e-03	4.89715e-01	3.50000e+00
9.60000e-03	4.02476e-01	3.50000e+00
1.52000e-02	3.57802e-01	3.50000e+00
2.08000e-02	3.27048e-01	3.50000e+00
2.64000e-02	3.03258e-01	3.50000e+00
1.46500e-05	9.84637e-01	2.00000e+00
3.51600e-05	8.67384e-01	2.00000e+00
5.56700e-05	8.10307e-01	2.00000e+00
7.61800e-05	7.73010e-01	2.00000e+00
9.66900e-05	7.45529e-01	2.00000e+00
2.61000e-05	1.38530e+00	4.50000e+00
6.26400e-05	1.18801e+00	4.50000e+00
9.91800e-05	1.09422e+00	4.50000e+00
1.35720e-04	1.03379e+00	4.50000e+00
1.72260e-04	9.89707e-01	4.50000e+00
1.63500e-05	9.69291e-01	2.00000e+00
3.92400e-05	8.53479e-01	2.00000e+00
6.21300e-05	7.97102e-01	2.00000e+00
8.50200e-05	7.60263e-01	2.00000e+00
1.07910e-04	7.33122e-01	2.00000e+00
2.96000e-05	1.35536e+00	4.50000e+00
7.10400e-05	1.16169e+00	4.50000e+00
1.12480e-04	1.06964e+00	4.50000e+00
1.53920e-04	1.01033e+00	4.50000e+00
1.95360e-04	9.67066e-01	4.50000e+00
2.50000e-05	9.11691e-01	2.00000e+00
6.00000e-05	8.01280e-01	2.00000e+00
9.50000e-05	7.47537e-01	2.00000e+00
1.30000e-04	7.12423e-01	2.00000e+00
1.65000e-04	6.86554e-01	2.00000e+00
3.09000e-05	1.34526e+00	4.50000e+00
7.41600e-05	1.15281e+00	4.50000e+00
1.17420e-04	1.06134e+00	4.50000e+00
1.60680e-04	1.00241e+00	4.50000e+00
2.03940e-04	9.59430e-01	4.50000e+00
2.50000e-05	9.11691e-01	2.00000e+00
6.00000e-05	8.01280e-01	2.00000e+00
9.50000e-05	7.47537e-01	2.00000e+00
1.30000e-04	7.12423e-01	2.00000e+00
1.65000e-04	6.86554e-01	2.00000e+00
3.41500e-05	1.32200e+00	4.50000e+00
8.19600e-05	1.13237e+00	4.50000e+00
1.29770e-04	1.04225e+00	4.50000e+00
1.77580e-04	9.84195e-01	4.50000e+00
2.25390e-04	9.41852e-01	4.50000e+00
4.00000e-05	8.51066e-01	2.00000e+00
9.60000e-05	7.46344e-01	2.00000e+00
1.52000e-04	6.95380e-01	2.00000e+00
2.08000e-04	6.62084e-01	2.00000e+00
2.64000e-04	6.37555e-01	2.00000e+00
3.66000e-05	1.30609e+00	4.50000e+00
8.78400e-05	1.11839e+00	4.50000e+00
1.39080e-04	1.02919e+00	4.50000e+00
1.90320e-04	9.71734e-01	4.50000e+00
2.41560e-04	9.29827e-01	4.50000e+00
6.50000e-05	7.91717e-01	2.00000e+00
1.56000e-04	6.92577e-01	2.00000e+00
2.47000e-04	6.44337e-01	2.00000e+00
3.38000e-04	6.12821e-01	2.00000e+00
4.29000e-04	5.89602e-01	2.00000e+00
4.09000e-05	1.28091e+00	4.50000e+00
9.81600e-05	1.09626e+00	4.50000e+00
1.55420e-04	1.00854e+00	4.50000e+00
2.12680e-04	9.52022e-01	4.50000e+00
2.69940e-04	9.10808e-01	4.50000e+00
1.00000e-04	7.41709e-01	2.00000e+00
2.40000e-04	6.47282e-01	2.00000e+00
3.80000e-04	6.01336e-01	2.00000e+00
5.20000e-04	5.71317e-01	2.00000e+00
6.60000e-04	5.49196e-01	2.00000e+00
4.09000e-05	1.28091e+00	4.50000e+00
9.81600e-05	1.09626e+00	4.50000e+00
1.55420e-04	1.00854e+00	4.50000e+00
2.12680e-04	9.52022e-01	4.50000e+00
2.69940e-04	9.10808e-01	4.50000e+00
1.60000e-04	6.89854e-01	2.00000e+00
3.84000e-04	6.00317e-01	2.00000e+00
6.08000e-04	5.56744e-01	2.00000e+00
8.32000e-04	5.28263e-01	2.00000e+00
1.05600e-03	5.07263e-01	2.00000e+00
6.50000e-05	1.18023e+00	4.50000e+00
1.56000e-04	1.00785e+00	4.50000e+00
2.47000e-04	9.25989e-01	4.50000e+00
3.38000e-04	8.73267e-01	4.50000e+00
4.29000e-04	8.34823e-01	4.50000e+00
2.50000e-04	6.43103e-01	2.00000e+00
6.00000e-04	5.57969e-01	2.00000e+00
9.50000e-04	5.16513e-01	2.00000e+00
1.30000e-03	4.89387e-01	2.00000e+00
1.65000e-03	4.69357e-01	2.00000e+00
6.50000e-05	1.18023e+00	4.50000e+00
1.56000e-04	1.00785e+00	4.50000e+00
2.47000e-04	9.25989e-01	4.50000e+00
3.38000e-04	8.73267e-01	4.50000e+00
4.29000e-04	8.34823e-01	4.50000e+00
5.00000e-04	5.75013e-01	2.00000e+00
1.20000e-03	4.96223e-01	2.00000e+00
1.90000e-03	4.57729e-01	2.00000e+00
2.60000e-03	4.32426e-01	2.00000e+00
3.30000e-03	4.13650e-01	2.00000e+00
1.00000e-04	1.09260e+00	4.50000e+00
2.40000e-04	9.30946e-01	4.50000e+00
3.80000e-04	8.54208e-01	4.50000e+00
5.20000e-04	8.04791e-01	4.50000e+00
6.60000e-04	7.68755e-01	4.50000e+00
1.60000e-03	4.71915e-01	2.00000e+00
3.84000e-03	4.01891e-01	2.00000e+00
6.08000e-03	3.66895e-01	2.00000e+00
8.32000e-03	3.43371e-01	2.00000e+00
1.05600e-02	3.25543e-01	2.00000e+00
1.60000e-04	1.00319e+00	4.50000e+00
3.84000e-04	8.52520e-01	4.50000e+00
6.08000e-04	7.81014e-01	4.50000e+00
8.32000e-04	7.34959e-01	4.50000e+00
1.05600e-03	7.01360e-01	4.50000e+00
6.50000e-04	5.50595e-01	2.00000e+00
1.56000e-03	4.74026e-01	2.00000e+00
2.47000e-03	4.36515e-01	2.00000e+00
3.38000e-03	4.11782e-01	2.00000e+00
4.29000e-03	3.93370e-01	2.00000e+00
2.50000e-04	9.23913e-01	4.50000e+00
6.00000e-04	7.83007e-01	4.50000e+00
9.50000e-04	7.16122e-01	4.50000e+00
1.30000e-03	6.73008e-01	4.50000e+00
1.65000e-03	6.41518e-01	4.50000e+00
1.54500e-05	1.15582e+00	2.70000e+00
3.70800e-05	1.00898e+00	2.70000e+00
5.87100e-05	9.38096e-01	2.70000e+00
8.03400e-05	8.92005e-01	2.70000e+00
1.01970e-04	8.58167e-01	2.70000e+00
4.00000e-04	8.45967e-01	4.50000e+00
9.60000e-04	7.14650e-01	4.50000e+00
1.52000e-03	6.52237e-01	4.50000e+00
2.08000e-03	6.11916e-01	4.50000e+00
2.64000e-03	5.82388e-01	4.50000e+00
1.83000e-05	1.12616e+00	2.70000e+00
4.39200e-05	9.82393e-01	2.70000e+00
6.95400e-05	9.12993e-01	2.70000e+00
9.51600e-05	8.67872e-01	2.70000e+00
1.20780e-04	8.34749e-01	2.70000e+00
6.50000e-04	7.71024e-01	4.50000e+00
1.56000e-03	6.48831e-01	4.50000e+00
2.47000e-03	5.90540e-01	4.50000e+00
3.38000e-03	5.52707e-01	4.50000e+00
4.29000e-03	5.24866e-01	4.50000e+00
2.04500e-05	1.10704e+00	2.70000e+00
4.90800e-05	9.65249e-01	2.70000e+00
7.77100e-05	8.96810e-01	2.70000e+00
1.06340e-04	8.52316e-01	2.70000e+00
1.34970e-04	8.19654e-01	2.70000e+00
1.00000e-03	7.08935e-01	4.50000e+00
2.40000e-03	5.94083e-01	4.50000e+00
3.80000e-03	5.38938e-01	4.50000e+00
5.20000e-03	5.02900e-01	4.50000e+00
6.60000e-03	4.76202e-01	4.50000e+00
2.04500e-05	1.10704e+00	2.70000e+00
4.90800e-05	9.65249e-01	2.70000e+00
7.77100e-05	8.96810e-01	2.70000e+00
1.06340e-04	8.52316e-01	2.70000e+00
1.34970e-04	8.19654e-01	2.70000e+00
1.60000e-03	6.45523e-01	4.50000e+00
3.84000e-03	5.37716e-01	4.50000e+00
6.08000e-03	4.85333e-01	4.50000e+00
8.32000e-03	4.50712e-01	4.50000e+00
1.05600e-02	4.24797e-01	4.50000e+00
2.50000e-05	1.07312e+00	2.70000e+00
6.00000e-05	9.34843e-01	2.70000e+00
9.50000e-05	8.68110e-01	2.70000e+00
1.30000e-04	8.24728e-01	2.70000e+00
1.65000e-04	7.92885e-01	2.70000e+00
2.50000e-05	1.07312e+00	2.70000e+00
6.00000e-05	9.34843e-01	2.70000e+00
9.50000e-05	8.68110e-01	2.70000e+00
1.30000e-04	8.24728e-01	2.70000e+00
1.65000e-04	7.92885e-01	2.70000e+00
3.77000e-05	1.54386e+00	6.50000e+00
9.04800e-05	1.30717e+00	6.50000e+00
1.43260e-04	1.19591e+00	6.50000e+00
1.96040e-04	1.12468e+00	6.50000e+00
2.48820e-04	1.07296e+00	6.50000e+00
6.96000e-05	1.77468e+00	1.20000e+01
1.67040e-04	1.47125e+00	1.20000e+01
2.64480e-04	1.33117e+00	1.20000e+01
3.61920e-04	1.24240e+00	1.20000e+01
4.59360e-04	1.17841e+00	1.20000e+01
4.01500e-05	1.52569e+00	6.50000e+00
9.63600e-05	1.29142e+00	6.50000e+00
1.52570e-04	1.18131e+00	6.50000e+00
2.08780e-04	1.11082e+00	6.50000e+00
2.64990e-04	1.05965e+00	6.50000e+00
8.05000e-05	1.72069e+00	1.20000e+01
1.93200e-04	1.42556e+00	1.20000e+01
3.05900e-04	1.28932e+00	1.20000e+01
4.18600e-04	1.20300e+00	1.20000e+01
5.31300e-04	1.14078e+00	1.20000e+01
4.27500e-05	1.50776e+00	6.50000e+00
1.02600e-04	1.27589e+00	6.50000e+00
1.62450e-04	1.16692e+00	6.50000e+00
2.22300e-04	1.09716e+00	6.50000e+00
2.82150e-04	1.04651e+00	6.50000e+00
8.05000e-05	1.72069e+00	1.20000e+01
1.93200e-04	1.42556e+00	1.20000e+01
3.05900e-04	1.28932e+00	1.20000e+01
4.18600e-04	1.20300e+00	1.20000e+01
5.31300e-04	1.14078e+00	1.20000e+01
4.76000e-05	1.47747e+00	6.50000e+00
1.14240e-04	1.24966e+00	6.50000e+00
1.80880e-04	1.14261e+00	6.50000e+00
2.47520e-04	1.07408e+00	6.50000e+00
3.14160e-04	1.02433e+00	6.50000e+00
9.10000e-05	1.67634e+00	1.20000e+01
2.18400e-04	1.38803e+00	1.20000e+01
3.45800e-04	1.25496e+00	1.20000e+01
4.73200e-04	1.17065e+00	1.20000e+01
6.00600e-04	1.10987e+00	1.20000e+01
4.93000e-05	1.46770e+00	6.50000e+00
1.18320e-04	1.24120e+00	6.50000e+00
1.87340e-04	1.13476e+00	6.50000e+00
2.56360e-04	1.06663e+00	6.50000e+00
3.25380e-04	1.01717e+00	6.50000e+00
1.00000e-04	1.64291e+00	1.20000e+01
2.40000e-04	1.35976e+00	1.20000e+01
3.80000e-04	1.22907e+00	1.20000e+01
5.20000e-04	1.14627e+00	1.20000e+01
6.60000e-04	1.08659e+00	1.20000e+01
4.93000e-05	1.46770e+00	6.50000e+00
1.18320e-04	1.24120e+00	6.50000e+00
1.87340e-04	1.13476e+00	6.50000e+00
2.56360e-04	1.06663e+00	6.50000e+00
3.25380e-04	1.01717e+00	6.50000e+00
1.00000e-04	1.64291e+00	1.20000e+01
2.40000e-04	1.35976e+00	1.20000e+01
3.80000e-04	1.22907e+00	1.20000e+01
5.20000e-04	1.14627e+00	1.20000e+01
6.60000e-04	1.08659e+00	1.20000e+01
6.50000e-05	1.39263e+00	6.50000e+00
1.56000e-04	1.17619e+00	6.50000e+00
2.47000e-04	1.07453e+00	6.50000e+00
3.38000e-04	1.00946e+00	6.50000e+00
4.29000e-04	9.62223e-01	6.50000e+00
1.60000e-04	1.48502e+00	1.20000e+01
3.84000e-04	1.22623e+00	1.20000e+01
6.08000e-04	1.10682e+00	1.20000e+01
8.32000e-04	1.03117e+00	1.20000e+01
1.05600e-03	9.76617e-01	1.20000e+01
6.50000e-05	1.39263e+00	6.50000e+00
1.56000e-04	1.17619e+00	6.50000e+00
2.47000e-04	1.07453e+00	6.50000e+00
3.38000e-04	1.00946e+00	6.50000e+00
4.29000e-04	9.62223e-01	6.50000e+00
1.60000e-04	1.48502e+00	1.20000e+01
3.84000e-04	1.22623e+00	1.20000e+01
6.08000e-04	1.10682e+00	1.20000e+01
8.32000e-04	1.03117e+00	1.20000e+01
1.05600e-03	9.76617e-01	1.20000e+01
1.00000e-04	1.28222e+00	6.50000e+00
2.40000e-04	1.08066e+00	6.50000e+00
3.80000e-04	9.86018e-01	6.50000e+00
5.20000e-04	9.25453e-01	6.50000e+00
6.60000e-04	8.81487e-01	6.50000e+00
2.50000e-04	1.34767e+00	1.20000e+01
6.00000e-04	1.11012e+00	1.20000e+01
9.50000e-04	1.00052e+00	1.20000e+01
1.30000e-03	9.31024e-01	1.20000e+01
1.65000e-03	8.80873e-01	1.20000e+01
1.00000e-04	1.28222e+00	6.50000e+00
2.40000e-04	1.08066e+00	6.50000e+00
3.80000e-04	9.86018e-01	6.50000e+00
5.20000e-04	9.25453e-01	6.50000e+00
6.60000e-04	8.81487e-01	6.50000e+00
4.00000e-04	1.21519e+00	1.20000e+01
9.60000e-04	9.98128e-01	1.20000e+01
1.52000e-03	8.97886e-01	1.20000e+01
2.08000e-03	8.34216e-01	1.20000e+01
2.64000e-03	7.88163e-01	1.20000e+01
1.60000e-04	1.17039e+00	6.50000e+00
3.84000e-04	9.83945e-01	6.50000e+00
6.08000e-04	8.96425e-01	6.50000e+00
8.32000e-04	8.40413e-01	6.50000e+00
1.05600e-03	7.99737e-01	6.50000e+00
6.50000e-04	1.09033e+00	1.20000e+01
1.56000e-03	8.92473e-01	1.20000e+01
2.47000e-03	8.00827e-01	1.20000e+01
3.38000e-03	7.42387e-01	1.20000e+01
4.29000e-03	6.99937e-01	1.20000e+01
2.50000e-04	1.07196e+00	6.50000e+00
6.00000e-04	8.98855e-01	6.50000e+00
9.50000e-04	8.17588e-01	6.50000e+00
1.30000e-03	7.65541e-01	6.50000e+00
1.65000e-03	7.27703e-01	6.50000e+00
1.00000e-03	9.88867e-01	1.20000e+01
2.40000e-03	8.06342e-01	1.20000e+01
3.80000e-03	7.21332e-01	1.20000e+01
5.20000e-03	6.66796e-01	1.20000e+01
6.60000e-03	6.26946e-01	1.20000e+01
4.00000e-04	9.75896e-01	6.50000e+00
9.60000e-04	8.15807e-01	6.50000e+00
1.52000e-03	7.40566e-01	6.50000e+00
2.08000e-03	6.92277e-01	6.50000e+00
2.64000e-03	6.57083e-01	6.50000e+00
1.60000e-03	8.87222e-01	1.20000e+01
3.84000e-03	7.19469e-01	1.20000e+01
6.08000e-03	6.40521e-01	1.20000e+01
8.32000e-03	5.89362e-01	1.20000e+01
1.05600e-02	5.51628e-01	1.20000e+01
6.50000e-04	8.84251e-01	6.50000e+00
1.56000e-03	7.36476e-01	6.50000e+00
2.47000e-03	6.66785e-01	6.50000e+00
3.38000e-03	6.21859e-01	6.50000e+00
4.29000e-03	5.88964e-01	6.50000e+00
2.50000e-03	7.98519e-01	1.20000e+01
6.00000e-03	6.42725e-01	1.20000e+01
9.50000e-03	5.68264e-01	1.20000e+01
1.30000e-02	5.19348e-01	1.20000e+01
1.65000e-02	4.82826e-01	1.20000e+01
1.00000e-03	8.08894e-01	6.50000e+00
2.40000e-03	6.71004e-01	6.50000e+00
3.80000e-03	6.05573e-01	6.50000e+00
5.20000e-03	5.63115e-01	6.50000e+00
6.60000e-03	5.31825e-01	6.50000e+00
1.60000e-03	7.32507e-01	6.50000e+00
3.84000e-03	6.04129e-01	6.50000e+00
6.08000e-03	5.42510e-01	6.50000e+00
8.32000e-03	5.02089e-01	6.50000e+00
1.05600e-02	4.71999e-01	6.50000e+00
8.70000e-05	1.84474e+00	1.50000e+01
2.08800e-04	1.51760e+00	1.50000e+01
3.30600e-04	1.36750e+00	1.50000e+01
4.52400e-04	1.27273e+00	1.50000e+01
5.74200e-04	1.20458e+00	1.50000e+01
2.50000e-03	6.65018e-01	6.50000e+00
6.00000e-03	5.44243e-01	6.50000e+00
9.50000e-03	4.85295e-01	6.50000e+00
1.30000e-02	4.46058e-01	6.50000e+00
1.65000e-02	4.16473e-01	6.50000e+00
1.00000e-04	1.78880e+00	1.50000e+01
2.40000e-04	1.47064e+00	1.50000e+01
3.80000e-04	1.32468e+00	1.50000e+01
5.20000e-04	1.23252e+00	1.50000e+01
6.60000e-04	1.16626e+00	1.50000e+01
1.00000e-04	1.78880e+00	1.50000e+01
2.40000e-04	1.47064e+00	1.50000e+01
3.80000e-04	1.32468e+00	1.50000e+01
5.20000e-04	1.23252e+00	1.50000e+01
6.60000e-04	1.16626e+00	1.50000e+01
1.14000e-04	1.73757e+00	1.50000e+01
2.73600e-04	1.42764e+00	1.50000e+01
4.33200e-04	1.28548e+00	1.50000e+01
5.92800e-04	1.19571e+00	1.50000e+01
7.52400e-04	1.13117e+00	1.50000e+01
4.93000e-05	1.65102e+00	8.50000e+00
1.18320e-04	1.38503e+00	8.50000e+00
1.87340e-04	1.26100e+00	8.50000e+00
2.56360e-04	1.18195e+00	8.50000e+00
3.25380e-04	1.12475e+00	8.50000e+00
1.23000e-04	1.70847e+00	1.50000e+01
2.95200e-04	1.40322e+00	1.50000e+01
4.67400e-04	1.26321e+00	1.50000e+01
6.39600e-04	1.17481e+00	1.50000e+01
8.11800e-04	1.11124e+00	1.50000e+01
5.25000e-05	1.63052e+00	8.50000e+00
1.26000e-04	1.36745e+00	8.50000e+00
1.99500e-04	1.24479e+00	8.50000e+00
2.73000e-04	1.16663e+00	8.50000e+00
3.46500e-04	1.11006e+00	8.50000e+00
1.60000e-04	1.61109e+00	1.50000e+01
3.84000e-04	1.32151e+00	1.50000e+01
6.08000e-04	1.18871e+00	1.50000e+01
8.32000e-04	1.10486e+00	1.50000e+01
1.05600e-03	1.04455e+00	1.50000e+01
5.60000e-05	1.60972e+00	8.50000e+00
1.34400e-04	1.34962e+00	8.50000e+00
2.12800e-04	1.22835e+00	8.50000e+00
2.91200e-04	1.15108e+00	8.50000e+00
3.69600e-04	1.09516e+00	8.50000e+00
1.60000e-04	1.61109e+00	1.50000e+01
3.84000e-04	1.32151e+00	1.50000e+01
6.08000e-04	1.18871e+00	1.50000e+01
8.32000e-04	1.10486e+00	1.50000e+01
1.05600e-03	1.04455e+00	1.50000e+01
6.20000e-05	1.57738e+00	8.50000e+00
1.48800e-04	1.32190e+00	8.50000e+00
2.35600e-04	1.20280e+00	8.50000e+00
3.22400e-04	1.12692e+00	8.50000e+00
4.09200e-04	1.07200e+00	8.50000e+00
2.50000e-04	1.45712e+00	1.50000e+01
6.00000e-04	1.19237e+00	1.50000e+01
9.50000e-04	1.07095e+00	1.50000e+01
1.30000e-03	9.94242e-01	1.50000e+01
1.65000e-03	9.39023e-01	1.50000e+01
6.45000e-05	1.56498e+00	8.50000e+00
1.54800e-04	1.31127e+00	8.50000e+00
2.45100e-04	1.19301e+00	8.50000e+00
3.35400e-04	1.11765e+00	8.50000e+00
4.25700e-04	1.06312e+00	8.50000e+00
4.00000e-04	1.30921e+00	1.50000e+01
9.60000e-04	1.06831e+00	1.50000e+01
1.52000e-03	9.57741e-01	1.50000e+01
2.08000e-03	8.87766e-01	1.50000e+01
2.64000e-03	8.37288e-01	1.50000e+01
6.95000e-05	1.54178e+00	8.50000e+00
1.66800e-04	1.29139e+00	8.50000e+00
2.64100e-04	1.17469e+00	8.50000e+00
3.61400e-04	1.10032e+00	8.50000e+00
4.58700e-04	1.04651e+00	8.50000e+00
6.50000e-04	1.17041e+00	1.50000e+01
1.56000e-03	9.51784e-01	1.50000e+01
2.47000e-03	8.51157e-01	1.50000e+01
3.38000e-03	7.87235e-01	1.50000e+01
4.29000e-03	7.40936e-01	1.50000e+01
6.95000e-05	1.54178e+00	8.50000e+00
1.66800e-04	1.29139e+00	8.50000e+00
2.64100e-04	1.17469e+00	8.50000e+00
3.61400e-04	1.10032e+00	8.50000e+00
4.58700e-04	1.04651e+00	8.50000e+00
1.00000e-03	1.05808e+00	1.50000e+01
2.40000e-03	8.57200e-01	1.50000e+01
3.80000e-03	7.64257e-01	1.50000e+01
5.20000e-03	7.04875e-01	1.50000e+01
6.60000e-03	6.61619e-01	1.50000e+01
1.00000e-04	1.43301e+00	8.50000e+00
2.40000e-04	1.19821e+00	8.50000e+00
3.80000e-04	1.08880e+00	8.50000e+00
5.20000e-04	1.01910e+00	8.50000e+00
6.60000e-04	9.68662e-01	8.50000e+00
1.60000e-03	9.46007e-01	1.50000e+01
3.84000e-03	7.62225e-01	1.50000e+01
6.08000e-03	6.76340e-01	1.50000e+01
8.32000e-03	6.20934e-01	1.50000e+01
1.05600e-02	5.80205e-01	1.50000e+01
1.00000e-04	1.43301e+00	8.50000e+00
2.40000e-04	1.19821e+00	8.50000e+00
3.80000e-04	1.08880e+00	8.50000e+00
5.20000e-04	1.01910e+00	8.50000e+00
6.60000e-04	9.68662e-01	8.50000e+00
2.50000e-03	8.48629e-01	1.50000e+01
6.00000e-03	6.78732e-01	1.50000e+01
9.50000e-03	5.98146e-01	1.50000e+01
1.30000e-02	5.45463e-01	1.50000e+01
1.65000e-02	5.06272e-01	1.50000e+01
1.60000e-04	1.30244e+00	8.50000e+00
3.84000e-04	1.08641e+00	8.50000e+00
6.08000e-04	9.85783e-01	8.50000e+00
8.32000e-04	9.21668e-01	8.50000e+00
1.05600e-03	8.75256e-01	8.50000e+00
4.00000e-03	7.54337e-01	1.50000e+01
9.60000e-03	5.96361e-01	1.50000e+01
1.52000e-02	5.19699e-01	1.50000e+01
2.08000e-02	4.68629e-01	1.50000e+01
2.64000e-02	4.30047e-01	1.50000e+01
2.50000e-04	1.18812e+00	8.50000e+00
6.00000e-04	9.88570e-01	8.50000e+00
9.50000e-04	8.95608e-01	8.50000e+00
1.30000e-03	8.36339e-01	8.50000e+00
1.65000e-03	7.93391e-01	8.50000e+00
4.00000e-04	1.07714e+00	8.50000e+00
9.60000e-04	8.93577e-01	8.50000e+00
1.52000e-03	8.07978e-01	8.50000e+00
2.08000e-03	7.53295e-01	8.50000e+00
2.64000e-03	7.13575e-01	8.50000e+00
1.04500e-04	1.89502e+00	1.80000e+01
2.50800e-04	1.54906e+00	1.80000e+01
3.97100e-04	1.39112e+00	1.80000e+01
5.43400e-04	1.29168e+00	1.80000e+01
6.89700e-04	1.22031e+00	1.80000e+01
6.50000e-04	9.71828e-01	8.50000e+00
1.56000e-03	8.03339e-01	8.50000e+00
2.47000e-03	7.24512e-01	8.50000e+00
3.38000e-03	6.73943e-01	8.50000e+00
4.29000e-03	6.37045e-01	8.50000e+00
1.18500e-04	1.84140e+00	1.80000e+01
2.84400e-04	1.50434e+00	1.80000e+01
4.50300e-04	1.35048e+00	1.80000e+01
6.16200e-04	1.25360e+00	1.80000e+01
7.82100e-04	1.18408e+00	1.80000e+01
1.00000e-03	8.85692e-01	8.50000e+00
2.40000e-03	7.29272e-01	8.50000e+00
3.80000e-03	6.55660e-01	8.50000e+00
5.20000e-03	6.08134e-01	8.50000e+00
6.60000e-03	5.73241e-01	8.50000e+00
1.34000e-04	1.79030e+00	1.80000e+01
3.21600e-04	1.46173e+00	1.80000e+01
5.09200e-04	1.31176e+00	1.80000e+01
6.96800e-04	1.21733e+00	1.80000e+01
8.84400e-04	1.14956e+00	1.80000e+01
1.60000e-03	7.98837e-01	8.50000e+00
3.84000e-03	6.54041e-01	8.50000e+00
6.08000e-03	5.85144e-01	8.50000e+00
8.32000e-03	5.40191e-01	8.50000e+00
1.05600e-02	5.06862e-01	8.50000e+00
1.34000e-04	1.79030e+00	1.80000e+01
3.21600e-04	1.46173e+00	1.80000e+01
5.09200e-04	1.31176e+00	1.80000e+01
6.96800e-04	1.21733e+00	1.80000e+01
8.84400e-04	1.14956e+00	1.80000e+01
2.50000e-03	7.22520e-01	8.50000e+00
6.00000e-03	5.87075e-01	8.50000e+00
9.50000e-03	5.21575e-01	8.50000e+00
1.30000e-02	4.78226e-01	8.50000e+00
1.65000e-02	4.45679e-01	8.50000e+00
1.64000e-04	1.70910e+00	1.80000e+01
3.93600e-04	1.39403e+00	1.80000e+01
6.23200e-04	1.25023e+00	1.80000e+01
8.52800e-04	1.15969e+00	1.80000e+01
1.08240e-03	1.09469e+00	1.80000e+01
1.64000e-04	1.70910e+00	1.80000e+01
3.93600e-04	1.39403e+00	1.80000e+01
6.23200e-04	1.25023e+00	1.80000e+01
8.52800e-04	1.15969e+00	1.80000e+01
1.08240e-03	1.09469e+00	1.80000e+01
6.50000e-05	1.67192e+00	1.00000e+01
1.56000e-04	1.39406e+00	1.00000e+01
2.47000e-04	1.26512e+00	1.00000e+01
3.38000e-04	1.18318e+00	1.00000e+01
4.29000e-04	1.12399e+00	1.00000e+01
2.50000e-04	1.55022e+00	1.80000e+01
6.00000e-04	1.26159e+00	1.80000e+01
9.50000e-04	1.12987e+00	1.80000e+01
1.30000e-03	1.04688e+00	1.80000e+01
1.65000e-03	9.87270e-01	1.80000e+01
1.00000e-04	1.52964e+00	1.00000e+01
2.40000e-04	1.27287e+00	1.00000e+01
3.80000e-04	1.15377e+00	1.00000e+01
5.20000e-04	1.07810e+00	1.00000e+01
6.60000e-04	1.02343e+00	1.00000e+01
2.50000e-04	1.55022e+00	1.80000e+01
6.00000e-04	1.26159e+00	1.80000e+01
9.50000e-04	1.12987e+00	1.80000e+01
1.30000e-03	1.04688e+00	1.80000e+01
1.65000e-03	9.87270e-01	1.80000e+01
1.60000e-04	1.38667e+00	1.00000e+01
3.84000e-04	1.15118e+00	1.00000e+01
6.08000e-04	1.04198e+00	1.00000e+01
8.32000e-04	9.72587e-01	1.00000e+01
1.05600e-03	9.22452e-01	1.00000e+01
4.00000e-04	1.38874e+00	1.80000e+01
9.60000e-04	1.12701e+00	1.80000e+01
1.52000e-03	1.00747e+00	1.80000e+01
2.08000e-03	9.32036e-01	1.80000e+01
2.64000e-03	8.77741e-01	1.80000e+01
2.50000e-04	1.26188e+00	1.00000e+01
6.00000e-04	1.04500e+00	1.00000e+01
9.50000e-04	9.44427e-01	1.00000e+01
1.30000e-03	8.80477e-01	1.00000e+01
1.65000e-03	8.34226e-01	1.00000e+01
6.50000e-04	1.23773e+00	1.80000e+01
1.56000e-03	1.00104e+00	1.80000e+01
2.47000e-03	8.92649e-01	1.80000e+01
3.38000e-03	8.24011e-01	1.80000e+01
4.29000e-03	7.74413e-01	1.80000e+01
4.00000e-04	1.14110e+00	1.00000e+01
9.60000e-04	9.42233e-01	1.00000e+01
1.52000e-03	8.49925e-01	1.00000e+01
2.08000e-03	7.91118e-01	1.00000e+01
2.64000e-03	7.48488e-01	1.00000e+01
1.00000e-03	1.11593e+00	1.80000e+01
2.40000e-03	8.99147e-01	1.80000e+01
3.80000e-03	7.99382e-01	1.80000e+01
5.20000e-03	7.35855e-01	1.80000e+01
6.60000e-03	6.89697e-01	1.80000e+01
6.50000e-04	1.02686e+00	1.00000e+01
1.56000e-03	8.44931e-01	1.00000e+01
2.47000e-03	7.60219e-01	1.00000e+01
3.38000e-03	7.06029e-01	1.00000e+01
4.29000e-03	6.66573e-01	1.00000e+01
1.60000e-03	9.94804e-01	1.80000e+01
3.84000e-03	7.97205e-01	1.80000e+01
6.08000e-03	7.05394e-01	1.80000e+01
8.32000e-03	6.46381e-01	1.80000e+01
1.05600e-02	6.03121e-01	1.80000e+01
1.00000e-03	9.33718e-01	1.00000e+01
2.40000e-03	7.65326e-01	1.00000e+01
3.80000e-03	6.86469e-01	1.00000e+01
5.20000e-03	6.35710e-01	1.00000e+01
6.60000e-03	5.98528e-01	1.00000e+01
2.50000e-03	8.89931e-01	1.80000e+01
6.00000e-03	7.07946e-01	1.80000e+01
9.50000e-03	6.22164e-01	1.80000e+01
1.30000e-02	5.66309e-01	1.80000e+01
1.65000e-02	5.24886e-01	1.80000e+01
2.50000e-03	7.58082e-01	1.00000e+01
6.00000e-03	6.13261e-01	1.00000e+01
9.50000e-03	5.43613e-01	1.00000e+01
1.30000e-02	4.97679e-01	1.00000e+01
1.65000e-02	4.63282e-01	1.00000e+01
4.00000e-03	7.88758e-01	1.80000e+01
9.60000e-03	6.20269e-01	1.80000e+01
1.52000e-02	5.39064e-01	1.80000e+01
2.08000e-02	4.85208e-01	1.80000e+01
2.64000e-02	4.44653e-01	1.80000e+01
1.45000e-04	1.88599e+00	2.20000e+01
3.48000e-04	1.52978e+00	2.20000e+01
5.51000e-04	1.36805e+00	2.20000e+01
7.54000e-04	1.26653e+00	2.20000e+01
9.57000e-04	1.19383e+00	2.20000e+01
1.00000e-03	1.33520e+00	3.50000e+01
2.40000e-03	1.05304e+00	3.50000e+01
3.80000e-03	9.25713e-01	3.50000e+01
5.20000e-03	8.45629e-01	3.50000e+01
6.60000e-03	7.87987e-01	3.50000e+01
1.60000e-04	1.84251e+00	2.20000e+01
3.84000e-04	1.49377e+00	2.20000e+01
6.08000e-04	1.33545e+00	2.20000e+01
8.32000e-04	1.23606e+00	2.20000e+01
1.05600e-03	1.16488e+00	2.20000e+01
1.60000e-03	1.17670e+00	3.50000e+01
3.84000e-03	9.22955e-01	3.50000e+01
6.08000e-03	8.07535e-01	3.50000e+01
8.32000e-03	7.34354e-01	3.50000e+01
1.05600e-02	6.81273e-01	3.50000e+01
1.72500e-04	1.80990e+00	2.20000e+01
4.14000e-04	1.46677e+00	2.20000e+01
6.55500e-04	1.31099e+00	2.20000e+01
8.97000e-04	1.21320e+00	2.20000e+01
1.13850e-03	1.14316e+00	2.20000e+01
2.50000e-03	1.04120e+00	3.50000e+01
6.00000e-03	8.10718e-01	3.50000e+01
9.50000e-03	7.04578e-01	3.50000e+01
1.30000e-02	6.36508e-01	3.50000e+01
1.65000e-02	5.86616e-01	3.50000e+01
1.94000e-04	1.76001e+00	2.20000e+01
4.65600e-04	1.42547e+00	2.20000e+01
7.37200e-04	1.27360e+00	2.20000e+01
1.00880e-03	1.17825e+00	2.20000e+01
1.28040e-03	1.10995e+00	2.20000e+01
4.00000e-03	9.12262e-01	3.50000e+01
9.60000e-03	7.02254e-01	3.50000e+01
1.52000e-02	6.03635e-01	3.50000e+01
2.08000e-02	5.39324e-01	3.50000e+01
2.64000e-02	4.91514e-01	3.50000e+01
2.50000e-04	1.65652e+00	2.20000e+01
6.00000e-04	1.33979e+00	2.20000e+01
9.50000e-04	1.19601e+00	2.20000e+01
1.30000e-03	1.10571e+00	2.20000e+01
1.65000e-03	1.04099e+00	2.20000e+01
2.50000e-04	1.65652e+00	2.20000e+01
6.00000e-04	1.33979e+00	2.20000e+01
9.50000e-04	1.19601e+00	2.20000e+01
1.30000e-03	1.10571e+00	2.20000e+01
1.65000e-03	1.04099e+00	2.20000e+01
2.96000e-04	1.59067e+00	2.20000e+01
7.10400e-04	1.28528e+00	2.20000e+01
1.12480e-03	1.14663e+00	2.20000e+01
1.53920e-03	1.05953e+00	2.20000e+01
1.95360e-03	9.97061e-01	2.20000e+01
4.00000e-04	1.47906e+00	2.20000e+01
9.60000e-04	1.19290e+00	2.20000e+01
1.52000e-03	1.06290e+00	2.20000e+01
2.08000e-03	9.81142e-01	2.20000e+01
2.64000e-03	9.22431e-01	2.20000e+01
6.50000e-04	1.31371e+00	2.20000e+01
1.56000e-03	1.05593e+00	2.20000e+01
2.47000e-03	9.38539e-01	2.20000e+01
3.38000e-03	8.64457e-01	2.20000e+01
4.29000e-03	8.11063e-01	2.20000e+01
2.95000e-04	1.97915e+00	4.50000e+01
7.08000e-04	1.56217e+00	4.50000e+01
1.12100e-03	1.37641e+00	4.50000e+01
1.53400e-03	1.26102e+00	4.50000e+01
1.94700e-03	1.17895e+00	4.50000e+01
1.00000e-03	1.18083e+00	2.20000e+01
2.40000e-03	9.45563e-01	2.20000e+01
3.80000e-03	8.37928e-01	2.20000e+01
5.20000e-03	7.69642e-01	2.20000e+01
6.60000e-03	7.20165e-01	2.20000e+01
3.17000e-04	1.94144e+00	4.50000e+01
7.60800e-04	1.53171e+00	4.50000e+01
1.20460e-03	1.34917e+00	4.50000e+01
1.64840e-03	1.23576e+00	4.50000e+01
2.09220e-03	1.15509e+00	4.50000e+01
1.60000e-03	1.04916e+00	2.20000e+01
3.84000e-03	8.35585e-01	2.20000e+01
6.08000e-03	7.36977e-01	2.20000e+01
8.32000e-03	6.73853e-01	2.20000e+01
1.05600e-02	6.27724e-01	2.20000e+01
3.50000e-04	1.89059e+00	4.50000e+01
8.40000e-04	1.49063e+00	4.50000e+01
1.33000e-03	1.31243e+00	4.50000e+01
1.82000e-03	1.20169e+00	4.50000e+01
2.31000e-03	1.12290e+00	4.50000e+01
2.50000e-03	9.35601e-01	2.20000e+01
6.00000e-03	7.39712e-01	2.20000e+01
9.50000e-03	6.48014e-01	2.20000e+01
1.30000e-02	5.88574e-01	2.20000e+01
1.65000e-02	5.44645e-01	2.20000e+01
4.00000e-04	1.82394e+00	4.50000e+01
9.60000e-04	1.43678e+00	4.50000e+01
1.52000e-03	1.26427e+00	4.50000e+01
2.08000e-03	1.15701e+00	4.50000e+01
2.64000e-03	1.08066e+00	4.50000e+01
4.00000e-03	8.26493e-01	2.20000e+01
9.60000e-03	6.45993e-01	2.20000e+01
1.52000e-02	5.59666e-01	2.20000e+01
2.08000e-02	5.02695e-01	2.20000e+01
2.64000e-02	4.59956e-01	2.20000e+01
4.00000e-04	1.82394e+00	4.50000e+01
9.60000e-04	1.43678e+00	4.50000e+01
1.52000e-03	1.26427e+00	4.50000e+01
2.08000e-03	1.15701e+00	4.50000e+01
2.64000e-03	1.08066e+00	4.50000e+01
4.60000e-04	1.75646e+00	4.50000e+01
1.10400e-03	1.38226e+00	4.50000e+01
1.74800e-03	1.21548e+00	4.50000e+01
2.39200e-03	1.11174e+00	4.50000e+01
3.03600e-03	1.03783e+00	4.50000e+01
5.50000e-04	1.67346e+00	4.50000e+01
1.32000e-03	1.31520e+00	4.50000e+01
2.09000e-03	1.15544e+00	4.50000e+01
2.86000e-03	1.05596e+00	4.50000e+01
3.63000e-03	9.85023e-01	4.50000e+01
1.57000e-04	1.98345e+00	2.70000e+01
3.76800e-04	1.59786e+00	2.70000e+01
5.96600e-04	1.42374e+00	2.70000e+01
8.16400e-04	1.31477e+00	2.70000e+01
1.03620e-03	1.23690e+00	2.70000e+01
6.50000e-04	1.59907e+00	4.50000e+01
1.56000e-03	1.25508e+00	4.50000e+01
2.47000e-03	1.10155e+00	4.50000e+01
3.38000e-03	1.00586e+00	4.50000e+01
4.29000e-03	9.37528e-01	4.50000e+01
1.67500e-04	1.95229e+00	2.70000e+01
4.02000e-04	1.57223e+00	2.70000e+01
6.36500e-04	1.40061e+00	2.70000e+01
8.71000e-04	1.29321e+00	2.70000e+01
1.10550e-03	1.21646e+00	2.70000e+01
6.50000e-04	1.59907e+00	4.50000e+01
1.56000e-03	1.25508e+00	4.50000e+01
2.47000e-03	1.10155e+00	4.50000e+01
3.38000e-03	1.00586e+00	4.50000e+01
4.29000e-03	9.37528e-01	4.50000e+01
1.77500e-04	1.92475e+00	2.70000e+01
4.26000e-04	1.54959e+00	2.70000e+01
6.74500e-04	1.38019e+00	2.70000e+01
9.23000e-04	1.27417e+00	2.70000e+01
1.17150e-03	1.19840e+00	2.70000e+01
1.00000e-03	1.42066e+00	4.50000e+01
2.40000e-03	1.11067e+00	4.50000e+01
3.80000e-03	9.71836e-01	4.50000e+01
5.20000e-03	8.84929e-01	4.50000e+01
6.60000e-03	8.22605e-01	4.50000e+01
2.05000e-04	1.85788e+00	2.70000e+01
4.92000e-04	1.49460e+00	2.70000e+01
7.79000e-04	1.33058e+00	2.70000e+01
1.06600e-03	1.22791e+00	2.70000e+01
1.35300e-03	1.15453e+00	2.70000e+01
1.60000e-03	1.24617e+00	4.50000e+01
3.84000e-03	9.68838e-01	4.50000e+01
6.08000e-03	8.43718e-01	4.50000e+01
8.32000e-03	7.64809e-01	4.50000e+01
1.05600e-02	7.07808e-01	4.50000e+01
2.05000e-04	1.85788e+00	2.70000e+01
4.92000e-04	1.49460e+00	2.70000e+01
7.79000e-04	1.33058e+00	2.70000e+01
1.06600e-03	1.22791e+00	2.70000e+01
1.35300e-03	1.15453e+00	2.70000e+01
2.50000e-03	1.09774e+00	4.50000e+01
6.00000e-03	8.47159e-01	4.50000e+01
9.50000e-03	7.32807e-01	4.50000e+01
1.30000e-02	6.59909e-01	4.50000e+01
1.65000e-02	6.06724e-01	4.50000e+01
2.50000e-04	1.76919e+00	2.70000e+01
6.00000e-04	1.42169e+00	2.70000e+01
9.50000e-04	1.26479e+00	2.70000e+01
1.30000e-03	1.16656e+00	2.70000e+01
1.65000e-03	1.09632e+00	2.70000e+01
4.00000e-03	9.57215e-01	4.50000e+01
9.60000e-03	7.30312e-01	4.50000e+01
1.52000e-02	6.24841e-01	4.50000e+01
2.08000e-02	5.56523e-01	4.50000e+01
2.64000e-02	5.05993e-01	4.50000e+01
2.50000e-04	1.76919e+00	2.70000e+01
6.00000e-04	1.42169e+00	2.70000e+01
9.50000e-04	1.26479e+00	2.70000e+01
1.30000e-03	1.16656e+00	2.70000e+01
1.65000e-03	1.09632e+00	2.70000e+01
4.00000e-04	1.57420e+00	2.70000e+01
9.60000e-04	1.26140e+00	2.70000e+01
1.52000e-03	1.12009e+00	2.70000e+01
2.08000e-03	1.03150e+00	2.70000e+01
2.64000e-03	9.68046e-01	2.70000e+01
4.00000e-04	1.57420e+00	2.70000e+01
9.60000e-04	1.26140e+00	2.70000e+01
1.52000e-03	1.12009e+00	2.70000e+01
2.08000e-03	1.03150e+00	2.70000e+01
2.64000e-03	9.68046e-01	2.70000e+01
6.50000e-04	1.39319e+00	2.70000e+01
1.56000e-03	1.11252e+00	2.70000e+01
2.47000e-03	9.85441e-01	2.70000e+01
3.38000e-03	9.05525e-01	2.70000e+01
4.29000e-03	8.48078e-01	2.70000e+01
1.00000e-03	1.24826e+00	2.70000e+01
2.40000e-03	9.93031e-01	2.70000e+01
3.80000e-03	8.76966e-01	2.70000e+01
5.20000e-03	8.03610e-01	2.70000e+01
6.60000e-03	7.50614e-01	2.70000e+01
1.60000e-03	1.10519e+00	2.70000e+01
3.84000e-03	8.74444e-01	2.70000e+01
6.08000e-03	7.68606e-01	2.70000e+01
8.32000e-03	7.01136e-01	2.70000e+01
1.05600e-02	6.51992e-01	2.70000e+01
2.50000e-03	9.82268e-01	2.70000e+01
6.00000e-03	7.71534e-01	2.70000e+01
9.50000e-03	6.73591e-01	2.70000e+01
1.30000e-02	6.10399e-01	2.70000e+01
1.65000e-02	5.63864e-01	2.70000e+01
4.00000e-03	8.64665e-01	2.70000e+01
9.60000e-03	6.71439e-01	2.70000e+01
1.52000e-02	5.79759e-01	2.70000e+01
2.08000e-02	5.19570e-01	2.70000e+01
2.64000e-02	4.74592e-01	2.70000e+01
2.30000e-04	1.95946e+00	3.50000e+01
5.52000e-04	1.56210e+00	3.50000e+01
8.74000e-04	1.38390e+00	3.50000e+01
1.19600e-03	1.27279e+00	3.50000e+01
1.51800e-03	1.19360e+00	3.50000e+01
2.50000e-04	1.91802e+00	3.50000e+01
6.00000e-04	1.52832e+00	3.50000e+01
9.50000e-04	1.35356e+00	3.50000e+01
1.30000e-03	1.24460e+00	3.50000e+01
1.65000e-03	1.16691e+00	3.50000e+01
2.65500e-04	1.88862e+00	3.50000e+01
6.37200e-04	1.50436e+00	3.50000e+01
1.00890e-03	1.33205e+00	3.50000e+01
1.38060e-03	1.22459e+00	3.50000e+01
1.75230e-03	1.14797e+00	3.50000e+01
2.87000e-04	1.85117e+00	3.50000e+01
6.88800e-04	1.47385e+00	3.50000e+01
1.09060e-03	1.30463e+00	3.50000e+01
1.49240e-03	1.19910e+00	3.50000e+01
1.89420e-03	1.12384e+00	3.50000e+01
3.08000e-04	1.81779e+00	3.50000e+01
7.39200e-04	1.44665e+00	3.50000e+01
1.17040e-03	1.28020e+00	3.50000e+01
1.60160e-03	1.17638e+00	3.50000e+01
2.03280e-03	1.10232e+00	3.50000e+01
3.28500e-04	1.78781e+00	3.50000e+01
7.88400e-04	1.42222e+00	3.50000e+01
1.24830e-03	1.25825e+00	3.50000e+01
1.70820e-03	1.15596e+00	3.50000e+01
2.16810e-03	1.08298e+00	3.50000e+01
4.00000e-04	1.69892e+00	3.50000e+01
9.60000e-04	1.34980e+00	3.50000e+01
1.52000e-03	1.19317e+00	3.50000e+01
2.08000e-03	1.09539e+00	3.50000e+01
2.64000e-03	1.02557e+00	3.50000e+01
4.00000e-04	1.69892e+00	3.50000e+01
9.60000e-04	1.34980e+00	3.50000e+01
1.52000e-03	1.19317e+00	3.50000e+01
2.08000e-03	1.09539e+00	3.50000e+01
2.64000e-03	1.02557e+00	3.50000e+01
5.00000e-04	1.60304e+00	3.50000e+01
1.20000e-03	1.27166e+00	3.50000e+01
1.90000e-03	1.12290e+00	3.50000e+01
2.60000e-03	1.02993e+00	3.50000e+01
3.30000e-03	9.63467e-01	3.50000e+01
6.50000e-04	1.49652e+00	3.50000e+01
1.56000e-03	1.18480e+00	3.50000e+01
2.47000e-03	1.04469e+00	3.50000e+01
3.38000e-03	9.56977e-01	3.50000e+01
4.29000e-03	8.94137e-01	3.50000e+01
