12.0   0.000320    0.415   1.217   0.245   1.249   2.0   0.6   1.7   1.0 
12.0   0.000500    0.266   1.146   0.239   1.156   1.8   0.7   1.4   1.0 
15.0   0.000320    0.519   1.283   0.249   1.342   2.4   0.7   1.9   1.4 
15.0   0.000500    0.332   1.228   0.243   1.247   1.9   0.6   1.6   0.7 
15.0   0.000800    0.208   1.115   0.238   1.121   1.7   0.6   1.4   0.8 
15.0   0.00130     0.127   0.969   0.234   0.971   2.9   0.6   1.4   2.4 
15.0   0.00200     0.083   0.865   0.232   0.866   2.5   0.6   1.5   2.0 
15.0   0.00320     0.052   0.774   0.234   0.774   2.5   0.7   1.5   1.9 
15.0   0.00500     0.033   0.708   0.237   0.708   2.4   0.8   1.5   1.7 
15.0   0.0100      0.017   0.575   0.244   0.575   2.7   0.7   1.4   2.2 
15.0   0.0320      0.005   0.453   0.211   0.453   6.4   1.0   3.3   5.5 
20.0   0.000500    0.443   1.285   0.246   1.324   2.0   0.6   1.6   0.9 
20.0   0.000800    0.277   1.178   0.241   1.190   1.8   0.6   1.4   1.0 
20.0   0.00130     0.170   1.059   0.237   1.062   1.8   0.6   1.4   1.0 
20.0   0.00200     0.111   0.939   0.235   0.940   2.8   0.7   1.4   2.3 
20.0   0.00320     0.069   0.819   0.234   0.819   2.3   0.7   1.5   1.7 
20.0   0.00500     0.044   0.747   0.235   0.747   2.2   0.8   1.5   1.3 
20.0   0.0100      0.022   0.610   0.238   0.610   2.4   0.7   1.4   1.8 
20.0   0.0320      0.007   0.455   0.198   0.455   6.8   1.0   3.3   5.9 
25.0   0.000500    0.553   1.345   0.248   1.417   2.4   1.0   1.8   1.2 
25.0   0.000800    0.346   1.242   0.243   1.263   1.9   0.7   1.6   0.9 
25.0   0.00130     0.213   1.091   0.238   1.097   1.8   0.7   1.4   0.9 
25.0   0.00200     0.138   0.985   0.236   0.987   2.9   0.8   1.4   2.4 
25.0   0.00320     0.086   0.879   0.234   0.880   2.8   0.8   1.5   2.2 
25.0   0.00500     0.055   0.754   0.234   0.754   2.4   0.9   1.5   1.6 
25.0   0.00800     0.034   0.663   0.234   0.663   2.5   0.9   1.5   1.8 
25.0   0.0158      0.018   0.547   0.226   0.547   3.7   0.9   1.5   3.3 
25.0   0.0500      0.005   0.447   0.148   0.447   7.5   1.3   3.3   6.6 
35.0   0.000800    0.484   1.354   0.244   1.405   2.2   0.9   1.7   1.1 
35.0   0.00130     0.298   1.181   0.239   1.195   1.8   0.8   1.4   0.8 
35.0   0.00200     0.194   1.031   0.235   1.035   1.8   0.8   1.4   0.8 
35.0   0.00320     0.121   0.935   0.233   0.936   3.1   0.9   1.5   2.5 
35.0   0.00500     0.077   0.821   0.231   0.821   2.7   0.9   1.5   2.0 
35.0   0.00800     0.048   0.719   0.228   0.719   2.4   1.0   1.5   1.6 
35.0   0.0130      0.030   0.625   0.222   0.625   3.2   1.1   1.6   2.6 
35.0   0.0251      0.015   0.524   0.195   0.524   4.1   1.1   1.6   3.6 
35.0   0.0800      0.005   0.413   0.095   0.413   9.2   1.8   3.5   8.3 
45.0   0.00130     0.383   1.282   0.238   1.309   1.9   0.9   1.7   0.3 
45.0   0.00200     0.249   1.107   0.234   1.115   1.8   0.9   1.4   0.6 
45.0   0.00320     0.156   0.979   0.231   0.982   1.8   0.9   1.4   0.7 
45.0   0.00500     0.099   0.872   0.228   0.873   2.8   1.1   1.5   2.1 
45.0   0.00800     0.062   0.743   0.224   0.743   2.5   1.1   1.5   1.6 
45.0   0.0130      0.038   0.649   0.215   0.649   2.8   1.3   1.6   2.0 
45.0   0.0251      0.020   0.525   0.187   0.525   4.3   1.2   1.6   3.8 
45.0   0.0800      0.006   0.396   0.091   0.396   7.6   2.1   3.5   6.4 
60.0   0.00200     0.332   1.245   0.231   1.263   2.1   1.0   1.7   0.7 
60.0   0.00320     0.208   1.052   0.227   1.057   1.9   1.1   1.4   0.7 
60.0   0.00500     0.133   0.900   0.223   0.902   3.1   1.2   1.6   2.3 
60.0   0.00800     0.083   0.803   0.218   0.804   2.8   1.3   1.6   1.9 
60.0   0.0130      0.051   0.683   0.208   0.683   2.9   1.4   1.7   2.0 
60.0   0.0200      0.033   0.597   0.192   0.597   4.1   1.7   1.8   3.2 
60.0   0.0398      0.017   0.506   0.145   0.506   4.7   1.8   1.9   3.9 
60.0   0.130       0.005   0.360   0.057   0.360   9.4   3.0   3.8   8.1 
90.0   0.00320     0.311   1.107   0.221   1.120   2.6   1.4   1.8   1.2 
90.0   0.00500     0.199   0.999   0.216   1.004   2.2   1.3   1.5   0.9 
90.0   0.00800     0.124   0.845   0.209   0.846   3.3   1.5   1.7   2.5 
90.0   0.0130      0.076   0.728   0.197   0.728   2.8   1.6   1.8   1.4 
90.0   0.0200      0.050   0.618   0.180   0.618   3.9   1.8   1.9   2.8 
90.0   0.0398      0.025   0.506   0.135   0.506   3.8   2.0   1.9   2.7 
90.0   0.130       0.008   0.339   0.053   0.339   4.8   3.3   2.0   2.9 
120.0   0.00500     0.266   1.011   0.210   1.019   3.7   2.4   2.1   1.9 
120.0   0.00800     0.166   0.839   0.202   0.841   3.0   1.9   1.8   1.4 
120.0   0.0130      0.102   0.744   0.190   0.745   4.6   2.1   2.0   3.6 
120.0   0.0200      0.066   0.604   0.173   0.605   4.0   2.3   2.1   2.5 
120.0   0.0320      0.041   0.558   0.145   0.558   5.8   2.8   2.5   4.5 
120.0   0.0631      0.021   0.462   0.094   0.462   4.9   3.0   2.7   2.9 
120.0   0.200       0.007   0.312   0.037   0.312  10.6   4.8   4.8   8.2 
150.0   0.0200      0.083   0.709   0.167   0.709   8.9   4.4   3.8   6.6 
150.0   0.0320      0.052   0.550   0.140   0.550   8.0   5.1   4.1   4.7 
150.0   0.0631      0.026   0.418   0.090   0.418   9.0   5.7   4.4   5.4 
150.0   0.200       0.008   0.296   0.036   0.296  12.9   8.4   7.1   6.7 

#*************************************************************************
#*  H1 data of 96/97, Luminosity = 17.9 pb-1
#*************************************************************************
#*                                                  errors in % of sigma_r:
#*q2/GeV2    x         y    sigma_r    R      F2    total  stat  unc. corr.
#*
