3.10500e-07	8.32242e-02	4.50000e-02
7.45200e-07	7.90595e-02	4.50000e-02
1.17990e-06	7.69244e-02	4.50000e-02
1.61460e-06	7.54856e-02	4.50000e-02
2.04930e-06	7.44013e-02	4.50000e-02
3.31000e-05	3.03464e-01	3.50000e-01
7.94400e-05	2.74576e-01	3.50000e-01
1.25780e-04	2.59906e-01	3.50000e-01
1.72120e-04	2.50092e-01	3.50000e-01
2.18460e-04	2.42742e-01	3.50000e-01
4.48500e-07	1.12313e-01	6.50000e-02
1.07640e-06	1.06273e-01	6.50000e-02
1.70430e-06	1.03176e-01	6.50000e-02
2.33220e-06	1.01088e-01	6.50000e-02
2.96010e-06	9.95151e-02	6.50000e-02
6.50000e-05	2.81088e-01	3.50000e-01
1.56000e-04	2.53151e-01	3.50000e-01
2.47000e-04	2.38995e-01	3.50000e-01
3.38000e-04	2.29539e-01	3.50000e-01
4.29000e-04	2.22466e-01	3.50000e-01
5.10000e-07	1.11415e-01	6.50000e-02
1.22400e-06	1.05402e-01	6.50000e-02
1.93800e-06	1.02318e-01	6.50000e-02
2.65200e-06	1.00239e-01	6.50000e-02
3.36600e-06	9.86718e-02	6.50000e-02
1.10000e-04	2.64150e-01	3.50000e-01
2.64000e-04	2.36974e-01	3.50000e-01
4.18000e-04	2.23232e-01	3.50000e-01
5.72000e-04	2.14067e-01	3.50000e-01
7.26000e-04	2.07220e-01	3.50000e-01
5.85000e-07	1.39138e-01	8.50000e-02
1.40400e-06	1.31215e-01	8.50000e-02
2.22300e-06	1.27152e-01	8.50000e-02
3.04200e-06	1.24413e-01	8.50000e-02
3.86100e-06	1.22350e-01	8.50000e-02
2.50000e-04	2.38628e-01	3.50000e-01
6.00000e-04	2.12686e-01	3.50000e-01
9.50000e-04	1.99623e-01	3.50000e-01
1.30000e-03	1.90936e-01	3.50000e-01
1.65000e-03	1.84460e-01	3.50000e-01
6.70000e-07	1.37893e-01	8.50000e-02
1.60800e-06	1.30009e-01	8.50000e-02
2.54600e-06	1.25964e-01	8.50000e-02
3.48400e-06	1.23237e-01	8.50000e-02
4.42200e-06	1.21182e-01	8.50000e-02
1.25500e-03	1.91902e-01	3.50000e-01
3.01200e-03	1.68616e-01	3.50000e-01
4.76900e-03	1.57022e-01	3.50000e-01
6.52600e-03	1.49366e-01	3.50000e-01
8.28300e-03	1.43690e-01	3.50000e-01
7.80000e-07	1.36507e-01	8.50000e-02
1.87200e-06	1.28664e-01	8.50000e-02
2.96400e-06	1.24639e-01	8.50000e-02
4.05600e-06	1.21925e-01	8.50000e-02
5.14800e-06	1.19879e-01	8.50000e-02
4.41500e-06	4.14548e-01	4.00000e-01
1.05960e-05	3.78322e-01	4.00000e-01
1.67770e-05	3.59900e-01	4.00000e-01
2.29580e-05	3.47560e-01	4.00000e-01
2.91390e-05	3.38307e-01	4.00000e-01
7.55000e-07	1.70269e-01	1.10000e-01
1.81200e-06	1.59987e-01	1.10000e-01
2.86900e-06	1.54716e-01	1.10000e-01
3.92600e-06	1.51163e-01	1.10000e-01
4.98300e-06	1.48487e-01	1.10000e-01
5.50000e-06	4.05315e-01	4.00000e-01
1.32000e-05	3.69462e-01	4.00000e-01
2.09000e-05	3.51235e-01	4.00000e-01
2.86000e-05	3.39027e-01	4.00000e-01
3.63000e-05	3.29876e-01	4.00000e-01
8.65000e-07	1.68650e-01	1.10000e-01
2.07600e-06	1.58418e-01	1.10000e-01
3.28700e-06	1.53171e-01	1.10000e-01
4.49800e-06	1.49634e-01	1.10000e-01
5.70900e-06	1.46969e-01	1.10000e-01
6.65000e-06	3.97414e-01	4.00000e-01
1.59600e-05	3.61882e-01	4.00000e-01
2.52700e-05	3.43823e-01	4.00000e-01
3.45800e-05	3.31730e-01	4.00000e-01
4.38900e-05	3.22666e-01	4.00000e-01
1.01000e-06	1.66815e-01	1.10000e-01
2.42400e-06	1.56640e-01	1.10000e-01
3.83800e-06	1.51419e-01	1.10000e-01
5.25200e-06	1.47899e-01	1.10000e-01
6.66600e-06	1.45247e-01	1.10000e-01
8.50000e-06	3.87302e-01	4.00000e-01
2.04000e-05	3.52185e-01	4.00000e-01
3.23000e-05	3.34344e-01	4.00000e-01
4.42000e-05	3.22400e-01	4.00000e-01
5.61000e-05	3.13450e-01	4.00000e-01
1.21500e-06	1.64641e-01	1.10000e-01
2.91600e-06	1.54531e-01	1.10000e-01
4.61700e-06	1.49341e-01	1.10000e-01
6.31800e-06	1.45842e-01	1.10000e-01
8.01900e-06	1.43204e-01	1.10000e-01
1.10000e-05	3.76807e-01	4.00000e-01
2.64000e-05	3.42125e-01	4.00000e-01
4.18000e-05	3.24512e-01	4.00000e-01
5.72000e-05	3.12726e-01	4.00000e-01
7.26000e-05	3.03897e-01	4.00000e-01
1.03500e-06	2.15736e-01	1.50000e-01
2.48400e-06	2.01686e-01	1.50000e-01
3.93300e-06	1.94487e-01	1.50000e-01
5.38200e-06	1.89638e-01	1.50000e-01
6.83100e-06	1.85986e-01	1.50000e-01
1.84000e-05	3.56247e-01	4.00000e-01
4.41600e-05	3.22435e-01	4.00000e-01
6.99200e-05	3.05283e-01	4.00000e-01
9.56800e-05	2.93815e-01	4.00000e-01
1.21440e-04	2.85229e-01	4.00000e-01
1.18000e-06	2.13603e-01	1.50000e-01
2.83200e-06	1.99620e-01	1.50000e-01
4.48400e-06	1.92453e-01	1.50000e-01
6.13600e-06	1.87626e-01	1.50000e-01
7.78800e-06	1.83990e-01	1.50000e-01
4.41500e-05	3.22443e-01	4.00000e-01
1.05960e-04	2.90126e-01	4.00000e-01
1.67770e-04	2.73776e-01	4.00000e-01
2.29580e-04	2.62864e-01	4.00000e-01
2.91390e-04	2.54708e-01	4.00000e-01
1.38000e-06	2.11069e-01	1.50000e-01
3.31200e-06	1.97166e-01	1.50000e-01
5.24400e-06	1.90037e-01	1.50000e-01
7.17600e-06	1.85235e-01	1.50000e-01
9.10800e-06	1.81617e-01	1.50000e-01
8.80000e-05	2.96855e-01	4.00000e-01
2.11200e-04	2.65747e-01	4.00000e-01
3.34400e-04	2.50053e-01	4.00000e-01
4.57600e-04	2.39601e-01	4.00000e-01
5.80800e-04	2.31800e-01	4.00000e-01
1.65500e-06	2.08147e-01	1.50000e-01
3.97200e-06	1.94333e-01	1.50000e-01
6.28900e-06	1.87249e-01	1.50000e-01
8.60600e-06	1.82475e-01	1.50000e-01
1.09230e-05	1.78878e-01	1.50000e-01
1.47000e-04	2.78434e-01	4.00000e-01
3.52800e-04	2.48253e-01	4.00000e-01
5.58600e-04	2.33066e-01	4.00000e-01
7.64400e-04	2.22969e-01	4.00000e-01
9.70200e-04	2.15442e-01	4.00000e-01
2.07000e-06	2.04575e-01	1.50000e-01
4.96800e-06	1.90870e-01	1.50000e-01
7.86600e-06	1.83838e-01	1.50000e-01
1.07640e-05	1.79098e-01	1.50000e-01
1.36620e-05	1.75527e-01	1.50000e-01
3.15500e-04	2.52016e-01	4.00000e-01
7.57200e-04	2.23270e-01	4.00000e-01
1.19890e-03	2.08871e-01	4.00000e-01
1.64060e-03	1.99325e-01	4.00000e-01
2.08230e-03	1.92227e-01	4.00000e-01
2.51000e-06	2.01522e-01	1.50000e-01
6.02400e-06	1.87908e-01	1.50000e-01
9.53800e-06	1.80920e-01	1.50000e-01
1.30520e-05	1.76209e-01	1.50000e-01
1.65660e-05	1.72659e-01	1.50000e-01
3.66000e-06	5.00008e-01	5.00000e-01
8.78400e-06	4.54354e-01	5.00000e-01
1.39080e-05	4.31207e-01	5.00000e-01
1.90320e-05	4.15731e-01	5.00000e-01
2.41560e-05	4.04144e-01	5.00000e-01
1.57500e-06	2.64294e-01	2.00000e-01
3.78000e-06	2.45646e-01	2.00000e-01
5.98500e-06	2.36099e-01	2.00000e-01
8.19000e-06	2.29674e-01	2.00000e-01
1.03950e-05	2.24838e-01	2.00000e-01
4.30000e-06	4.91451e-01	5.00000e-01
1.03200e-05	4.46173e-01	5.00000e-01
1.63400e-05	4.23223e-01	5.00000e-01
2.23600e-05	4.07882e-01	5.00000e-01
2.83800e-05	3.96398e-01	5.00000e-01
1.84000e-06	2.60936e-01	2.00000e-01
4.41600e-06	2.42397e-01	2.00000e-01
6.99200e-06	2.32905e-01	2.00000e-01
9.56800e-06	2.26515e-01	2.00000e-01
1.21440e-05	2.21705e-01	2.00000e-01
7.90000e-06	4.59777e-01	5.00000e-01
1.89600e-05	4.15916e-01	5.00000e-01
3.00200e-05	3.93714e-01	5.00000e-01
4.10800e-05	3.78888e-01	5.00000e-01
5.21400e-05	3.67797e-01	5.00000e-01
2.20500e-06	2.57054e-01	2.00000e-01
5.29200e-06	2.38640e-01	2.00000e-01
8.37900e-06	2.29209e-01	2.00000e-01
1.14660e-05	2.22861e-01	2.00000e-01
1.45530e-05	2.18082e-01	2.00000e-01
1.06000e-05	4.44820e-01	5.00000e-01
2.54400e-05	4.01647e-01	5.00000e-01
4.02800e-05	3.79809e-01	5.00000e-01
5.51200e-05	3.65234e-01	5.00000e-01
6.99600e-05	3.54336e-01	5.00000e-01
2.76000e-06	2.52274e-01	2.00000e-01
6.62400e-06	2.34013e-01	2.00000e-01
1.04880e-05	2.24658e-01	2.00000e-01
1.43520e-05	2.18359e-01	2.00000e-01
1.82160e-05	2.13618e-01	2.00000e-01
1.38000e-05	4.31595e-01	5.00000e-01
3.31200e-05	3.89040e-01	5.00000e-01
5.24400e-05	3.67532e-01	5.00000e-01
7.17600e-05	3.53184e-01	5.00000e-01
9.10800e-05	3.42461e-01	5.00000e-01
3.34500e-06	2.48213e-01	2.00000e-01
8.02800e-06	2.30081e-01	2.00000e-01
1.27110e-05	2.20789e-01	2.00000e-01
1.73940e-05	2.14533e-01	2.00000e-01
2.20770e-05	2.09823e-01	2.00000e-01
1.99000e-05	4.13552e-01	5.00000e-01
4.77600e-05	3.71861e-01	5.00000e-01
7.56200e-05	3.50814e-01	5.00000e-01
1.03480e-04	3.36785e-01	5.00000e-01
1.31340e-04	3.26307e-01	5.00000e-01
4.24500e-06	2.43221e-01	2.00000e-01
1.01880e-05	2.25244e-01	2.00000e-01
1.61310e-05	2.16030e-01	2.00000e-01
2.20740e-05	2.09826e-01	2.00000e-01
2.80170e-05	2.05154e-01	2.00000e-01
5.00000e-05	3.69735e-01	5.00000e-01
1.20000e-04	3.30257e-01	5.00000e-01
1.90000e-04	3.10400e-01	5.00000e-01
2.60000e-04	2.97197e-01	5.00000e-01
3.30000e-04	2.87356e-01	5.00000e-01
5.50000e-06	2.37843e-01	2.00000e-01
1.32000e-05	2.20033e-01	2.00000e-01
2.09000e-05	2.10902e-01	2.00000e-01
2.86000e-05	2.04752e-01	2.00000e-01
3.63000e-05	2.00122e-01	2.00000e-01
1.25500e-04	3.28294e-01	5.00000e-01
3.01200e-04	2.91106e-01	5.00000e-01
4.76900e-04	2.72491e-01	5.00000e-01
6.52600e-04	2.60155e-01	5.00000e-01
8.28300e-04	2.50981e-01	5.00000e-01
1.99000e-05	2.11869e-01	2.00000e-01
4.77600e-05	1.94841e-01	2.00000e-01
7.56200e-05	1.86106e-01	2.00000e-01
1.03480e-04	1.80225e-01	2.00000e-01
1.31340e-04	1.75797e-01	2.00000e-01
1.84000e-04	3.11767e-01	5.00000e-01
4.41600e-04	2.75562e-01	5.00000e-01
6.99200e-04	2.57482e-01	5.00000e-01
9.56800e-04	2.45519e-01	5.00000e-01
1.21440e-03	2.36633e-01	5.00000e-01
1.25500e-04	1.76639e-01	2.00000e-01
3.01200e-04	1.60683e-01	2.00000e-01
4.76900e-04	1.52521e-01	2.00000e-01
6.52600e-04	1.47037e-01	2.00000e-01
8.28300e-04	1.42918e-01	2.00000e-01
4.00000e-04	2.79539e-01	5.00000e-01
9.60000e-04	2.45393e-01	5.00000e-01
1.52000e-03	2.28434e-01	5.00000e-01
2.08000e-03	2.17251e-01	5.00000e-01
2.64000e-03	2.08967e-01	5.00000e-01
1.97000e-06	3.10347e-01	2.50000e-01
4.72800e-06	2.87074e-01	2.50000e-01
7.48600e-06	2.75177e-01	2.50000e-01
1.02440e-05	2.67178e-01	2.50000e-01
1.30020e-05	2.61163e-01	2.50000e-01
1.60000e-03	2.26583e-01	5.00000e-01
3.84000e-03	1.96330e-01	5.00000e-01
6.08000e-03	1.81479e-01	5.00000e-01
8.32000e-03	1.71756e-01	5.00000e-01
1.05600e-02	1.64592e-01	5.00000e-01
2.30000e-06	3.06170e-01	2.50000e-01
5.52000e-06	2.83041e-01	2.50000e-01
8.74000e-06	2.71215e-01	2.50000e-01
1.19600e-05	2.63264e-01	2.50000e-01
1.51800e-05	2.57285e-01	2.50000e-01
4.76000e-06	5.89258e-01	6.50000e-01
1.14240e-05	5.31044e-01	6.50000e-01
1.80880e-05	5.01677e-01	6.50000e-01
2.47520e-05	4.82107e-01	6.50000e-01
3.14160e-05	4.67492e-01	6.50000e-01
2.76000e-06	3.01287e-01	2.50000e-01
6.62400e-06	2.78324e-01	2.50000e-01
1.04880e-05	2.66582e-01	2.50000e-01
1.43520e-05	2.58686e-01	2.50000e-01
1.82160e-05	2.52749e-01	2.50000e-01
5.60000e-06	5.78228e-01	6.50000e-01
1.34400e-05	5.20564e-01	6.50000e-01
2.12800e-05	4.91488e-01	6.50000e-01
2.91200e-05	4.72120e-01	6.50000e-01
3.69600e-05	4.57659e-01	6.50000e-01
3.45000e-06	2.95358e-01	2.50000e-01
8.28000e-06	2.72596e-01	2.50000e-01
1.31100e-05	2.60955e-01	2.50000e-01
1.79400e-05	2.53127e-01	2.50000e-01
2.27700e-05	2.47241e-01	2.50000e-01
7.90000e-06	5.55211e-01	6.50000e-01
1.89600e-05	4.98714e-01	6.50000e-01
3.00200e-05	4.70261e-01	6.50000e-01
4.10800e-05	4.51321e-01	6.50000e-01
5.21400e-05	4.37189e-01	6.50000e-01
4.18000e-06	2.90301e-01	2.50000e-01
1.00320e-05	2.67708e-01	2.50000e-01
1.58840e-05	2.56154e-01	2.50000e-01
2.17360e-05	2.48384e-01	2.50000e-01
2.75880e-05	2.42541e-01	2.50000e-01
8.20000e-06	5.52745e-01	6.50000e-01
1.96800e-05	4.96376e-01	6.50000e-01
3.11600e-05	4.67990e-01	6.50000e-01
4.26400e-05	4.49097e-01	6.50000e-01
5.41200e-05	4.35000e-01	6.50000e-01
5.30000e-06	2.84098e-01	2.50000e-01
1.27200e-05	2.61714e-01	2.50000e-01
2.01400e-05	2.50264e-01	2.50000e-01
2.75600e-05	2.42566e-01	2.50000e-01
3.49800e-05	2.36776e-01	2.50000e-01
1.99000e-05	4.95679e-01	6.50000e-01
4.77600e-05	4.42363e-01	6.50000e-01
7.56200e-05	4.15610e-01	6.50000e-01
1.03480e-04	3.97846e-01	6.50000e-01
1.31340e-04	3.84615e-01	6.50000e-01
6.90000e-06	2.77272e-01	2.50000e-01
1.65600e-05	2.55116e-01	2.50000e-01
2.62200e-05	2.43783e-01	2.50000e-01
3.58800e-05	2.36162e-01	2.50000e-01
4.55400e-05	2.30432e-01	2.50000e-01
2.99000e-05	4.70505e-01	6.50000e-01
7.17600e-05	4.18617e-01	6.50000e-01
1.13620e-04	3.92630e-01	6.50000e-01
1.55480e-04	3.75395e-01	6.50000e-01
1.97340e-04	3.62573e-01	6.50000e-01
1.15000e-05	2.64253e-01	2.50000e-01
2.76000e-05	2.42530e-01	2.50000e-01
4.37000e-05	2.31420e-01	2.50000e-01
5.98000e-05	2.23950e-01	2.50000e-01
7.59000e-05	2.18334e-01	2.50000e-01
5.00000e-05	4.39657e-01	6.50000e-01
1.20000e-04	3.89598e-01	6.50000e-01
1.90000e-04	3.64595e-01	6.50000e-01
2.60000e-04	3.48043e-01	6.50000e-01
3.30000e-04	3.35744e-01	6.50000e-01
1.99000e-05	2.50561e-01	2.50000e-01
4.77600e-05	2.29294e-01	2.50000e-01
7.56200e-05	2.18421e-01	2.50000e-01
1.03480e-04	2.11113e-01	2.50000e-01
1.31340e-04	2.05622e-01	2.50000e-01
1.25500e-04	3.87121e-01	6.50000e-01
3.01200e-04	3.40426e-01	6.50000e-01
4.76900e-04	3.17235e-01	6.50000e-01
6.52600e-04	3.01939e-01	6.50000e-01
8.28300e-04	2.90605e-01	6.50000e-01
5.50000e-05	2.25933e-01	2.50000e-01
1.32000e-04	2.05507e-01	2.50000e-01
2.09000e-04	1.95079e-01	2.50000e-01
2.86000e-04	1.88081e-01	2.50000e-01
3.63000e-04	1.82828e-01	2.50000e-01
2.39000e-04	3.52446e-01	6.50000e-01
5.73600e-04	3.08179e-01	6.50000e-01
9.08200e-04	2.86296e-01	6.50000e-01
1.24280e-03	2.71904e-01	6.50000e-01
1.57740e-03	2.61264e-01	6.50000e-01
1.25500e-04	2.06665e-01	2.50000e-01
3.01200e-04	1.86935e-01	2.50000e-01
4.76900e-04	1.76887e-01	2.50000e-01
6.52600e-04	1.70155e-01	2.50000e-01
8.28300e-04	1.65110e-01	2.50000e-01
4.00000e-04	3.26000e-01	6.50000e-01
9.60000e-04	2.83718e-01	6.50000e-01
1.52000e-03	2.62901e-01	6.50000e-01
2.08000e-03	2.49246e-01	6.50000e-01
2.64000e-03	2.39169e-01	6.50000e-01
1.97000e-04	1.96409e-01	2.50000e-01
4.72800e-04	1.77074e-01	2.50000e-01
7.48600e-04	1.67243e-01	2.50000e-01
1.02440e-03	1.60666e-01	2.50000e-01
1.30020e-03	1.55740e-01	2.50000e-01
1.60000e-03	2.60637e-01	6.50000e-01
3.84000e-03	2.23864e-01	6.50000e-01
6.08000e-03	2.05982e-01	6.50000e-01
8.32000e-03	1.94341e-01	6.50000e-01
1.05600e-02	1.85798e-01	6.50000e-01
7.90000e-04	1.66107e-01	2.50000e-01
1.89600e-03	1.48083e-01	2.50000e-01
3.00200e-03	1.38987e-01	2.50000e-01
4.10800e-03	1.32931e-01	2.50000e-01
5.21400e-03	1.28414e-01	2.50000e-01
6.20000e-06	6.91040e-01	8.50000e-01
1.48800e-05	6.17046e-01	8.50000e-01
2.35600e-05	5.79955e-01	8.50000e-01
3.22400e-05	5.55340e-01	8.50000e-01
4.09200e-05	5.37015e-01	8.50000e-01
2.56000e-06	3.94909e-01	3.50000e-01
6.14400e-06	3.62448e-01	3.50000e-01
9.72800e-06	3.45906e-01	3.50000e-01
1.33120e-05	3.34808e-01	3.50000e-01
1.68960e-05	3.26478e-01	3.50000e-01
6.90000e-06	6.81768e-01	8.50000e-01
1.65600e-05	6.08304e-01	8.50000e-01
2.62200e-05	5.71496e-01	8.50000e-01
3.58800e-05	5.47076e-01	8.50000e-01
4.55400e-05	5.28901e-01	8.50000e-01
2.56000e-06	3.94909e-01	3.50000e-01
6.14400e-06	3.62448e-01	3.50000e-01
9.72800e-06	3.45906e-01	3.50000e-01
1.33120e-05	3.34808e-01	3.50000e-01
1.68960e-05	3.26478e-01	3.50000e-01
1.00000e-05	6.50100e-01	8.50000e-01
2.40000e-05	5.78487e-01	8.50000e-01
3.80000e-05	5.42669e-01	8.50000e-01
5.20000e-05	5.18933e-01	8.50000e-01
6.60000e-05	5.01282e-01	8.50000e-01
3.05000e-06	3.88315e-01	3.50000e-01
7.32000e-06	3.56103e-01	3.50000e-01
1.15900e-05	3.39690e-01	3.50000e-01
1.58600e-05	3.28680e-01	3.50000e-01
2.01300e-05	3.20415e-01	3.50000e-01
1.00000e-05	6.50100e-01	8.50000e-01
2.40000e-05	5.78487e-01	8.50000e-01
3.80000e-05	5.42669e-01	8.50000e-01
5.20000e-05	5.18933e-01	8.50000e-01
6.60000e-05	5.01282e-01	8.50000e-01
3.31000e-06	3.85252e-01	3.50000e-01
7.94400e-06	3.53157e-01	3.50000e-01
1.25780e-05	3.36803e-01	3.50000e-01
1.72120e-05	3.25834e-01	3.50000e-01
2.18460e-05	3.17600e-01	3.50000e-01
1.99000e-05	5.93441e-01	8.50000e-01
4.77600e-05	5.25312e-01	8.50000e-01
7.56200e-05	4.91359e-01	8.50000e-01
1.03480e-04	4.68910e-01	8.50000e-01
1.31340e-04	4.52245e-01	8.50000e-01
4.14000e-06	3.76931e-01	3.50000e-01
9.93600e-06	3.45152e-01	3.50000e-01
1.57320e-05	3.28962e-01	3.50000e-01
2.15280e-05	3.18104e-01	3.50000e-01
2.73240e-05	3.09954e-01	3.50000e-01
2.50000e-05	5.75255e-01	8.50000e-01
6.00000e-05	5.08298e-01	8.50000e-01
9.50000e-05	4.74971e-01	8.50000e-01
1.30000e-04	4.52955e-01	8.50000e-01
1.65000e-04	4.36620e-01	8.50000e-01
5.00000e-06	3.69975e-01	3.50000e-01
1.20000e-05	3.38462e-01	3.50000e-01
1.90000e-05	3.22410e-01	3.50000e-01
2.60000e-05	3.11645e-01	3.50000e-01
3.30000e-05	3.03566e-01	3.50000e-01
5.00000e-05	5.21870e-01	8.50000e-01
1.20000e-04	4.58516e-01	8.50000e-01
1.90000e-04	4.27118e-01	8.50000e-01
2.60000e-04	4.06432e-01	8.50000e-01
3.30000e-04	3.91117e-01	8.50000e-01
6.35000e-06	3.61249e-01	3.50000e-01
1.52400e-05	3.30071e-01	3.50000e-01
2.41300e-05	3.14192e-01	3.50000e-01
3.30200e-05	3.03545e-01	3.50000e-01
4.19100e-05	2.95557e-01	3.50000e-01
1.25500e-04	4.55398e-01	8.50000e-01
3.01200e-04	3.96941e-01	8.50000e-01
4.76900e-04	3.68159e-01	8.50000e-01
6.52600e-04	3.49273e-01	8.50000e-01
8.28300e-04	3.35333e-01	8.50000e-01
8.25000e-06	3.51799e-01	3.50000e-01
1.98000e-05	3.20985e-01	3.50000e-01
3.13500e-05	3.05296e-01	3.50000e-01
4.29000e-05	2.94779e-01	3.50000e-01
5.44500e-05	2.86890e-01	3.50000e-01
4.00000e-04	3.79016e-01	8.50000e-01
9.60000e-04	3.26885e-01	8.50000e-01
1.52000e-03	3.01461e-01	8.50000e-01
2.08000e-03	2.84876e-01	8.50000e-01
2.64000e-03	2.72688e-01	8.50000e-01
1.60000e-05	3.28374e-01	3.50000e-01
3.84000e-05	2.98477e-01	3.50000e-01
6.08000e-05	2.83270e-01	3.50000e-01
8.32000e-05	2.73084e-01	3.50000e-01
1.05600e-04	2.65448e-01	3.50000e-01
1.60000e-03	2.98706e-01	8.50000e-01
3.84000e-03	2.54258e-01	8.50000e-01
6.08000e-03	2.32860e-01	8.50000e-01
8.32000e-03	2.19011e-01	8.50000e-01
1.05600e-02	2.08889e-01	8.50000e-01
8.80000e-06	8.34403e-01	1.20000e+00
2.11200e-05	7.35400e-01	1.20000e+00
3.34400e-05	6.86274e-01	1.20000e+00
4.57600e-05	6.53882e-01	1.20000e+00
5.80800e-05	6.29882e-01	1.20000e+00
4.00000e-05	1.06299e+00	2.70000e+00
9.60000e-05	9.00057e-01	2.70000e+00
1.52000e-04	8.22201e-01	2.70000e+00
2.08000e-04	7.72019e-01	2.70000e+00
2.64000e-04	7.35451e-01	2.70000e+00
1.00000e-05	8.19509e-01	1.20000e+00
2.40000e-05	7.21536e-01	1.20000e+00
3.80000e-05	6.72960e-01	1.20000e+00
5.20000e-05	6.40946e-01	1.20000e+00
6.60000e-05	6.17236e-01	1.20000e+00
4.00000e-05	1.06299e+00	2.70000e+00
9.60000e-05	9.00057e-01	2.70000e+00
1.52000e-04	8.22201e-01	2.70000e+00
2.08000e-04	7.72019e-01	2.70000e+00
2.64000e-04	7.35451e-01	2.70000e+00
1.00000e-05	8.19509e-01	1.20000e+00
2.40000e-05	7.21536e-01	1.20000e+00
3.80000e-05	6.72960e-01	1.20000e+00
5.20000e-05	6.40946e-01	1.20000e+00
6.60000e-05	6.17236e-01	1.20000e+00
6.50000e-05	9.70242e-01	2.70000e+00
1.56000e-04	8.17955e-01	2.70000e+00
2.47000e-04	7.45525e-01	2.70000e+00
3.38000e-04	6.98964e-01	2.70000e+00
4.29000e-04	6.65100e-01	2.70000e+00
1.60000e-05	7.66032e-01	1.20000e+00
3.84000e-05	6.71877e-01	1.20000e+00
6.08000e-05	6.25337e-01	1.20000e+00
8.32000e-05	5.94722e-01	1.20000e+00
1.05600e-04	5.72080e-01	1.20000e+00
1.00000e-04	8.92930e-01	2.70000e+00
2.40000e-04	7.49908e-01	2.70000e+00
3.80000e-04	6.82164e-01	2.70000e+00
5.20000e-04	6.38720e-01	2.70000e+00
6.60000e-04	6.07175e-01	2.70000e+00
1.60000e-05	7.66032e-01	1.20000e+00
3.84000e-05	6.71877e-01	1.20000e+00
6.08000e-05	6.25337e-01	1.20000e+00
8.32000e-05	5.94722e-01	1.20000e+00
1.05600e-04	5.72080e-01	1.20000e+00
1.60000e-04	8.13832e-01	2.70000e+00
3.84000e-04	6.80678e-01	2.70000e+00
6.08000e-04	6.17891e-01	2.70000e+00
8.32000e-04	5.77728e-01	2.70000e+00
1.05600e-03	5.48619e-01	2.70000e+00
3.15500e-05	6.92384e-01	1.20000e+00
7.57200e-05	6.03819e-01	1.20000e+00
1.19890e-04	5.60249e-01	1.20000e+00
1.64060e-04	5.31673e-01	1.20000e+00
2.08230e-04	5.10585e-01	1.20000e+00
2.50000e-04	7.43690e-01	2.70000e+00
6.00000e-04	6.19634e-01	2.70000e+00
9.50000e-04	5.61385e-01	2.70000e+00
1.30000e-03	5.24214e-01	2.70000e+00
1.65000e-03	4.97319e-01	2.70000e+00
4.00000e-05	6.67661e-01	1.20000e+00
9.60000e-05	5.81067e-01	1.20000e+00
1.52000e-04	5.38542e-01	1.20000e+00
2.08000e-04	5.10681e-01	1.20000e+00
2.64000e-04	4.90137e-01	1.20000e+00
4.00000e-04	6.74907e-01	2.70000e+00
9.60000e-04	5.60111e-01	2.70000e+00
1.52000e-03	5.06446e-01	2.70000e+00
2.08000e-03	4.72286e-01	2.70000e+00
2.64000e-03	4.47613e-01	2.70000e+00
6.50000e-05	6.18738e-01	1.20000e+00
1.56000e-04	5.36199e-01	1.20000e+00
2.47000e-04	4.95818e-01	1.20000e+00
3.38000e-04	4.69422e-01	1.20000e+00
4.29000e-04	4.49991e-01	1.20000e+00
6.50000e-04	6.09157e-01	2.70000e+00
1.56000e-03	5.03543e-01	2.70000e+00
2.47000e-03	4.54391e-01	2.70000e+00
3.38000e-03	4.23182e-01	2.70000e+00
4.29000e-03	4.00680e-01	2.70000e+00
7.90000e-05	5.99713e-01	1.20000e+00
1.89600e-04	5.18810e-01	1.20000e+00
3.00200e-04	4.79291e-01	1.20000e+00
4.10800e-04	4.53483e-01	1.20000e+00
5.21400e-04	4.34499e-01	1.20000e+00
1.00000e-03	5.55165e-01	2.70000e+00
2.40000e-03	4.57345e-01	2.70000e+00
3.80000e-03	4.11998e-01	2.70000e+00
5.20000e-03	3.83268e-01	2.70000e+00
6.60000e-03	3.62584e-01	2.70000e+00
1.99000e-04	5.14553e-01	1.20000e+00
4.77600e-04	4.41423e-01	1.20000e+00
7.56200e-04	4.05980e-01	1.20000e+00
1.03480e-03	3.82945e-01	1.20000e+00
1.31340e-03	3.66058e-01	1.20000e+00
2.50000e-03	4.53156e-01	2.70000e+00
6.00000e-03	3.70735e-01	2.70000e+00
9.50000e-03	3.32830e-01	2.70000e+00
1.30000e-02	3.08920e-01	2.70000e+00
1.65000e-02	2.91758e-01	2.70000e+00
6.50000e-04	4.17429e-01	1.20000e+00
1.56000e-03	3.54203e-01	1.20000e+00
2.47000e-03	3.23895e-01	1.20000e+00
3.38000e-03	3.04323e-01	1.20000e+00
4.29000e-03	2.90043e-01	1.20000e+00
2.50000e-03	3.23125e-01	1.20000e+00
6.00000e-03	2.70809e-01	1.20000e+00
9.50000e-03	2.46058e-01	1.20000e+00
1.30000e-02	2.30197e-01	1.20000e+00
1.65000e-02	2.18688e-01	1.20000e+00
2.03000e-05	1.38813e+00	3.50000e+00
4.87200e-05	1.17246e+00	3.50000e+00
7.71400e-05	1.06964e+00	3.50000e+00
1.05560e-04	1.00346e+00	3.50000e+00
1.33980e-04	9.55290e-01	3.50000e+00
9.25000e-06	9.58473e-01	1.50000e+00
2.22000e-05	8.38424e-01	1.50000e+00
3.51500e-05	7.79237e-01	1.50000e+00
4.81000e-05	7.40365e-01	1.50000e+00
6.10500e-05	7.11650e-01	1.50000e+00
2.16000e-05	1.37197e+00	3.50000e+00
5.18400e-05	1.15816e+00	3.50000e+00
8.20800e-05	1.05629e+00	3.50000e+00
1.12320e-04	9.90746e-01	3.50000e+00
1.42560e-04	9.43044e-01	3.50000e+00
1.10000e-05	9.33961e-01	1.50000e+00
2.64000e-05	8.15796e-01	1.50000e+00
4.18000e-05	7.57610e-01	1.50000e+00
5.72000e-05	7.19424e-01	1.50000e+00
7.26000e-05	6.91233e-01	1.50000e+00
2.30000e-05	1.35576e+00	3.50000e+00
5.52000e-05	1.14383e+00	3.50000e+00
8.74000e-05	1.04291e+00	3.50000e+00
1.19600e-04	9.78005e-01	3.50000e+00
1.51800e-04	9.30779e-01	3.50000e+00
1.60000e-05	8.82220e-01	1.50000e+00
3.84000e-05	7.68152e-01	1.50000e+00
6.08000e-05	7.12138e-01	1.50000e+00
8.32000e-05	6.75441e-01	1.50000e+00
1.05600e-04	6.48382e-01	1.50000e+00
2.56000e-05	1.32842e+00	3.50000e+00
6.14400e-05	1.11968e+00	3.50000e+00
9.72800e-05	1.02039e+00	3.50000e+00
1.33120e-04	9.56567e-01	3.50000e+00
1.68960e-04	9.10149e-01	3.50000e+00
1.60000e-05	8.82220e-01	1.50000e+00
3.84000e-05	7.68152e-01	1.50000e+00
6.08000e-05	7.12138e-01	1.50000e+00
8.32000e-05	6.75441e-01	1.50000e+00
1.05600e-04	6.48382e-01	1.50000e+00
2.65500e-05	1.31921e+00	3.50000e+00
6.37200e-05	1.11155e+00	3.50000e+00
1.00890e-04	1.01281e+00	3.50000e+00
1.38060e-04	9.49357e-01	3.50000e+00
1.75230e-04	9.03212e-01	3.50000e+00
2.50000e-05	8.22871e-01	1.50000e+00
6.00000e-05	7.13716e-01	1.50000e+00
9.50000e-05	6.60299e-01	1.50000e+00
1.30000e-04	6.25376e-01	1.50000e+00
1.65000e-04	5.99665e-01	1.50000e+00
2.86500e-05	1.30012e+00	3.50000e+00
6.87600e-05	1.09472e+00	3.50000e+00
1.08870e-04	9.97123e-01	3.50000e+00
1.48980e-04	9.34429e-01	3.50000e+00
1.89090e-04	8.88853e-01	3.50000e+00
4.00000e-05	7.63068e-01	1.50000e+00
9.60000e-05	6.59113e-01	1.50000e+00
1.52000e-04	6.08434e-01	1.50000e+00
2.08000e-04	5.75376e-01	1.50000e+00
2.64000e-04	5.51079e-01	1.50000e+00
4.00000e-05	1.21876e+00	3.50000e+00
9.60000e-05	1.02316e+00	3.50000e+00
1.52000e-04	9.30524e-01	3.50000e+00
2.08000e-04	8.71127e-01	3.50000e+00
2.64000e-04	8.28006e-01	3.50000e+00
6.50000e-05	7.04219e-01	1.50000e+00
1.56000e-04	6.05649e-01	1.50000e+00
2.47000e-04	5.57790e-01	1.50000e+00
3.38000e-04	5.26648e-01	1.50000e+00
4.29000e-04	5.03800e-01	1.50000e+00
4.00000e-05	1.21876e+00	3.50000e+00
9.60000e-05	1.02316e+00	3.50000e+00
1.52000e-04	9.30524e-01	3.50000e+00
2.08000e-04	8.71127e-01	3.50000e+00
2.64000e-04	8.28006e-01	3.50000e+00
1.00000e-04	6.54503e-01	1.50000e+00
2.40000e-04	5.60706e-01	1.50000e+00
3.80000e-04	5.15335e-01	1.50000e+00
5.20000e-04	4.85878e-01	1.50000e+00
6.60000e-04	4.64301e-01	1.50000e+00
6.50000e-05	1.10714e+00	3.50000e+00
1.56000e-04	9.25488e-01	3.50000e+00
2.47000e-04	8.39871e-01	3.50000e+00
3.38000e-04	7.85121e-01	3.50000e+00
4.29000e-04	7.45449e-01	3.50000e+00
1.60000e-04	6.02943e-01	1.50000e+00
3.84000e-04	5.14332e-01	1.50000e+00
6.08000e-04	4.71649e-01	1.50000e+00
8.32000e-04	4.44007e-01	1.50000e+00
1.05600e-03	4.23796e-01	1.50000e+00
1.00000e-04	1.01465e+00	3.50000e+00
2.40000e-04	8.45037e-01	3.50000e+00
3.80000e-04	7.65424e-01	3.50000e+00
5.20000e-04	7.14633e-01	3.50000e+00
6.60000e-04	6.77890e-01	3.50000e+00
2.50000e-04	5.56569e-01	1.50000e+00
6.00000e-04	4.72843e-01	1.50000e+00
9.50000e-04	4.32679e-01	1.50000e+00
1.30000e-03	4.06731e-01	1.50000e+00
1.65000e-03	3.87792e-01	1.50000e+00
1.60000e-04	9.20600e-01	3.50000e+00
3.84000e-04	7.63683e-01	3.50000e+00
6.08000e-04	6.90358e-01	3.50000e+00
8.32000e-04	6.43696e-01	3.50000e+00
1.05600e-03	6.10000e-01	3.50000e+00
4.00000e-04	5.10434e-01	1.50000e+00
9.60000e-04	4.31794e-01	1.50000e+00
1.52000e-03	3.94235e-01	1.50000e+00
2.08000e-03	3.70034e-01	1.50000e+00
2.64000e-03	3.52402e-01	1.50000e+00
2.50000e-04	8.37709e-01	3.50000e+00
6.00000e-04	6.92388e-01	3.50000e+00
9.50000e-04	6.24765e-01	3.50000e+00
1.30000e-03	5.81831e-01	3.50000e+00
1.65000e-03	5.50878e-01	3.50000e+00
5.00000e-04	4.89495e-01	1.50000e+00
1.20000e-03	4.13241e-01	1.50000e+00
1.90000e-03	3.76900e-01	1.50000e+00
2.60000e-03	3.53511e-01	1.50000e+00
3.30000e-03	3.36487e-01	1.50000e+00
4.00000e-04	7.56924e-01	3.50000e+00
9.60000e-04	6.23291e-01	3.50000e+00
1.52000e-03	5.61372e-01	3.50000e+00
2.08000e-03	5.22153e-01	3.50000e+00
2.64000e-03	4.93924e-01	3.50000e+00
1.60000e-03	3.90199e-01	1.50000e+00
3.84000e-03	3.25998e-01	1.50000e+00
6.08000e-03	2.95743e-01	1.50000e+00
8.32000e-03	2.76396e-01	1.50000e+00
1.05600e-02	2.62379e-01	1.50000e+00
6.50000e-04	6.80195e-01	3.50000e+00
1.56000e-03	5.58032e-01	3.50000e+00
2.47000e-03	5.01671e-01	3.50000e+00
3.38000e-03	4.66057e-01	3.50000e+00
4.29000e-03	4.40465e-01	3.50000e+00
6.50000e-04	4.65662e-01	1.50000e+00
1.56000e-03	3.92187e-01	1.50000e+00
2.47000e-03	3.57259e-01	1.50000e+00
3.38000e-03	3.34812e-01	1.50000e+00
4.29000e-03	3.18490e-01	1.50000e+00
1.00000e-03	6.17569e-01	3.50000e+00
2.40000e-03	5.05049e-01	3.50000e+00
3.80000e-03	4.53328e-01	3.50000e+00
5.20000e-03	4.20712e-01	3.50000e+00
6.60000e-03	3.97307e-01	3.50000e+00
1.23500e-05	1.09747e+00	2.00000e+00
2.96400e-05	9.48620e-01	2.00000e+00
4.69300e-05	8.76020e-01	2.00000e+00
6.42200e-05	8.28653e-01	2.00000e+00
8.15100e-05	7.93832e-01	2.00000e+00
4.00000e-03	4.47849e-01	3.50000e+00
9.60000e-03	3.62829e-01	3.50000e+00
1.52000e-02	3.24175e-01	3.50000e+00
2.08000e-02	2.99944e-01	3.50000e+00
2.64000e-02	2.82627e-01	3.50000e+00
1.46500e-05	1.06735e+00	2.00000e+00
3.51600e-05	9.21194e-01	2.00000e+00
5.56700e-05	8.50010e-01	2.00000e+00
7.61800e-05	8.03606e-01	2.00000e+00
9.66900e-05	7.69515e-01	2.00000e+00
2.61000e-05	1.50816e+00	4.50000e+00
6.26400e-05	1.26075e+00	4.50000e+00
9.91800e-05	1.14408e+00	4.50000e+00
1.35720e-04	1.06946e+00	4.50000e+00
1.72260e-04	1.01539e+00	4.50000e+00
1.63500e-05	1.04826e+00	2.00000e+00
3.92400e-05	9.03841e-01	2.00000e+00
6.21300e-05	8.33566e-01	2.00000e+00
8.50200e-05	7.87781e-01	2.00000e+00
1.07910e-04	7.54157e-01	2.00000e+00
2.96000e-05	1.47052e+00	4.50000e+00
7.10400e-05	1.22792e+00	4.50000e+00
1.12480e-04	1.11367e+00	4.50000e+00
1.53920e-04	1.04064e+00	4.50000e+00
1.95360e-04	9.87744e-01	4.50000e+00
2.50000e-05	9.76484e-01	2.00000e+00
6.00000e-05	8.38768e-01	2.00000e+00
9.50000e-05	7.72001e-01	2.00000e+00
1.30000e-04	7.28596e-01	2.00000e+00
1.65000e-04	6.96771e-01	2.00000e+00
3.09000e-05	1.45782e+00	4.50000e+00
7.41600e-05	1.21686e+00	4.50000e+00
1.17420e-04	1.10342e+00	4.50000e+00
1.60680e-04	1.03094e+00	4.50000e+00
2.03940e-04	9.78444e-01	4.50000e+00
2.50000e-05	9.76484e-01	2.00000e+00
6.00000e-05	8.38768e-01	2.00000e+00
9.50000e-05	7.72001e-01	2.00000e+00
1.30000e-04	7.28596e-01	2.00000e+00
1.65000e-04	6.96771e-01	2.00000e+00
3.41500e-05	1.42860e+00	4.50000e+00
8.19600e-05	1.19143e+00	4.50000e+00
1.29770e-04	1.07988e+00	4.50000e+00
1.77580e-04	1.00865e+00	4.50000e+00
2.25390e-04	9.57080e-01	4.50000e+00
4.00000e-05	9.00831e-01	2.00000e+00
9.60000e-05	7.70524e-01	2.00000e+00
1.52000e-04	7.07612e-01	2.00000e+00
2.08000e-04	6.66813e-01	2.00000e+00
2.64000e-04	6.36952e-01	2.00000e+00
3.66000e-05	1.40862e+00	4.50000e+00
8.78400e-05	1.17405e+00	4.50000e+00
1.39080e-04	1.06381e+00	4.50000e+00
1.90320e-04	9.93435e-01	4.50000e+00
2.41560e-04	9.42502e-01	4.50000e+00
6.50000e-05	8.26865e-01	2.00000e+00
1.56000e-04	7.04168e-01	2.00000e+00
2.47000e-04	6.45190e-01	2.00000e+00
3.38000e-04	6.07041e-01	2.00000e+00
4.29000e-04	5.79172e-01	2.00000e+00
4.09000e-05	1.37702e+00	4.50000e+00
9.81600e-05	1.14661e+00	4.50000e+00
1.55420e-04	1.03844e+00	4.50000e+00
2.12680e-04	9.69433e-01	4.50000e+00
2.69940e-04	9.19511e-01	4.50000e+00
1.00000e-04	7.64783e-01	2.00000e+00
2.40000e-04	6.48771e-01	2.00000e+00
3.80000e-04	5.93229e-01	2.00000e+00
5.20000e-04	5.57385e-01	2.00000e+00
6.60000e-04	5.31244e-01	2.00000e+00
4.09000e-05	1.37702e+00	4.50000e+00
9.81600e-05	1.14661e+00	4.50000e+00
1.55420e-04	1.03844e+00	4.50000e+00
2.12680e-04	9.69433e-01	4.50000e+00
2.69940e-04	9.19511e-01	4.50000e+00
1.60000e-04	7.00822e-01	2.00000e+00
3.84000e-04	5.92005e-01	2.00000e+00
6.08000e-04	5.40136e-01	2.00000e+00
8.32000e-04	5.06749e-01	2.00000e+00
1.05600e-03	4.82444e-01	2.00000e+00
6.50000e-05	1.25103e+00	4.50000e+00
1.56000e-04	1.03760e+00	4.50000e+00
2.47000e-04	9.37856e-01	4.50000e+00
3.38000e-04	8.74380e-01	4.50000e+00
4.29000e-04	8.28543e-01	4.50000e+00
2.50000e-04	6.43690e-01	2.00000e+00
6.00000e-04	5.41581e-01	2.00000e+00
9.50000e-04	4.93115e-01	2.00000e+00
1.30000e-03	4.61994e-01	2.00000e+00
1.65000e-03	4.39378e-01	2.00000e+00
6.50000e-05	1.25103e+00	4.50000e+00
1.56000e-04	1.03760e+00	4.50000e+00
2.47000e-04	9.37856e-01	4.50000e+00
3.38000e-04	8.74380e-01	4.50000e+00
4.29000e-04	8.28543e-01	4.50000e+00
5.00000e-04	5.61777e-01	2.00000e+00
1.20000e-03	4.69787e-01	2.00000e+00
1.90000e-03	4.26411e-01	2.00000e+00
2.60000e-03	3.98664e-01	2.00000e+00
3.30000e-03	3.78553e-01	2.00000e+00
1.00000e-04	1.14207e+00	4.50000e+00
2.40000e-04	9.43858e-01	4.50000e+00
3.80000e-04	8.51606e-01	4.50000e+00
5.20000e-04	7.93033e-01	4.50000e+00
6.60000e-04	7.50804e-01	4.50000e+00
1.60000e-03	4.42248e-01	2.00000e+00
3.84000e-03	3.66200e-01	2.00000e+00
6.08000e-03	3.30732e-01	2.00000e+00
8.32000e-03	3.08183e-01	2.00000e+00
1.05600e-02	2.91912e-01	2.00000e+00
1.60000e-04	1.03189e+00	4.50000e+00
3.84000e-04	8.49594e-01	4.50000e+00
6.08000e-04	7.65121e-01	4.50000e+00
8.32000e-04	7.11618e-01	4.50000e+00
1.05600e-03	6.73109e-01	4.50000e+00
6.50000e-04	5.32890e-01	2.00000e+00
1.56000e-03	4.44619e-01	2.00000e+00
2.47000e-03	4.03100e-01	2.00000e+00
3.38000e-03	3.76579e-01	2.00000e+00
4.29000e-03	3.57376e-01	2.00000e+00
2.50000e-04	9.35344e-01	4.50000e+00
6.00000e-04	7.67453e-01	4.50000e+00
9.50000e-04	6.89970e-01	4.50000e+00
1.30000e-03	6.41002e-01	4.50000e+00
1.65000e-03	6.05812e-01	4.50000e+00
1.54500e-05	1.26226e+00	2.70000e+00
3.70800e-05	1.07802e+00	2.70000e+00
5.87100e-05	9.89190e-01	2.70000e+00
8.03400e-05	9.31635e-01	2.70000e+00
1.01970e-04	8.89538e-01	2.70000e+00
4.00000e-04	8.41788e-01	4.50000e+00
9.60000e-04	6.88285e-01	4.50000e+00
1.52000e-03	6.17732e-01	4.50000e+00
2.08000e-03	5.73244e-01	4.50000e+00
2.64000e-03	5.41322e-01	4.50000e+00
1.83000e-05	1.22509e+00	2.70000e+00
4.39200e-05	1.04467e+00	2.70000e+00
6.95400e-05	9.57817e-01	2.70000e+00
9.51600e-05	9.01597e-01	2.70000e+00
1.20780e-04	8.60503e-01	2.70000e+00
6.50000e-04	7.53451e-01	4.50000e+00
1.56000e-03	6.13937e-01	4.50000e+00
2.47000e-03	5.50074e-01	4.50000e+00
3.38000e-03	5.09894e-01	4.50000e+00
4.29000e-03	4.81107e-01	4.50000e+00
2.04500e-05	1.20110e+00	2.70000e+00
4.90800e-05	1.02318e+00	2.70000e+00
7.77100e-05	9.37625e-01	2.70000e+00
1.06340e-04	8.82275e-01	2.70000e+00
1.34970e-04	8.41836e-01	2.70000e+00
1.00000e-03	6.81749e-01	4.50000e+00
2.40000e-03	5.53892e-01	4.50000e+00
3.80000e-03	4.95567e-01	4.50000e+00
5.20000e-03	4.58939e-01	4.50000e+00
6.60000e-03	4.32731e-01	4.50000e+00
2.04500e-05	1.20110e+00	2.70000e+00
4.90800e-05	1.02318e+00	2.70000e+00
7.77100e-05	9.37625e-01	2.70000e+00
1.06340e-04	8.82275e-01	2.70000e+00
1.34970e-04	8.41836e-01	2.70000e+00
1.60000e-03	6.10258e-01	4.50000e+00
3.84000e-03	4.94303e-01	4.50000e+00
6.08000e-03	4.41597e-01	4.50000e+00
8.32000e-03	4.08562e-01	4.50000e+00
1.05600e-02	3.84956e-01	4.50000e+00
2.50000e-05	1.15853e+00	2.70000e+00
6.00000e-05	9.85121e-01	2.70000e+00
9.50000e-05	9.01892e-01	2.70000e+00
1.30000e-04	8.48107e-01	2.70000e+00
1.65000e-04	8.08842e-01	2.70000e+00
2.50000e-05	1.15853e+00	2.70000e+00
6.00000e-05	9.85121e-01	2.70000e+00
9.50000e-05	9.01892e-01	2.70000e+00
1.30000e-04	8.48107e-01	2.70000e+00
1.65000e-04	8.08842e-01	2.70000e+00
3.77000e-05	1.66878e+00	6.50000e+00
9.04800e-05	1.37536e+00	6.50000e+00
1.43260e-04	1.23913e+00	6.50000e+00
1.96040e-04	1.15277e+00	6.50000e+00
2.48820e-04	1.09057e+00	6.50000e+00
6.96000e-05	1.87728e+00	1.20000e+01
1.67040e-04	1.51633e+00	1.20000e+01
2.64480e-04	1.35256e+00	1.20000e+01
3.61920e-04	1.25005e+00	1.20000e+01
4.59360e-04	1.17686e+00	1.20000e+01
4.01500e-05	1.64613e+00	6.50000e+00
9.63600e-05	1.35599e+00	6.50000e+00
1.52570e-04	1.22137e+00	6.50000e+00
2.08780e-04	1.13606e+00	6.50000e+00
2.64990e-04	1.07463e+00	6.50000e+00
8.05000e-05	1.81256e+00	1.20000e+01
1.93200e-04	1.46267e+00	1.20000e+01
3.05900e-04	1.30411e+00	1.20000e+01
4.18600e-04	1.20491e+00	1.20000e+01
5.31300e-04	1.13413e+00	1.20000e+01
4.27500e-05	1.62380e+00	6.50000e+00
1.02600e-04	1.33692e+00	6.50000e+00
1.62450e-04	1.20389e+00	6.50000e+00
2.22300e-04	1.11961e+00	6.50000e+00
2.82150e-04	1.05894e+00	6.50000e+00
8.05000e-05	1.81256e+00	1.20000e+01
1.93200e-04	1.46267e+00	1.20000e+01
3.05900e-04	1.30411e+00	1.20000e+01
4.18600e-04	1.20491e+00	1.20000e+01
5.31300e-04	1.13413e+00	1.20000e+01
4.76000e-05	1.58613e+00	6.50000e+00
1.14240e-04	1.30476e+00	6.50000e+00
1.80880e-04	1.17443e+00	6.50000e+00
2.47520e-04	1.09190e+00	6.50000e+00
3.14160e-04	1.03252e+00	6.50000e+00
9.10000e-05	1.75953e+00	1.20000e+01
2.18400e-04	1.41877e+00	1.20000e+01
3.45800e-04	1.26449e+00	1.20000e+01
4.73200e-04	1.16803e+00	1.20000e+01
6.00600e-04	1.09922e+00	1.20000e+01
4.93000e-05	1.57398e+00	6.50000e+00
1.18320e-04	1.29440e+00	6.50000e+00
1.87340e-04	1.16494e+00	6.50000e+00
2.56360e-04	1.08298e+00	6.50000e+00
3.25380e-04	1.02402e+00	6.50000e+00
1.00000e-04	1.71967e+00	1.20000e+01
2.40000e-04	1.38580e+00	1.20000e+01
3.80000e-04	1.23476e+00	1.20000e+01
5.20000e-04	1.14035e+00	1.20000e+01
6.60000e-04	1.07303e+00	1.20000e+01
4.93000e-05	1.57398e+00	6.50000e+00
1.18320e-04	1.29440e+00	6.50000e+00
1.87340e-04	1.16494e+00	6.50000e+00
2.56360e-04	1.08298e+00	6.50000e+00
3.25380e-04	1.02402e+00	6.50000e+00
1.00000e-04	1.71967e+00	1.20000e+01
2.40000e-04	1.38580e+00	1.20000e+01
3.80000e-04	1.23476e+00	1.20000e+01
5.20000e-04	1.14035e+00	1.20000e+01
6.60000e-04	1.07303e+00	1.20000e+01
6.50000e-05	1.48085e+00	6.50000e+00
1.56000e-04	1.21515e+00	6.50000e+00
2.47000e-04	1.09244e+00	6.50000e+00
3.38000e-04	1.01486e+00	6.50000e+00
4.29000e-04	9.59107e-01	6.50000e+00
1.60000e-04	1.53254e+00	1.20000e+01
3.84000e-04	1.23149e+00	1.20000e+01
6.08000e-04	1.09578e+00	1.20000e+01
8.32000e-04	1.01112e+00	1.20000e+01
1.05600e-03	9.50814e-01	1.20000e+01
6.50000e-05	1.48085e+00	6.50000e+00
1.56000e-04	1.21515e+00	6.50000e+00
2.47000e-04	1.09244e+00	6.50000e+00
3.38000e-04	1.01486e+00	6.50000e+00
4.29000e-04	9.59107e-01	6.50000e+00
1.60000e-04	1.53254e+00	1.20000e+01
3.84000e-04	1.23149e+00	1.20000e+01
6.08000e-04	1.09578e+00	1.20000e+01
8.32000e-04	1.01112e+00	1.20000e+01
1.05600e-03	9.50814e-01	1.20000e+01
1.00000e-04	1.34470e+00	6.50000e+00
2.40000e-04	1.09980e+00	6.50000e+00
3.80000e-04	9.87133e-01	6.50000e+00
5.20000e-04	9.16065e-01	6.50000e+00
6.60000e-04	8.65059e-01	6.50000e+00
2.50000e-04	1.37174e+00	1.20000e+01
6.00000e-04	1.09950e+00	1.20000e+01
9.50000e-04	9.77151e-01	1.20000e+01
1.30000e-03	9.00951e-01	1.20000e+01
1.65000e-03	8.46738e-01	1.20000e+01
1.00000e-04	1.34470e+00	6.50000e+00
2.40000e-04	1.09980e+00	6.50000e+00
3.80000e-04	9.87133e-01	6.50000e+00
5.20000e-04	9.16065e-01	6.50000e+00
6.60000e-04	8.65059e-01	6.50000e+00
4.00000e-04	1.21885e+00	1.20000e+01
9.60000e-04	9.74514e-01	1.20000e+01
1.52000e-03	8.65049e-01	1.20000e+01
2.08000e-03	7.96982e-01	1.20000e+01
2.64000e-03	7.48607e-01	1.20000e+01
1.60000e-04	1.20810e+00	6.50000e+00
3.84000e-04	9.84686e-01	6.50000e+00
6.08000e-04	8.82329e-01	6.50000e+00
8.32000e-04	8.17908e-01	6.50000e+00
1.05600e-03	7.71744e-01	6.50000e+00
6.50000e-04	1.07723e+00	1.20000e+01
1.56000e-03	8.59214e-01	1.20000e+01
2.47000e-03	7.61830e-01	1.20000e+01
3.38000e-03	7.01367e-01	1.20000e+01
4.29000e-03	6.58442e-01	1.20000e+01
2.50000e-04	1.08936e+00	6.50000e+00
6.00000e-04	8.85145e-01	6.50000e+00
9.50000e-04	7.91935e-01	6.50000e+00
1.30000e-03	7.33388e-01	6.50000e+00
1.65000e-03	6.91493e-01	6.50000e+00
1.00000e-03	9.64298e-01	1.20000e+01
2.40000e-03	7.67608e-01	1.20000e+01
3.80000e-03	6.79962e-01	1.20000e+01
5.20000e-03	6.25615e-01	1.20000e+01
6.60000e-03	5.87064e-01	1.20000e+01
4.00000e-04	9.75195e-01	6.50000e+00
9.60000e-04	7.89916e-01	6.50000e+00
1.52000e-03	7.05666e-01	6.50000e+00
2.08000e-03	6.52855e-01	6.50000e+00
2.64000e-03	6.15115e-01	6.50000e+00
1.60000e-03	8.53562e-01	1.20000e+01
3.84000e-03	6.78079e-01	1.20000e+01
6.08000e-03	6.00074e-01	1.20000e+01
8.32000e-03	5.51767e-01	1.20000e+01
1.05600e-02	5.17531e-01	1.20000e+01
6.50000e-04	8.68250e-01	6.50000e+00
1.56000e-03	7.01152e-01	6.50000e+00
2.47000e-03	6.25449e-01	6.50000e+00
3.38000e-03	5.78088e-01	6.50000e+00
4.29000e-03	5.44288e-01	6.50000e+00
2.50000e-03	7.59416e-01	1.20000e+01
6.00000e-03	6.02199e-01	1.20000e+01
9.50000e-03	5.32466e-01	1.20000e+01
1.30000e-02	4.89329e-01	1.20000e+01
1.65000e-02	4.58780e-01	1.20000e+01
1.00000e-03	7.82087e-01	6.50000e+00
2.40000e-03	6.29961e-01	6.50000e+00
3.80000e-03	5.61252e-01	6.50000e+00
5.20000e-03	5.18336e-01	6.50000e+00
6.60000e-03	4.87743e-01	6.50000e+00
1.60000e-03	6.96777e-01	6.50000e+00
3.84000e-03	5.59768e-01	6.50000e+00
6.08000e-03	4.98082e-01	6.50000e+00
8.32000e-03	4.59617e-01	6.50000e+00
1.05600e-02	4.32228e-01	6.50000e+00
8.70000e-05	1.93090e+00	1.50000e+01
2.08800e-04	1.55016e+00	1.50000e+01
3.30600e-04	1.37864e+00	1.50000e+01
4.52400e-04	1.27168e+00	1.50000e+01
5.74200e-04	1.19553e+00	1.50000e+01
2.50000e-03	6.23563e-01	6.50000e+00
6.00000e-03	4.99769e-01	6.50000e+00
9.50000e-03	4.44190e-01	6.50000e+00
1.30000e-02	4.09584e-01	6.50000e+00
1.65000e-02	3.84968e-01	6.50000e+00
1.00000e-04	1.86526e+00	1.50000e+01
2.40000e-04	1.49625e+00	1.50000e+01
3.80000e-04	1.33018e+00	1.50000e+01
5.20000e-04	1.22667e+00	1.50000e+01
6.60000e-04	1.15300e+00	1.50000e+01
1.00000e-04	1.86526e+00	1.50000e+01
2.40000e-04	1.49625e+00	1.50000e+01
3.80000e-04	1.33018e+00	1.50000e+01
5.20000e-04	1.22667e+00	1.50000e+01
6.60000e-04	1.15300e+00	1.50000e+01
1.14000e-04	1.80532e+00	1.50000e+01
2.73600e-04	1.44708e+00	1.50000e+01
4.33200e-04	1.28601e+00	1.50000e+01
5.92800e-04	1.18567e+00	1.50000e+01
7.52400e-04	1.11427e+00	1.50000e+01
4.93000e-05	1.77039e+00	8.50000e+00
1.18320e-04	1.44542e+00	8.50000e+00
1.87340e-04	1.29615e+00	8.50000e+00
2.56360e-04	1.20207e+00	8.50000e+00
3.25380e-04	1.13460e+00	8.50000e+00
1.23000e-04	1.77134e+00	1.50000e+01
2.95200e-04	1.41924e+00	1.50000e+01
4.67400e-04	1.26101e+00	1.50000e+01
6.39600e-04	1.16247e+00	1.50000e+01
8.11800e-04	1.09236e+00	1.50000e+01
5.25000e-05	1.74517e+00	8.50000e+00
1.26000e-04	1.42416e+00	8.50000e+00
1.99500e-04	1.27679e+00	8.50000e+00
2.73000e-04	1.18394e+00	8.50000e+00
3.46500e-04	1.11736e+00	8.50000e+00
1.60000e-04	1.65812e+00	1.50000e+01
3.84000e-04	1.32660e+00	1.50000e+01
6.08000e-04	1.17789e+00	1.50000e+01
8.32000e-04	1.08536e+00	1.50000e+01
1.05600e-03	1.01958e+00	1.50000e+01
5.60000e-05	1.71961e+00	8.50000e+00
1.34400e-04	1.40262e+00	8.50000e+00
2.12800e-04	1.25719e+00	8.50000e+00
2.91200e-04	1.16558e+00	8.50000e+00
3.69600e-04	1.09991e+00	8.50000e+00
1.60000e-04	1.65812e+00	1.50000e+01
3.84000e-04	1.32660e+00	1.50000e+01
6.08000e-04	1.17789e+00	1.50000e+01
8.32000e-04	1.08536e+00	1.50000e+01
1.05600e-03	1.01958e+00	1.50000e+01
6.20000e-05	1.67992e+00	8.50000e+00
1.48800e-04	1.36922e+00	8.50000e+00
2.35600e-04	1.22680e+00	8.50000e+00
3.22400e-04	1.13714e+00	8.50000e+00
4.09200e-04	1.07288e+00	8.50000e+00
2.50000e-04	1.48077e+00	1.50000e+01
6.00000e-04	1.18195e+00	1.50000e+01
9.50000e-04	1.04830e+00	1.50000e+01
1.30000e-03	9.65270e-01	1.50000e+01
1.65000e-03	9.06300e-01	1.50000e+01
6.45000e-05	1.66471e+00	8.50000e+00
1.54800e-04	1.35643e+00	8.50000e+00
2.45100e-04	1.21517e+00	8.50000e+00
3.35400e-04	1.12626e+00	8.50000e+00
4.25700e-04	1.06254e+00	8.50000e+00
4.00000e-04	1.31272e+00	1.50000e+01
9.60000e-04	1.04542e+00	1.50000e+01
1.52000e-03	9.26208e-01	1.50000e+01
2.08000e-03	8.52255e-01	1.50000e+01
2.64000e-03	7.99784e-01	1.50000e+01
6.95000e-05	1.63630e+00	8.50000e+00
1.66800e-04	1.33256e+00	8.50000e+00
2.64100e-04	1.19347e+00	8.50000e+00
3.61400e-04	1.10595e+00	8.50000e+00
4.58700e-04	1.04326e+00	8.50000e+00
6.50000e-04	1.15760e+00	1.50000e+01
1.56000e-03	9.19863e-01	1.50000e+01
2.47000e-03	8.14120e-01	1.50000e+01
3.38000e-03	7.48616e-01	1.50000e+01
4.29000e-03	7.02184e-01	1.50000e+01
6.95000e-05	1.63630e+00	8.50000e+00
1.66800e-04	1.33256e+00	8.50000e+00
2.64100e-04	1.19347e+00	8.50000e+00
3.61400e-04	1.10595e+00	8.50000e+00
4.58700e-04	1.04326e+00	8.50000e+00
1.00000e-03	1.03428e+00	1.50000e+01
2.40000e-03	8.20386e-01	1.50000e+01
3.80000e-03	7.25455e-01	1.50000e+01
5.20000e-03	6.66716e-01	1.50000e+01
6.60000e-03	6.25112e-01	1.50000e+01
1.00000e-04	1.50362e+00	8.50000e+00
2.40000e-04	1.22134e+00	8.50000e+00
3.80000e-04	1.09249e+00	8.50000e+00
5.20000e-04	1.01155e+00	8.50000e+00
6.60000e-04	9.53635e-01	8.50000e+00
1.60000e-03	9.13718e-01	1.50000e+01
3.84000e-03	7.23417e-01	1.50000e+01
6.08000e-03	6.39147e-01	1.50000e+01
8.32000e-03	5.87065e-01	1.50000e+01
1.05600e-02	5.50204e-01	1.50000e+01
1.00000e-04	1.50362e+00	8.50000e+00
2.40000e-04	1.22134e+00	8.50000e+00
3.80000e-04	1.09249e+00	8.50000e+00
5.20000e-04	1.01155e+00	8.50000e+00
6.60000e-04	9.53635e-01	8.50000e+00
2.50000e-03	8.11502e-01	1.50000e+01
6.00000e-03	6.41440e-01	1.50000e+01
9.50000e-03	5.66279e-01	1.50000e+01
1.30000e-02	5.19874e-01	1.50000e+01
1.65000e-02	4.87052e-01	1.50000e+01
1.60000e-04	1.34582e+00	8.50000e+00
3.84000e-04	1.08969e+00	8.50000e+00
6.08000e-04	9.73228e-01	8.50000e+00
8.32000e-04	9.00228e-01	8.50000e+00
1.05600e-03	8.48066e-01	8.50000e+00
4.00000e-03	7.15526e-01	1.50000e+01
9.60000e-03	5.64668e-01	1.50000e+01
1.52000e-02	4.98120e-01	1.50000e+01
2.08000e-02	4.57073e-01	1.50000e+01
2.64000e-02	4.28061e-01	1.50000e+01
2.50000e-04	1.20938e+00	8.50000e+00
6.00000e-04	9.76424e-01	8.50000e+00
9.50000e-04	8.70865e-01	8.50000e+00
1.30000e-03	8.04824e-01	8.50000e+00
1.65000e-03	7.57695e-01	8.50000e+00
4.00000e-04	1.07887e+00	8.50000e+00
9.60000e-04	8.68584e-01	8.50000e+00
1.52000e-03	7.73627e-01	8.50000e+00
2.08000e-03	7.14329e-01	8.50000e+00
2.64000e-03	6.72064e-01	8.50000e+00
1.04500e-04	1.96491e+00	1.80000e+01
2.50800e-04	1.57039e+00	1.80000e+01
3.97100e-04	1.39359e+00	1.80000e+01
5.43400e-04	1.28365e+00	1.80000e+01
6.89700e-04	1.20551e+00	1.80000e+01
6.50000e-04	9.57253e-01	8.50000e+00
1.56000e-03	7.68552e-01	8.50000e+00
2.47000e-03	6.83628e-01	8.50000e+00
3.38000e-03	6.30689e-01	8.50000e+00
4.29000e-03	5.93002e-01	8.50000e+00
1.18500e-04	1.90323e+00	1.80000e+01
2.84400e-04	1.52008e+00	1.80000e+01
4.50300e-04	1.34851e+00	1.80000e+01
6.16200e-04	1.24188e+00	1.80000e+01
7.82100e-04	1.16611e+00	1.80000e+01
1.00000e-03	8.59742e-01	8.50000e+00
2.40000e-03	6.88678e-01	8.50000e+00
3.80000e-03	6.11907e-01	8.50000e+00
5.20000e-03	5.64120e-01	8.50000e+00
6.60000e-03	5.30134e-01	8.50000e+00
1.34000e-04	1.84462e+00	1.80000e+01
3.21600e-04	1.47232e+00	1.80000e+01
5.09200e-04	1.30575e+00	1.80000e+01
6.96800e-04	1.20226e+00	1.80000e+01
8.84400e-04	1.12875e+00	1.80000e+01
1.60000e-03	7.63634e-01	8.50000e+00
3.84000e-03	6.10253e-01	8.50000e+00
6.08000e-03	5.41612e-01	8.50000e+00
8.32000e-03	4.98950e-01	8.50000e+00
1.05600e-02	4.68639e-01	8.50000e+00
1.34000e-04	1.84462e+00	1.80000e+01
3.21600e-04	1.47232e+00	1.80000e+01
5.09200e-04	1.30575e+00	1.80000e+01
6.96800e-04	1.20226e+00	1.80000e+01
8.84400e-04	1.12875e+00	1.80000e+01
2.50000e-03	6.81517e-01	8.50000e+00
6.00000e-03	5.43486e-01	8.50000e+00
9.50000e-03	4.81869e-01	8.50000e+00
1.30000e-02	4.43624e-01	8.50000e+00
1.65000e-02	4.16475e-01	8.50000e+00
1.64000e-04	1.75182e+00	1.80000e+01
3.93600e-04	1.39681e+00	1.80000e+01
6.23200e-04	1.23819e+00	1.80000e+01
8.52800e-04	1.13969e+00	1.80000e+01
1.08240e-03	1.06977e+00	1.80000e+01
1.64000e-04	1.75182e+00	1.80000e+01
3.93600e-04	1.39681e+00	1.80000e+01
6.23200e-04	1.23819e+00	1.80000e+01
8.52800e-04	1.13969e+00	1.80000e+01
1.08240e-03	1.06977e+00	1.80000e+01
6.50000e-05	1.77618e+00	1.00000e+01
1.56000e-04	1.44139e+00	1.00000e+01
2.47000e-04	1.28868e+00	1.00000e+01
3.38000e-04	1.19281e+00	1.00000e+01
4.29000e-04	1.12423e+00	1.00000e+01
2.50000e-04	1.57169e+00	1.80000e+01
6.00000e-04	1.25062e+00	1.80000e+01
9.50000e-04	1.10753e+00	1.80000e+01
1.30000e-03	1.01880e+00	1.80000e+01
1.65000e-03	9.55861e-01	1.80000e+01
1.00000e-04	1.60394e+00	1.00000e+01
2.40000e-04	1.29780e+00	1.00000e+01
3.80000e-04	1.15866e+00	1.00000e+01
5.20000e-04	1.07148e+00	1.00000e+01
6.60000e-04	1.00920e+00	1.00000e+01
2.50000e-04	1.57169e+00	1.80000e+01
6.00000e-04	1.25062e+00	1.80000e+01
9.50000e-04	1.10753e+00	1.80000e+01
1.30000e-03	1.01880e+00	1.80000e+01
1.65000e-03	9.55861e-01	1.80000e+01
1.60000e-04	1.43258e+00	1.00000e+01
3.84000e-04	1.15565e+00	1.00000e+01
6.08000e-04	1.03026e+00	1.00000e+01
8.32000e-04	9.51841e-01	1.00000e+01
1.05600e-03	8.95897e-01	1.00000e+01
4.00000e-04	1.39094e+00	1.80000e+01
9.60000e-04	1.10445e+00	1.80000e+01
1.52000e-03	9.77100e-01	1.80000e+01
2.08000e-03	8.98242e-01	1.80000e+01
2.64000e-03	8.42360e-01	1.80000e+01
2.50000e-04	1.28487e+00	1.00000e+01
6.00000e-04	1.03369e+00	1.00000e+01
9.50000e-04	9.20340e-01	1.00000e+01
1.30000e-03	8.49578e-01	1.00000e+01
1.65000e-03	7.99155e-01	1.00000e+01
6.50000e-04	1.22452e+00	1.80000e+01
1.56000e-03	9.70330e-01	1.80000e+01
2.47000e-03	8.57621e-01	1.80000e+01
3.38000e-03	7.87920e-01	1.80000e+01
4.29000e-03	7.38569e-01	1.80000e+01
4.00000e-04	1.14399e+00	1.00000e+01
9.60000e-04	9.17893e-01	1.00000e+01
1.52000e-03	8.16194e-01	1.00000e+01
2.08000e-03	7.52818e-01	1.00000e+01
2.64000e-03	7.07710e-01	1.00000e+01
1.00000e-03	1.09254e+00	1.80000e+01
2.40000e-03	8.64294e-01	1.80000e+01
3.80000e-03	7.63296e-01	1.80000e+01
5.20000e-03	7.00904e-01	1.80000e+01
6.60000e-03	6.56758e-01	1.80000e+01
6.50000e-04	1.01309e+00	1.00000e+01
1.56000e-03	8.10765e-01	1.00000e+01
2.47000e-03	7.20046e-01	1.00000e+01
3.38000e-03	6.63606e-01	1.00000e+01
4.29000e-03	6.23481e-01	1.00000e+01
1.60000e-03	9.63774e-01	1.80000e+01
3.84000e-03	7.61131e-01	1.80000e+01
6.08000e-03	6.71646e-01	1.80000e+01
8.32000e-03	6.16424e-01	1.80000e+01
1.05600e-02	5.77380e-01	1.80000e+01
1.00000e-03	9.08413e-01	1.00000e+01
2.40000e-03	7.25435e-01	1.00000e+01
3.80000e-03	6.43603e-01	1.00000e+01
5.20000e-03	5.92762e-01	1.00000e+01
6.60000e-03	5.56651e-01	1.00000e+01
2.50000e-03	8.54834e-01	1.80000e+01
6.00000e-03	6.74079e-01	1.80000e+01
9.50000e-03	5.94402e-01	1.80000e+01
1.30000e-02	5.45279e-01	1.80000e+01
1.65000e-02	5.10569e-01	1.80000e+01
2.50000e-03	7.17794e-01	1.00000e+01
6.00000e-03	5.70833e-01	1.00000e+01
9.50000e-03	5.05437e-01	1.00000e+01
1.30000e-02	4.64913e-01	1.00000e+01
1.65000e-02	4.36180e-01	1.00000e+01
4.00000e-03	7.52744e-01	1.80000e+01
9.60000e-03	5.92696e-01	1.80000e+01
1.52000e-02	5.22270e-01	1.80000e+01
2.08000e-02	4.78889e-01	1.80000e+01
2.64000e-02	4.48254e-01	1.80000e+01
1.45000e-04	1.92880e+00	2.20000e+01
3.48000e-04	1.53374e+00	2.20000e+01
5.51000e-04	1.35775e+00	2.20000e+01
7.54000e-04	1.24866e+00	2.20000e+01
9.57000e-04	1.17130e+00	2.20000e+01
1.00000e-03	1.31037e+00	3.50000e+01
2.40000e-03	1.02838e+00	3.50000e+01
3.80000e-03	9.04686e-01	3.50000e+01
5.20000e-03	8.28632e-01	3.50000e+01
6.60000e-03	7.74992e-01	3.50000e+01
1.60000e-04	1.88012e+00	2.20000e+01
3.84000e-04	1.49434e+00	2.20000e+01
6.08000e-04	1.32259e+00	2.20000e+01
8.32000e-04	1.21615e+00	2.20000e+01
1.05600e-03	1.14069e+00	2.20000e+01
1.60000e-03	1.15087e+00	3.50000e+01
3.84000e-03	9.02041e-01	3.50000e+01
6.08000e-03	7.93066e-01	3.50000e+01
8.32000e-03	7.26112e-01	3.50000e+01
1.05600e-02	6.78915e-01	3.50000e+01
1.72500e-04	1.84369e+00	2.20000e+01
4.14000e-04	1.46488e+00	2.20000e+01
6.55500e-04	1.29630e+00	2.20000e+01
8.97000e-04	1.19185e+00	2.20000e+01
1.13850e-03	1.11781e+00	2.20000e+01
2.50000e-03	1.01676e+00	3.50000e+01
6.00000e-03	7.96021e-01	3.50000e+01
9.50000e-03	6.99477e-01	3.50000e+01
1.30000e-02	6.40201e-01	3.50000e+01
1.65000e-02	5.98437e-01	3.50000e+01
1.94000e-04	1.78809e+00	2.20000e+01
4.65600e-04	1.41994e+00	2.20000e+01
7.37200e-04	1.25622e+00	2.20000e+01
1.00880e-03	1.15481e+00	2.20000e+01
1.28040e-03	1.08295e+00	2.20000e+01
4.00000e-03	8.91804e-01	3.50000e+01
9.60000e-03	6.97415e-01	3.50000e+01
1.52000e-02	6.12505e-01	3.50000e+01
2.08000e-02	5.60407e-01	3.50000e+01
2.64000e-02	5.23715e-01	3.50000e+01
2.50000e-04	1.67327e+00	2.20000e+01
6.00000e-04	1.32727e+00	2.20000e+01
9.50000e-04	1.17361e+00	2.20000e+01
1.30000e-03	1.07851e+00	2.20000e+01
1.65000e-03	1.01115e+00	2.20000e+01
2.50000e-04	1.67327e+00	2.20000e+01
6.00000e-04	1.32727e+00	2.20000e+01
9.50000e-04	1.17361e+00	2.20000e+01
1.30000e-03	1.07851e+00	2.20000e+01
1.65000e-03	1.01115e+00	2.20000e+01
2.96000e-04	1.60061e+00	2.20000e+01
7.10400e-04	1.26872e+00	2.20000e+01
1.12480e-03	1.12146e+00	2.20000e+01
1.53920e-03	1.03037e+00	2.20000e+01
1.95360e-03	9.65856e-01	2.20000e+01
4.00000e-04	1.47828e+00	2.20000e+01
9.60000e-04	1.17031e+00	2.20000e+01
1.52000e-03	1.03387e+00	2.20000e+01
2.08000e-03	9.49539e-01	2.20000e+01
2.64000e-03	8.89847e-01	2.20000e+01
6.50000e-04	1.29922e+00	2.20000e+01
1.56000e-03	1.02663e+00	2.20000e+01
2.47000e-03	9.06143e-01	2.20000e+01
3.38000e-03	8.31756e-01	2.20000e+01
4.29000e-03	7.79148e-01	2.20000e+01
2.95000e-04	1.95299e+00	4.50000e+01
7.08000e-04	1.53428e+00	4.50000e+01
1.12100e-03	1.35034e+00	4.50000e+01
1.53400e-03	1.23715e+00	4.50000e+01
1.94700e-03	1.15728e+00	4.50000e+01
1.00000e-03	1.15754e+00	2.20000e+01
2.40000e-03	9.13269e-01	2.20000e+01
3.80000e-03	8.05501e-01	2.20000e+01
5.20000e-03	7.39031e-01	2.20000e+01
6.60000e-03	6.92052e-01	2.20000e+01
3.17000e-04	1.91486e+00	4.50000e+01
7.60800e-04	1.50398e+00	4.50000e+01
1.20460e-03	1.32353e+00	4.50000e+01
1.64840e-03	1.21251e+00	4.50000e+01
2.09220e-03	1.13418e+00	4.50000e+01
1.60000e-03	1.01961e+00	2.20000e+01
3.84000e-03	8.03192e-01	2.20000e+01
6.08000e-03	7.07890e-01	2.20000e+01
8.32000e-03	6.49166e-01	2.20000e+01
1.05600e-02	6.07688e-01	2.20000e+01
3.50000e-04	1.86351e+00	4.50000e+01
8.40000e-04	1.46321e+00	4.50000e+01
1.33000e-03	1.28747e+00	4.50000e+01
1.82000e-03	1.17936e+00	4.50000e+01
2.31000e-03	1.10310e+00	4.50000e+01
2.50000e-03	9.03166e-01	2.20000e+01
6.00000e-03	7.10479e-01	2.20000e+01
9.50000e-03	6.25767e-01	2.20000e+01
1.30000e-02	5.73612e-01	2.20000e+01
1.65000e-02	5.36796e-01	2.20000e+01
4.00000e-04	1.79634e+00	4.50000e+01
9.60000e-04	1.40990e+00	4.50000e+01
1.52000e-03	1.24033e+00	4.50000e+01
2.08000e-03	1.13604e+00	4.50000e+01
2.64000e-03	1.06249e+00	4.50000e+01
4.00000e-03	7.94254e-01	2.20000e+01
9.60000e-03	6.23955e-01	2.20000e+01
1.52000e-02	5.49204e-01	2.20000e+01
2.08000e-02	5.03220e-01	2.20000e+01
2.64000e-02	4.70776e-01	2.20000e+01
4.00000e-04	1.79634e+00	4.50000e+01
9.60000e-04	1.40990e+00	4.50000e+01
1.52000e-03	1.24033e+00	4.50000e+01
2.08000e-03	1.13604e+00	4.50000e+01
2.64000e-03	1.06249e+00	4.50000e+01
4.60000e-04	1.72851e+00	4.50000e+01
1.10400e-03	1.35610e+00	4.50000e+01
1.74800e-03	1.19277e+00	4.50000e+01
2.39200e-03	1.09235e+00	4.50000e+01
3.03600e-03	1.02153e+00	4.50000e+01
5.50000e-04	1.64533e+00	4.50000e+01
1.32000e-03	1.29018e+00	4.50000e+01
2.09000e-03	1.13452e+00	4.50000e+01
2.86000e-03	1.03884e+00	4.50000e+01
3.63000e-03	9.71383e-01	4.50000e+01
1.57000e-04	2.01126e+00	2.70000e+01
3.76800e-04	1.59378e+00	2.70000e+01
5.96600e-04	1.40855e+00	2.70000e+01
8.16400e-04	1.29396e+00	2.70000e+01
1.03620e-03	1.21282e+00	2.70000e+01
6.50000e-04	1.57104e+00	4.50000e+01
1.56000e-03	1.23135e+00	4.50000e+01
2.47000e-03	1.08255e+00	4.50000e+01
3.38000e-03	9.91116e-01	4.50000e+01
4.29000e-03	9.26662e-01	4.50000e+01
1.67500e-04	1.97722e+00	2.70000e+01
4.02000e-04	1.56637e+00	2.70000e+01
6.36500e-04	1.38414e+00	2.70000e+01
8.71000e-04	1.27144e+00	2.70000e+01
1.10550e-03	1.19164e+00	2.70000e+01
6.50000e-04	1.57104e+00	4.50000e+01
1.56000e-03	1.23135e+00	4.50000e+01
2.47000e-03	1.08255e+00	4.50000e+01
3.38000e-03	9.91116e-01	4.50000e+01
4.29000e-03	9.26662e-01	4.50000e+01
1.77500e-04	1.94718e+00	2.70000e+01
4.26000e-04	1.54219e+00	2.70000e+01
6.74500e-04	1.36262e+00	2.70000e+01
9.23000e-04	1.25157e+00	2.70000e+01
1.17150e-03	1.17296e+00	2.70000e+01
1.00000e-03	1.39398e+00	4.50000e+01
2.40000e-03	1.09132e+00	4.50000e+01
3.80000e-03	9.58927e-01	4.50000e+01
5.20000e-03	8.77632e-01	4.50000e+01
6.60000e-03	8.20352e-01	4.50000e+01
2.05000e-04	1.87437e+00	2.70000e+01
4.92000e-04	1.48364e+00	2.70000e+01
7.79000e-04	1.31052e+00	2.70000e+01
1.06600e-03	1.20350e+00	2.70000e+01
1.35300e-03	1.12776e+00	2.70000e+01
1.60000e-03	1.22266e+00	4.50000e+01
3.84000e-03	9.56099e-01	4.50000e+01
6.08000e-03	8.39646e-01	4.50000e+01
8.32000e-03	7.68193e-01	4.50000e+01
1.05600e-02	7.17870e-01	4.50000e+01
2.05000e-04	1.87437e+00	2.70000e+01
4.92000e-04	1.48364e+00	2.70000e+01
7.79000e-04	1.31052e+00	2.70000e+01
1.06600e-03	1.20350e+00	2.70000e+01
1.35300e-03	1.12776e+00	2.70000e+01
2.50000e-03	1.07888e+00	4.50000e+01
6.00000e-03	8.42802e-01	4.50000e+01
9.50000e-03	7.39790e-01	4.50000e+01
1.30000e-02	6.76622e-01	4.50000e+01
1.65000e-02	6.32152e-01	4.50000e+01
2.50000e-04	1.77820e+00	2.70000e+01
6.00000e-04	1.40639e+00	2.70000e+01
9.50000e-04	1.24181e+00	2.70000e+01
1.30000e-03	1.14013e+00	2.70000e+01
1.65000e-03	1.06819e+00	2.70000e+01
4.00000e-03	9.45151e-01	4.50000e+01
9.60000e-03	7.37591e-01	4.50000e+01
1.52000e-02	6.47128e-01	4.50000e+01
2.08000e-02	5.91688e-01	4.50000e+01
2.64000e-02	5.52674e-01	4.50000e+01
2.50000e-04	1.77820e+00	2.70000e+01
6.00000e-04	1.40639e+00	2.70000e+01
9.50000e-04	1.24181e+00	2.70000e+01
1.30000e-03	1.14013e+00	2.70000e+01
1.65000e-03	1.06819e+00	2.70000e+01
4.00000e-04	1.56847e+00	2.70000e+01
9.60000e-04	1.23828e+00	2.70000e+01
1.52000e-03	1.09245e+00	2.70000e+01
2.08000e-03	1.00246e+00	2.70000e+01
2.64000e-03	9.38833e-01	2.70000e+01
4.00000e-04	1.56847e+00	2.70000e+01
9.60000e-04	1.23828e+00	2.70000e+01
1.52000e-03	1.09245e+00	2.70000e+01
2.08000e-03	1.00246e+00	2.70000e+01
2.64000e-03	9.38833e-01	2.70000e+01
6.50000e-04	1.37631e+00	2.70000e+01
1.56000e-03	1.08471e+00	2.70000e+01
2.47000e-03	9.56196e-01	2.70000e+01
3.38000e-03	8.76974e-01	2.70000e+01
4.29000e-03	8.21005e-01	2.70000e+01
1.00000e-03	1.22461e+00	2.70000e+01
2.40000e-03	9.63791e-01	2.70000e+01
3.80000e-03	8.49035e-01	2.70000e+01
5.20000e-03	7.78359e-01	2.70000e+01
6.60000e-03	7.28456e-01	2.70000e+01
4.00000e-04	1.92568e+00	6.00000e+01
9.60000e-04	1.50727e+00	6.00000e+01
1.52000e-03	1.32423e+00	6.00000e+01
2.08000e-03	1.21183e+00	6.00000e+01
2.64000e-03	1.13264e+00	6.00000e+01
1.60000e-03	1.07722e+00	2.70000e+01
3.84000e-03	8.46580e-01	2.70000e+01
6.08000e-03	7.45276e-01	2.70000e+01
8.32000e-03	6.82939e-01	2.70000e+01
1.05600e-02	6.38951e-01	2.70000e+01
4.30000e-04	1.88727e+00	6.00000e+01
1.03200e-03	1.47693e+00	6.00000e+01
1.63400e-03	1.29745e+00	6.00000e+01
2.23600e-03	1.18726e+00	6.00000e+01
2.83800e-03	1.10963e+00	6.00000e+01
2.50000e-03	9.53024e-01	2.70000e+01
6.00000e-03	7.48025e-01	2.70000e+01
9.50000e-03	6.58120e-01	2.70000e+01
1.30000e-02	6.02839e-01	2.70000e+01
1.65000e-02	5.63850e-01	2.70000e+01
4.70000e-04	1.84104e+00	6.00000e+01
1.12800e-03	1.44041e+00	6.00000e+01
1.78600e-03	1.26523e+00	6.00000e+01
2.44400e-03	1.15770e+00	6.00000e+01
3.10200e-03	1.08195e+00	6.00000e+01
4.00000e-03	8.37071e-01	2.70000e+01
9.60000e-03	6.56198e-01	2.70000e+01
1.52000e-02	5.76987e-01	2.70000e+01
2.08000e-02	5.28319e-01	2.70000e+01
2.64000e-02	4.94010e-01	2.70000e+01
5.50000e-04	1.76198e+00	6.00000e+01
1.32000e-03	1.37801e+00	6.00000e+01
2.09000e-03	1.21019e+00	6.00000e+01
2.86000e-03	1.10720e+00	6.00000e+01
3.63000e-03	1.03466e+00	6.00000e+01
6.50000e-04	1.68154e+00	6.00000e+01
1.56000e-03	1.31455e+00	6.00000e+01
2.47000e-03	1.15423e+00	6.00000e+01
3.38000e-03	1.05588e+00	6.00000e+01
4.29000e-03	9.86609e-01	6.00000e+01
6.50000e-04	1.68154e+00	6.00000e+01
1.56000e-03	1.31455e+00	6.00000e+01
2.47000e-03	1.15423e+00	6.00000e+01
3.38000e-03	1.05588e+00	6.00000e+01
4.29000e-03	9.86609e-01	6.00000e+01
7.50000e-04	1.61545e+00	6.00000e+01
1.80000e-03	1.26244e+00	6.00000e+01
2.85000e-03	1.10830e+00	6.00000e+01
3.90000e-03	1.01375e+00	6.00000e+01
4.95000e-03	9.47177e-01	6.00000e+01
2.30000e-04	1.95600e+00	3.50000e+01
5.52000e-04	1.54233e+00	3.50000e+01
8.74000e-04	1.35984e+00	3.50000e+01
1.19600e-03	1.24729e+00	3.50000e+01
1.51800e-03	1.16776e+00	3.50000e+01
1.00000e-03	1.49007e+00	6.00000e+01
2.40000e-03	1.16368e+00	6.00000e+01
3.80000e-03	1.02128e+00	6.00000e+01
5.20000e-03	9.33959e-01	6.00000e+01
6.60000e-03	8.72494e-01	6.00000e+01
2.50000e-04	1.91250e+00	3.50000e+01
6.00000e-04	1.50758e+00	3.50000e+01
9.50000e-04	1.32901e+00	3.50000e+01
1.30000e-03	1.21890e+00	3.50000e+01
1.65000e-03	1.14111e+00	3.50000e+01
1.60000e-03	1.30518e+00	6.00000e+01
3.84000e-03	1.01824e+00	6.00000e+01
6.08000e-03	8.93193e-01	6.00000e+01
8.32000e-03	8.16570e-01	6.00000e+01
1.05600e-02	7.62654e-01	6.00000e+01
2.65500e-04	1.88168e+00	3.50000e+01
6.37200e-04	1.48297e+00	3.50000e+01
1.00890e-03	1.30718e+00	3.50000e+01
1.38060e-03	1.19881e+00	3.50000e+01
1.75230e-03	1.12224e+00	3.50000e+01
2.50000e-03	1.15029e+00	6.00000e+01
6.00000e-03	8.96578e-01	6.00000e+01
9.50000e-03	7.86133e-01	6.00000e+01
1.30000e-02	7.18492e-01	6.00000e+01
1.65000e-02	6.70915e-01	6.00000e+01
2.87000e-04	1.84248e+00	3.50000e+01
6.88800e-04	1.45168e+00	3.50000e+01
1.09060e-03	1.27944e+00	3.50000e+01
1.49240e-03	1.17327e+00	3.50000e+01
1.89420e-03	1.09827e+00	3.50000e+01
4.00000e-03	1.00647e+00	6.00000e+01
9.60000e-03	7.83778e-01	6.00000e+01
1.52000e-02	6.86934e-01	6.00000e+01
2.08000e-02	6.27653e-01	6.00000e+01
2.64000e-02	5.85970e-01	6.00000e+01
3.08000e-04	1.80760e+00	3.50000e+01
7.39200e-04	1.42384e+00	3.50000e+01
1.17040e-03	1.25476e+00	3.50000e+01
1.60160e-03	1.15056e+00	3.50000e+01
2.03280e-03	1.07695e+00	3.50000e+01
3.28500e-04	1.77632e+00	3.50000e+01
7.88400e-04	1.39889e+00	3.50000e+01
1.24830e-03	1.23264e+00	3.50000e+01
1.70820e-03	1.13020e+00	3.50000e+01
2.16810e-03	1.05784e+00	3.50000e+01
4.00000e-04	1.68384e+00	3.50000e+01
9.60000e-04	1.32518e+00	3.50000e+01
1.52000e-03	1.16733e+00	3.50000e+01
2.08000e-03	1.07011e+00	3.50000e+01
2.64000e-03	1.00145e+00	3.50000e+01
4.00000e-04	1.68384e+00	3.50000e+01
9.60000e-04	1.32518e+00	3.50000e+01
1.52000e-03	1.16733e+00	3.50000e+01
2.08000e-03	1.07011e+00	3.50000e+01
2.64000e-03	1.00145e+00	3.50000e+01
5.00000e-04	1.58455e+00	3.50000e+01
1.20000e-03	1.24614e+00	3.50000e+01
1.90000e-03	1.09734e+00	3.50000e+01
2.60000e-03	1.00572e+00	3.50000e+01
3.30000e-03	9.41048e-01	3.50000e+01
6.50000e-04	1.47491e+00	3.50000e+01
1.56000e-03	1.15897e+00	3.50000e+01
2.47000e-03	1.02018e+00	3.50000e+01
3.38000e-03	9.34777e-01	3.50000e+01
4.29000e-03	8.74511e-01	3.50000e+01
4.61000e-04	1.91732e+00	7.00000e+01
1.10640e-03	1.49820e+00	7.00000e+01
1.75180e-03	1.31519e+00	7.00000e+01
2.39720e-03	1.20293e+00	7.00000e+01
3.04260e-03	1.12388e+00	7.00000e+01
5.00000e-04	1.87412e+00	7.00000e+01
1.20000e-03	1.46416e+00	7.00000e+01
1.90000e-03	1.28519e+00	7.00000e+01
2.60000e-03	1.17542e+00	7.00000e+01
3.30000e-03	1.09813e+00	7.00000e+01
5.50000e-04	1.82461e+00	7.00000e+01
1.32000e-03	1.42516e+00	7.00000e+01
2.09000e-03	1.25082e+00	7.00000e+01
2.86000e-03	1.14391e+00	7.00000e+01
3.63000e-03	1.06864e+00	7.00000e+01
6.20000e-04	1.76417e+00	7.00000e+01
1.48800e-03	1.37756e+00	7.00000e+01
2.35600e-03	1.20888e+00	7.00000e+01
3.22400e-03	1.10546e+00	7.00000e+01
4.09200e-03	1.03266e+00	7.00000e+01
1.00000e-03	1.79680e+00	1.50000e+02
2.40000e-03	1.39469e+00	1.50000e+02
3.80000e-03	1.22037e+00	1.50000e+02
5.20000e-03	1.11384e+00	1.50000e+02
6.60000e-03	1.03903e+00	1.50000e+02
6.50000e-04	1.74086e+00	7.00000e+01
1.56000e-03	1.35921e+00	7.00000e+01
2.47000e-03	1.19272e+00	7.00000e+01
3.38000e-03	1.09065e+00	7.00000e+01
4.29000e-03	1.01880e+00	7.00000e+01
1.60000e-03	1.56860e+00	1.50000e+02
3.84000e-03	1.21666e+00	1.50000e+02
6.08000e-03	1.06421e+00	1.50000e+02
8.32000e-03	9.71090e-01	1.50000e+02
1.05600e-02	9.05713e-01	1.50000e+02
6.50000e-04	1.74086e+00	7.00000e+01
1.56000e-03	1.35921e+00	7.00000e+01
2.47000e-03	1.19272e+00	7.00000e+01
3.38000e-03	1.09065e+00	7.00000e+01
4.29000e-03	1.01880e+00	7.00000e+01
1.60000e-03	1.56860e+00	1.50000e+02
3.84000e-03	1.21666e+00	1.50000e+02
6.08000e-03	1.06421e+00	1.50000e+02
8.32000e-03	9.71090e-01	1.50000e+02
1.05600e-02	9.05713e-01	1.50000e+02
1.00000e-03	1.54166e+00	7.00000e+01
2.40000e-03	1.20253e+00	7.00000e+01
3.80000e-03	1.05475e+00	7.00000e+01
5.20000e-03	9.64203e-01	7.00000e+01
6.60000e-03	9.00492e-01	7.00000e+01
2.50000e-03	1.37827e+00	1.50000e+02
6.00000e-03	1.06833e+00	1.50000e+02
9.50000e-03	9.34168e-01	1.50000e+02
1.30000e-02	8.52255e-01	1.50000e+02
1.65000e-02	7.94759e-01	1.50000e+02
1.00000e-03	1.54166e+00	7.00000e+01
2.40000e-03	1.20253e+00	7.00000e+01
3.80000e-03	1.05475e+00	7.00000e+01
5.20000e-03	9.64203e-01	7.00000e+01
6.60000e-03	9.00492e-01	7.00000e+01
4.00000e-03	1.20229e+00	1.50000e+02
9.60000e-03	9.31313e-01	1.50000e+02
1.52000e-02	8.14106e-01	1.50000e+02
2.08000e-02	7.42569e-01	1.50000e+02
2.64000e-02	6.92369e-01	1.50000e+02
1.25000e-03	1.44733e+00	7.00000e+01
3.00000e-03	1.12842e+00	7.00000e+01
4.75000e-03	9.89525e-01	7.00000e+01
6.50000e-03	9.04446e-01	7.00000e+01
8.25000e-03	8.44595e-01	7.00000e+01
1.60000e-03	1.34948e+00	7.00000e+01
3.84000e-03	1.05160e+00	7.00000e+01
6.08000e-03	9.21945e-01	7.00000e+01
8.32000e-03	8.42547e-01	7.00000e+01
1.05600e-02	7.86703e-01	7.00000e+01
2.50000e-03	1.18863e+00	7.00000e+01
6.00000e-03	9.25454e-01	7.00000e+01
9.50000e-03	8.11019e-01	7.00000e+01
1.30000e-02	7.40978e-01	7.00000e+01
1.65000e-02	6.91732e-01	7.00000e+01
4.00000e-03	1.03940e+00	7.00000e+01
9.60000e-03	8.08580e-01	7.00000e+01
1.52000e-02	7.08310e-01	7.00000e+01
2.08000e-02	6.46968e-01	7.00000e+01
2.64000e-02	6.03853e-01	7.00000e+01
1.30000e-03	1.75385e+00	2.00000e+02
3.12000e-03	1.35881e+00	2.00000e+02
4.94000e-03	1.18788e+00	2.00000e+02
6.76000e-03	1.08353e+00	2.00000e+02
8.58000e-03	1.01031e+00	2.00000e+02
1.60000e-03	1.65103e+00	2.00000e+02
3.84000e-03	1.27877e+00	2.00000e+02
6.08000e-03	1.11775e+00	2.00000e+02
8.32000e-03	1.01948e+00	2.00000e+02
1.05600e-02	9.50515e-01	2.00000e+02
6.50000e-04	1.83765e+00	9.00000e+01
1.56000e-03	1.43209e+00	9.00000e+01
2.47000e-03	1.25552e+00	9.00000e+01
3.38000e-03	1.14738e+00	9.00000e+01
4.29000e-03	1.07132e+00	9.00000e+01
1.60000e-03	1.65103e+00	2.00000e+02
3.84000e-03	1.27877e+00	2.00000e+02
6.08000e-03	1.11775e+00	2.00000e+02
8.32000e-03	1.01948e+00	2.00000e+02
1.05600e-02	9.50515e-01	2.00000e+02
7.50000e-04	1.76449e+00	9.00000e+01
1.80000e-03	1.37467e+00	9.00000e+01
2.85000e-03	1.20501e+00	9.00000e+01
3.90000e-03	1.10112e+00	9.00000e+01
4.95000e-03	1.02806e+00	9.00000e+01
2.50000e-03	1.44963e+00	2.00000e+02
6.00000e-03	1.12210e+00	2.00000e+02
9.50000e-03	9.80526e-01	2.00000e+02
1.30000e-02	8.94149e-01	2.00000e+02
1.65000e-02	8.33550e-01	2.00000e+02
1.00000e-03	1.62584e+00	9.00000e+01
2.40000e-03	1.26592e+00	9.00000e+01
3.80000e-03	1.10938e+00	9.00000e+01
5.20000e-03	1.01356e+00	9.00000e+01
6.60000e-03	9.46183e-01	9.00000e+01
2.50000e-03	1.44963e+00	2.00000e+02
6.00000e-03	1.12210e+00	2.00000e+02
9.50000e-03	9.80526e-01	2.00000e+02
1.30000e-02	8.94149e-01	2.00000e+02
1.65000e-02	8.33550e-01	2.00000e+02
1.00000e-03	1.62584e+00	9.00000e+01
2.40000e-03	1.26592e+00	9.00000e+01
3.80000e-03	1.10938e+00	9.00000e+01
5.20000e-03	1.01356e+00	9.00000e+01
6.60000e-03	9.46183e-01	9.00000e+01
4.00000e-03	1.26359e+00	2.00000e+02
9.60000e-03	9.77514e-01	2.00000e+02
1.52000e-02	8.53938e-01	2.00000e+02
2.08000e-02	7.78566e-01	2.00000e+02
2.64000e-02	7.25700e-01	2.00000e+02
1.60000e-03	1.42177e+00	9.00000e+01
3.84000e-03	1.10604e+00	9.00000e+01
6.08000e-03	9.68865e-01	9.00000e+01
8.32000e-03	8.84940e-01	9.00000e+01
1.05600e-02	8.25951e-01	9.00000e+01
2.50000e-03	1.25118e+00	9.00000e+01
6.00000e-03	9.72575e-01	9.00000e+01
9.50000e-03	8.51633e-01	9.00000e+01
1.30000e-02	7.77674e-01	9.00000e+01
1.65000e-02	7.25706e-01	9.00000e+01
4.00000e-03	1.09313e+00	9.00000e+01
9.60000e-03	8.49056e-01	9.00000e+01
1.52000e-02	7.43198e-01	9.00000e+01
2.08000e-02	6.78493e-01	9.00000e+01
2.64000e-02	6.33040e-01	9.00000e+01
8.00000e-04	1.83598e+00	1.20000e+02
1.92000e-03	1.42750e+00	1.20000e+02
3.04000e-03	1.25009e+00	1.20000e+02
4.16000e-03	1.14159e+00	1.20000e+02
5.28000e-03	1.06533e+00	1.20000e+02
1.65000e-03	1.69940e+00	2.50000e+02
3.96000e-03	1.31486e+00	2.50000e+02
6.27000e-03	1.14870e+00	2.50000e+02
8.58000e-03	1.04735e+00	2.50000e+02
1.08900e-02	9.76255e-01	2.50000e+02
8.60000e-04	1.79832e+00	1.20000e+02
2.06400e-03	1.39803e+00	1.20000e+02
3.26800e-03	1.22421e+00	1.20000e+02
4.47200e-03	1.11791e+00	1.20000e+02
5.67600e-03	1.04320e+00	1.20000e+02
2.50000e-03	1.50479e+00	2.50000e+02
6.00000e-03	1.16368e+00	2.50000e+02
9.50000e-03	1.01637e+00	2.50000e+02
1.30000e-02	9.26543e-01	2.50000e+02
1.65000e-02	8.63546e-01	2.50000e+02
9.40000e-04	1.75303e+00	1.20000e+02
2.25600e-03	1.36260e+00	1.20000e+02
3.57200e-03	1.19310e+00	1.20000e+02
4.88800e-03	1.08944e+00	1.20000e+02
6.20400e-03	1.01660e+00	1.20000e+02
2.50000e-03	1.50479e+00	2.50000e+02
6.00000e-03	1.16368e+00	2.50000e+02
9.50000e-03	1.01637e+00	2.50000e+02
1.30000e-02	9.26543e-01	2.50000e+02
1.65000e-02	8.63546e-01	2.50000e+02
1.00000e-03	1.72218e+00	1.20000e+02
2.40000e-03	1.33848e+00	1.20000e+02
3.80000e-03	1.17191e+00	1.20000e+02
5.20000e-03	1.07006e+00	1.20000e+02
6.60000e-03	9.98494e-01	1.20000e+02
4.00000e-03	1.31098e+00	2.50000e+02
9.60000e-03	1.01324e+00	2.50000e+02
1.52000e-02	8.84738e-01	2.50000e+02
2.08000e-02	8.06402e-01	2.50000e+02
2.64000e-02	7.51476e-01	2.50000e+02
1.06000e-03	1.69361e+00	1.20000e+02
2.54400e-03	1.31614e+00	1.20000e+02
4.02800e-03	1.15230e+00	1.20000e+02
5.51200e-03	1.05212e+00	1.20000e+02
6.99600e-03	9.81729e-01	1.20000e+02
1.06000e-03	1.69361e+00	1.20000e+02
2.54400e-03	1.31614e+00	1.20000e+02
4.02800e-03	1.15230e+00	1.20000e+02
5.51200e-03	1.05212e+00	1.20000e+02
6.99600e-03	9.81729e-01	1.20000e+02
1.35000e-03	1.57990e+00	1.20000e+02
3.24000e-03	1.22726e+00	1.20000e+02
5.13000e-03	1.07428e+00	1.20000e+02
7.02000e-03	9.80752e-01	1.20000e+02
8.91000e-03	9.15053e-01	1.20000e+02
1.60000e-03	1.50450e+00	1.20000e+02
3.84000e-03	1.16837e+00	1.20000e+02
6.08000e-03	1.02258e+00	1.20000e+02
8.32000e-03	9.33477e-01	1.20000e+02
1.05600e-02	8.70889e-01	1.20000e+02
1.60000e-03	1.50450e+00	1.20000e+02
3.84000e-03	1.16837e+00	1.20000e+02
6.08000e-03	1.02258e+00	1.20000e+02
8.32000e-03	9.33477e-01	1.20000e+02
1.05600e-02	8.70889e-01	1.20000e+02
2.50000e-03	1.32279e+00	1.20000e+02
6.00000e-03	1.02652e+00	1.20000e+02
9.50000e-03	8.98133e-01	1.20000e+02
1.30000e-02	8.19692e-01	1.20000e+02
1.65000e-02	7.64609e-01	1.20000e+02
4.00000e-03	1.15463e+00	1.20000e+02
9.60000e-03	8.95399e-01	1.20000e+02
1.52000e-02	7.83146e-01	1.20000e+02
2.08000e-02	7.14592e-01	1.20000e+02
2.64000e-02	6.66464e-01	1.20000e+02
1.95000e-03	1.66703e+00	3.00000e+02
4.68000e-03	1.28857e+00	3.00000e+02
7.41000e-03	1.12521e+00	3.00000e+02
1.01400e-02	1.02561e+00	3.00000e+02
1.28700e-02	9.55768e-01	3.00000e+02
2.50000e-03	1.54971e+00	3.00000e+02
6.00000e-03	1.19754e+00	3.00000e+02
9.50000e-03	1.04557e+00	3.00000e+02
1.30000e-02	9.52929e-01	3.00000e+02
1.65000e-02	8.87978e-01	3.00000e+02
2.50000e-03	1.54971e+00	3.00000e+02
6.00000e-03	1.19754e+00	3.00000e+02
9.50000e-03	1.04557e+00	3.00000e+02
1.30000e-02	9.52929e-01	3.00000e+02
1.65000e-02	8.87978e-01	3.00000e+02
4.00000e-03	1.34958e+00	3.00000e+02
9.60000e-03	1.04234e+00	3.00000e+02
1.52000e-02	9.09826e-01	3.00000e+02
2.08000e-02	8.29076e-01	3.00000e+02
2.64000e-02	7.72471e-01	3.00000e+02
4.00000e-03	1.34958e+00	3.00000e+02
9.60000e-03	1.04234e+00	3.00000e+02
1.52000e-02	9.09826e-01	3.00000e+02
2.08000e-02	8.29076e-01	3.00000e+02
2.64000e-02	7.72471e-01	3.00000e+02
2.65000e-03	1.59265e+00	4.00000e+02
6.36000e-03	1.22934e+00	4.00000e+02
1.00700e-02	1.07273e+00	4.00000e+02
1.37800e-02	9.77320e-01	4.00000e+02
1.74900e-02	9.10455e-01	4.00000e+02
4.00000e-03	1.41022e+00	4.00000e+02
9.60000e-03	1.08805e+00	4.00000e+02
1.52000e-02	9.49245e-01	4.00000e+02
2.08000e-02	8.64703e-01	4.00000e+02
2.64000e-02	8.05462e-01	4.00000e+02
4.00000e-03	1.41022e+00	4.00000e+02
9.60000e-03	1.08805e+00	4.00000e+02
1.52000e-02	9.49245e-01	4.00000e+02
2.08000e-02	8.64703e-01	4.00000e+02
2.64000e-02	8.05462e-01	4.00000e+02
3.30000e-03	1.54253e+00	5.00000e+02
7.92000e-03	1.18949e+00	5.00000e+02
1.25400e-02	1.03745e+00	5.00000e+02
1.71600e-02	9.44883e-01	5.00000e+02
2.17800e-02	8.80028e-01	5.00000e+02
4.00000e-03	1.45701e+00	5.00000e+02
9.60000e-03	1.12333e+00	5.00000e+02
1.52000e-02	9.79667e-01	5.00000e+02
2.08000e-02	8.92199e-01	5.00000e+02
2.64000e-02	8.30925e-01	5.00000e+02
4.00000e-03	1.45701e+00	5.00000e+02
9.60000e-03	1.12333e+00	5.00000e+02
1.52000e-02	9.79667e-01	5.00000e+02
2.08000e-02	8.92199e-01	5.00000e+02
2.64000e-02	8.30925e-01	5.00000e+02
4.25000e-03	1.48472e+00	6.50000e+02
1.02000e-02	1.14373e+00	6.50000e+02
1.61500e-02	9.97028e-01	6.50000e+02
2.21000e-02	9.07754e-01	6.50000e+02
2.80500e-02	8.45234e-01	6.50000e+02
4.25000e-03	1.48472e+00	6.50000e+02
1.02000e-02	1.14373e+00	6.50000e+02
1.61500e-02	9.97028e-01	6.50000e+02
2.21000e-02	9.07754e-01	6.50000e+02
2.80500e-02	8.45234e-01	6.50000e+02
