3.10500e-07	8.40073e-02	4.50000e-02
7.45200e-07	8.03860e-02	4.50000e-02
1.17990e-06	7.85449e-02	4.50000e-02
1.61460e-06	7.73085e-02	4.50000e-02
2.04930e-06	7.63785e-02	4.50000e-02
3.31000e-05	3.04058e-01	3.50000e-01
7.94400e-05	2.79882e-01	3.50000e-01
1.25780e-04	2.67436e-01	3.50000e-01
1.72120e-04	2.59031e-01	3.50000e-01
2.18460e-04	2.52690e-01	3.50000e-01
4.48500e-07	1.12617e-01	6.50000e-02
1.07640e-06	1.07416e-01	6.50000e-02
1.70430e-06	1.04767e-01	6.50000e-02
2.33220e-06	1.02985e-01	6.50000e-02
2.96010e-06	1.01644e-01	6.50000e-02
6.50000e-05	2.85367e-01	3.50000e-01
1.56000e-04	2.61659e-01	3.50000e-01
2.47000e-04	2.49440e-01	3.50000e-01
3.38000e-04	2.41186e-01	3.50000e-01
4.29000e-04	2.34957e-01	3.50000e-01
5.10000e-07	1.11840e-01	6.50000e-02
1.22400e-06	1.06670e-01	6.50000e-02
1.93800e-06	1.04034e-01	6.50000e-02
2.65200e-06	1.02261e-01	6.50000e-02
3.36600e-06	1.00926e-01	6.50000e-02
1.10000e-04	2.71051e-01	3.50000e-01
2.64000e-04	2.47683e-01	3.50000e-01
4.18000e-04	2.35634e-01	3.50000e-01
5.72000e-04	2.27494e-01	3.50000e-01
7.26000e-04	2.21353e-01	3.50000e-01
5.85000e-07	1.38740e-01	8.50000e-02
1.40400e-06	1.31965e-01	8.50000e-02
2.22300e-06	1.28509e-01	8.50000e-02
3.04200e-06	1.26185e-01	8.50000e-02
3.86100e-06	1.24434e-01	8.50000e-02
2.50000e-04	2.49121e-01	3.50000e-01
6.00000e-04	2.26260e-01	3.50000e-01
9.50000e-04	2.14474e-01	3.50000e-01
1.30000e-03	2.06515e-01	3.50000e-01
1.65000e-03	2.00510e-01	3.50000e-01
6.70000e-07	1.37671e-01	8.50000e-02
1.60800e-06	1.30938e-01	8.50000e-02
2.54600e-06	1.27501e-01	8.50000e-02
3.48400e-06	1.25187e-01	8.50000e-02
4.42200e-06	1.23444e-01	8.50000e-02
1.25500e-03	2.07405e-01	3.50000e-01
3.01200e-03	1.85509e-01	3.50000e-01
4.76900e-03	1.74191e-01	3.50000e-01
6.52600e-03	1.66544e-01	3.50000e-01
8.28300e-03	1.60794e-01	3.50000e-01
7.80000e-07	1.36483e-01	8.50000e-02
1.87200e-06	1.29794e-01	8.50000e-02
2.96400e-06	1.26376e-01	8.50000e-02
4.05600e-06	1.24074e-01	8.50000e-02
5.14800e-06	1.22339e-01	8.50000e-02
4.41500e-06	3.98813e-01	4.00000e-01
1.05960e-05	3.69302e-01	4.00000e-01
1.67770e-05	3.54238e-01	4.00000e-01
2.29580e-05	3.44108e-01	4.00000e-01
2.91390e-05	3.36485e-01	4.00000e-01
7.55000e-07	1.68780e-01	1.10000e-01
1.81200e-06	1.60049e-01	1.10000e-01
2.86900e-06	1.55592e-01	1.10000e-01
3.92600e-06	1.52592e-01	1.10000e-01
4.98300e-06	1.50332e-01	1.10000e-01
5.50000e-06	3.91298e-01	4.00000e-01
1.32000e-05	3.62065e-01	4.00000e-01
2.09000e-05	3.47129e-01	4.00000e-01
2.86000e-05	3.37080e-01	4.00000e-01
3.63000e-05	3.29516e-01	4.00000e-01
8.65000e-07	1.67400e-01	1.10000e-01
2.07600e-06	1.58721e-01	1.10000e-01
3.28700e-06	1.54287e-01	1.10000e-01
4.49800e-06	1.51301e-01	1.10000e-01
5.70900e-06	1.49051e-01	1.10000e-01
6.65000e-06	3.84865e-01	4.00000e-01
1.59600e-05	3.55862e-01	4.00000e-01
2.52700e-05	3.41032e-01	4.00000e-01
3.45800e-05	3.31051e-01	4.00000e-01
4.38900e-05	3.23537e-01	4.00000e-01
1.01000e-06	1.65839e-01	1.10000e-01
2.42400e-06	1.57218e-01	1.10000e-01
3.83800e-06	1.52808e-01	1.10000e-01
5.25200e-06	1.49836e-01	1.10000e-01
6.66600e-06	1.47596e-01	1.10000e-01
8.50000e-06	3.76627e-01	4.00000e-01
2.04000e-05	3.47909e-01	4.00000e-01
3.23000e-05	3.33212e-01	4.00000e-01
4.42000e-05	3.23316e-01	4.00000e-01
5.61000e-05	3.15864e-01	4.00000e-01
1.21500e-06	1.63993e-01	1.10000e-01
2.91600e-06	1.55436e-01	1.10000e-01
4.61700e-06	1.51054e-01	1.10000e-01
6.31800e-06	1.48099e-01	1.10000e-01
8.01900e-06	1.45870e-01	1.10000e-01
1.10000e-05	3.68065e-01	4.00000e-01
2.64000e-05	3.39634e-01	4.00000e-01
4.18000e-05	3.25070e-01	4.00000e-01
5.72000e-05	3.15260e-01	4.00000e-01
7.26000e-05	3.07871e-01	4.00000e-01
1.03500e-06	2.12195e-01	1.50000e-01
2.48400e-06	2.00369e-01	1.50000e-01
3.93300e-06	1.94328e-01	1.50000e-01
5.38200e-06	1.90261e-01	1.50000e-01
6.83100e-06	1.87197e-01	1.50000e-01
1.84000e-05	3.51243e-01	4.00000e-01
4.41600e-05	3.23345e-01	4.00000e-01
6.99200e-05	3.09033e-01	4.00000e-01
9.56800e-05	2.99386e-01	4.00000e-01
1.21440e-04	2.92118e-01	4.00000e-01
1.18000e-06	2.10395e-01	1.50000e-01
2.83200e-06	1.98635e-01	1.50000e-01
4.48400e-06	1.92623e-01	1.50000e-01
6.13600e-06	1.88573e-01	1.50000e-01
7.78800e-06	1.85521e-01	1.50000e-01
4.41500e-05	3.23352e-01	4.00000e-01
1.05960e-04	2.96269e-01	4.00000e-01
1.67770e-04	2.82353e-01	4.00000e-01
2.29580e-04	2.72968e-01	4.00000e-01
2.91390e-04	2.65895e-01	4.00000e-01
1.38000e-06	2.08259e-01	1.50000e-01
3.31200e-06	1.96575e-01	1.50000e-01
5.24400e-06	1.90596e-01	1.50000e-01
7.17600e-06	1.86566e-01	1.50000e-01
9.10800e-06	1.83528e-01	1.50000e-01
8.80000e-05	3.01950e-01	4.00000e-01
2.11200e-04	2.75456e-01	4.00000e-01
3.34400e-04	2.61835e-01	4.00000e-01
4.57600e-04	2.52649e-01	4.00000e-01
5.80800e-04	2.45727e-01	4.00000e-01
1.65500e-06	2.05799e-01	1.50000e-01
3.97200e-06	1.94199e-01	1.50000e-01
6.28900e-06	1.88256e-01	1.50000e-01
8.60600e-06	1.84248e-01	1.50000e-01
1.09230e-05	1.81225e-01	1.50000e-01
1.47000e-04	2.86334e-01	4.00000e-01
3.52800e-04	2.60259e-01	4.00000e-01
5.58600e-04	2.46855e-01	4.00000e-01
7.64400e-04	2.37819e-01	4.00000e-01
9.70200e-04	2.31013e-01	4.00000e-01
2.07000e-06	2.02796e-01	1.50000e-01
4.96800e-06	1.91295e-01	1.50000e-01
7.86600e-06	1.85394e-01	1.50000e-01
1.07640e-05	1.81410e-01	1.50000e-01
1.36620e-05	1.78404e-01	1.50000e-01
3.15500e-04	2.63548e-01	4.00000e-01
7.57200e-04	2.38090e-01	4.00000e-01
1.19890e-03	2.25018e-01	4.00000e-01
1.64060e-03	2.16212e-01	4.00000e-01
2.08230e-03	2.09581e-01	4.00000e-01
2.51000e-06	2.00231e-01	1.50000e-01
6.02400e-06	1.88810e-01	1.50000e-01
9.53800e-06	1.82942e-01	1.50000e-01
1.30520e-05	1.78979e-01	1.50000e-01
1.65660e-05	1.75987e-01	1.50000e-01
3.66000e-06	4.74633e-01	5.00000e-01
8.78400e-06	4.37788e-01	5.00000e-01
1.39080e-05	4.19053e-01	5.00000e-01
1.90320e-05	4.06484e-01	5.00000e-01
2.41560e-05	3.97043e-01	5.00000e-01
1.57500e-06	2.58302e-01	2.00000e-01
3.78000e-06	2.42752e-01	2.00000e-01
5.98500e-06	2.34802e-01	2.00000e-01
8.19000e-06	2.29447e-01	2.00000e-01
1.03950e-05	2.25413e-01	2.00000e-01
4.30000e-06	4.67729e-01	5.00000e-01
1.03200e-05	4.31173e-01	5.00000e-01
1.63400e-05	4.12574e-01	5.00000e-01
2.23600e-05	4.00092e-01	5.00000e-01
2.83800e-05	3.90714e-01	5.00000e-01
1.84000e-06	2.55497e-01	2.00000e-01
4.41600e-06	2.40047e-01	2.00000e-01
6.99200e-06	2.32140e-01	2.00000e-01
9.56800e-06	2.26812e-01	2.00000e-01
1.21440e-05	2.22796e-01	2.00000e-01
7.90000e-06	4.42169e-01	5.00000e-01
1.89600e-05	4.06635e-01	5.00000e-01
3.00200e-05	3.88517e-01	5.00000e-01
4.10800e-05	3.76346e-01	5.00000e-01
5.21400e-05	3.67196e-01	5.00000e-01
2.20500e-06	2.52257e-01	2.00000e-01
5.29200e-06	2.36918e-01	2.00000e-01
8.37900e-06	2.29060e-01	2.00000e-01
1.14660e-05	2.23761e-01	2.00000e-01
1.45530e-05	2.19766e-01	2.00000e-01
1.06000e-05	4.30079e-01	5.00000e-01
2.54400e-05	3.95004e-01	5.00000e-01
4.02800e-05	3.77105e-01	5.00000e-01
5.51200e-05	3.65075e-01	5.00000e-01
6.99600e-05	3.56030e-01	5.00000e-01
2.76000e-06	2.48273e-01	2.00000e-01
6.62400e-06	2.33064e-01	2.00000e-01
1.04880e-05	2.25262e-01	2.00000e-01
1.43520e-05	2.19998e-01	2.00000e-01
1.82160e-05	2.16027e-01	2.00000e-01
1.38000e-05	4.19368e-01	5.00000e-01
3.31200e-05	3.84687e-01	5.00000e-01
5.24400e-05	3.66977e-01	5.00000e-01
7.17600e-05	3.55071e-01	5.00000e-01
9.10800e-05	3.46118e-01	5.00000e-01
3.34500e-06	2.44890e-01	2.00000e-01
8.02800e-06	2.29787e-01	2.00000e-01
1.27110e-05	2.22031e-01	2.00000e-01
1.73940e-05	2.16794e-01	2.00000e-01
2.20770e-05	2.12842e-01	2.00000e-01
1.99000e-05	4.04711e-01	5.00000e-01
4.77600e-05	3.70553e-01	5.00000e-01
7.56200e-05	3.53097e-01	5.00000e-01
1.03480e-04	3.41358e-01	5.00000e-01
1.31340e-04	3.32531e-01	5.00000e-01
4.24500e-06	2.40732e-01	2.00000e-01
1.01880e-05	2.25752e-01	2.00000e-01
1.61310e-05	2.18049e-01	2.00000e-01
2.20740e-05	2.12844e-01	2.00000e-01
2.80170e-05	2.08914e-01	2.00000e-01
5.00000e-05	3.68798e-01	5.00000e-01
1.20000e-04	3.35865e-01	5.00000e-01
1.90000e-04	3.19017e-01	5.00000e-01
2.60000e-04	3.07686e-01	5.00000e-01
3.30000e-04	2.99166e-01	5.00000e-01
5.50000e-06	2.36254e-01	2.00000e-01
1.32000e-05	2.21398e-01	2.00000e-01
2.09000e-05	2.13748e-01	2.00000e-01
2.86000e-05	2.08575e-01	2.00000e-01
3.63000e-05	2.04667e-01	2.00000e-01
1.25500e-04	3.34209e-01	5.00000e-01
3.01200e-04	3.02420e-01	5.00000e-01
4.76900e-04	2.86163e-01	5.00000e-01
6.52600e-04	2.75238e-01	5.00000e-01
8.28300e-04	2.67030e-01	5.00000e-01
1.99000e-05	2.14560e-01	2.00000e-01
4.77600e-05	2.00193e-01	2.00000e-01
7.56200e-05	1.92749e-01	2.00000e-01
1.03480e-04	1.87700e-01	2.00000e-01
1.31340e-04	1.83878e-01	2.00000e-01
1.84000e-04	3.20184e-01	5.00000e-01
4.41600e-04	2.88863e-01	5.00000e-01
6.99200e-04	2.72855e-01	5.00000e-01
9.56800e-04	2.62107e-01	5.00000e-01
1.21440e-03	2.54037e-01	5.00000e-01
1.25500e-04	1.84606e-01	2.00000e-01
3.01200e-04	1.70657e-01	2.00000e-01
4.76900e-04	1.63384e-01	2.00000e-01
6.52600e-04	1.58433e-01	2.00000e-01
8.28300e-04	1.54674e-01	2.00000e-01
4.00000e-04	2.92349e-01	5.00000e-01
9.60000e-04	2.61993e-01	5.00000e-01
1.52000e-03	2.46520e-01	5.00000e-01
2.08000e-03	2.36147e-01	5.00000e-01
2.64000e-03	2.28363e-01	5.00000e-01
1.97000e-06	3.01358e-01	2.50000e-01
4.72800e-06	2.82091e-01	2.50000e-01
7.48600e-06	2.72245e-01	2.50000e-01
1.02440e-05	2.65617e-01	2.50000e-01
1.30020e-05	2.60624e-01	2.50000e-01
1.60000e-03	2.44813e-01	5.00000e-01
3.84000e-03	2.16296e-01	5.00000e-01
6.08000e-03	2.01751e-01	5.00000e-01
8.32000e-03	1.91979e-01	5.00000e-01
1.05600e-02	1.84645e-01	5.00000e-01
2.30000e-06	2.97896e-01	2.50000e-01
5.52000e-06	2.78754e-01	2.50000e-01
8.74000e-06	2.68963e-01	2.50000e-01
1.19600e-05	2.62369e-01	2.50000e-01
1.51800e-05	2.57400e-01	2.50000e-01
4.76000e-06	5.54741e-01	6.50000e-01
1.14240e-05	5.08252e-01	6.50000e-01
1.80880e-05	4.84691e-01	6.50000e-01
2.47520e-05	4.68918e-01	6.50000e-01
3.14160e-05	4.57089e-01	6.50000e-01
2.76000e-06	2.93852e-01	2.50000e-01
6.62400e-06	2.74850e-01	2.50000e-01
1.04880e-05	2.65122e-01	2.50000e-01
1.43520e-05	2.58566e-01	2.50000e-01
1.82160e-05	2.53624e-01	2.50000e-01
5.60000e-06	5.45943e-01	6.50000e-01
1.34400e-05	4.99857e-01	6.50000e-01
2.12800e-05	4.76488e-01	6.50000e-01
2.91200e-05	4.60840e-01	6.50000e-01
3.69600e-05	4.49103e-01	6.50000e-01
3.45000e-06	2.88945e-01	2.50000e-01
8.28000e-06	2.70107e-01	2.50000e-01
1.31100e-05	2.60451e-01	2.50000e-01
1.79400e-05	2.53939e-01	2.50000e-01
2.27700e-05	2.49029e-01	2.50000e-01
7.90000e-06	5.27573e-01	6.50000e-01
1.89600e-05	4.82308e-01	6.50000e-01
3.00200e-05	4.59334e-01	6.50000e-01
4.10800e-05	4.43943e-01	6.50000e-01
5.21400e-05	4.32397e-01	6.50000e-01
4.18000e-06	2.84760e-01	2.50000e-01
1.00320e-05	2.66056e-01	2.50000e-01
1.58840e-05	2.56459e-01	2.50000e-01
2.17360e-05	2.49984e-01	2.50000e-01
2.75880e-05	2.45099e-01	2.50000e-01
8.20000e-06	5.25603e-01	6.50000e-01
1.96800e-05	4.80425e-01	6.50000e-01
3.11600e-05	4.57493e-01	6.50000e-01
4.26400e-05	4.42129e-01	6.50000e-01
5.41200e-05	4.30604e-01	6.50000e-01
5.30000e-06	2.79629e-01	2.50000e-01
1.27200e-05	2.61081e-01	2.50000e-01
2.01400e-05	2.51553e-01	2.50000e-01
2.75600e-05	2.45119e-01	2.50000e-01
3.49800e-05	2.40264e-01	2.50000e-01
1.99000e-05	4.79864e-01	6.50000e-01
4.77600e-05	4.36631e-01	6.50000e-01
7.56200e-05	4.14649e-01	6.50000e-01
1.03480e-04	3.99915e-01	6.50000e-01
1.31340e-04	3.88860e-01	6.50000e-01
6.90000e-06	2.73980e-01	2.50000e-01
1.65600e-05	2.55595e-01	2.50000e-01
2.62200e-05	2.46138e-01	2.50000e-01
3.58800e-05	2.39749e-01	2.50000e-01
4.55400e-05	2.34925e-01	2.50000e-01
2.99000e-05	4.59532e-01	6.50000e-01
7.17600e-05	4.17132e-01	6.50000e-01
1.13620e-04	3.95566e-01	6.50000e-01
1.55480e-04	3.81112e-01	6.50000e-01
1.97340e-04	3.70268e-01	6.50000e-01
1.15000e-05	2.63190e-01	2.50000e-01
2.76000e-05	2.45090e-01	2.50000e-01
4.37000e-05	2.35757e-01	2.50000e-01
5.98000e-05	2.29445e-01	2.50000e-01
7.59000e-05	2.24676e-01	2.50000e-01
5.00000e-05	4.34417e-01	6.50000e-01
1.20000e-04	3.93033e-01	6.50000e-01
1.90000e-04	3.71984e-01	6.50000e-01
2.60000e-04	3.57879e-01	6.50000e-01
3.30000e-04	3.47301e-01	6.50000e-01
1.99000e-05	2.51800e-01	2.50000e-01
4.77600e-05	2.33965e-01	2.50000e-01
7.56200e-05	2.24750e-01	2.50000e-01
1.03480e-04	2.18510e-01	2.50000e-01
1.31340e-04	2.13793e-01	2.50000e-01
1.25500e-04	3.90960e-01	6.50000e-01
3.01200e-04	3.51338e-01	6.50000e-01
4.76900e-04	3.31208e-01	6.50000e-01
6.52600e-04	3.17736e-01	6.50000e-01
8.28300e-04	3.07647e-01	6.50000e-01
5.50000e-05	2.31125e-01	2.50000e-01
1.32000e-04	2.13694e-01	2.50000e-01
2.09000e-04	2.04660e-01	2.50000e-01
2.86000e-04	1.98534e-01	2.50000e-01
3.63000e-04	1.93899e-01	2.50000e-01
2.39000e-04	3.61645e-01	6.50000e-01
5.73600e-04	3.23251e-01	6.50000e-01
9.08200e-04	3.03785e-01	6.50000e-01
1.24280e-03	2.90784e-01	6.50000e-01
1.57740e-03	2.81063e-01	6.50000e-01
1.25500e-04	2.14691e-01	2.50000e-01
3.01200e-04	1.97526e-01	2.50000e-01
4.76900e-04	1.88613e-01	2.50000e-01
6.52600e-04	1.82564e-01	2.50000e-01
8.28300e-04	1.77983e-01	2.50000e-01
4.00000e-04	3.38856e-01	6.50000e-01
9.60000e-04	3.01469e-01	6.50000e-01
1.52000e-03	2.82565e-01	6.50000e-01
2.08000e-03	2.69964e-01	6.50000e-01
2.64000e-03	2.60550e-01	6.50000e-01
1.97000e-04	2.05819e-01	2.50000e-01
4.72800e-04	1.88780e-01	2.50000e-01
7.48600e-04	1.79925e-01	2.50000e-01
1.02440e-03	1.73911e-01	2.50000e-01
1.30020e-03	1.69354e-01	2.50000e-01
1.60000e-03	2.80488e-01	6.50000e-01
3.84000e-03	2.46035e-01	6.50000e-01
6.08000e-03	2.28662e-01	6.50000e-01
8.32000e-03	2.17043e-01	6.50000e-01
1.05600e-02	2.08331e-01	6.50000e-01
7.90000e-04	1.78892e-01	2.50000e-01
1.89600e-03	1.62160e-01	2.50000e-01
3.00200e-03	1.53415e-01	2.50000e-01
4.10800e-03	1.47462e-01	2.50000e-01
5.21400e-03	1.42958e-01	2.50000e-01
6.20000e-06	6.45308e-01	8.50000e-01
1.48800e-05	5.86847e-01	8.50000e-01
2.35600e-05	5.57344e-01	8.50000e-01
3.22400e-05	5.37647e-01	8.50000e-01
4.09200e-05	5.22907e-01	8.50000e-01
2.56000e-06	3.79154e-01	3.50000e-01
6.14400e-06	3.52592e-01	3.50000e-01
9.72800e-06	3.39046e-01	3.50000e-01
1.33120e-05	3.29938e-01	3.50000e-01
1.68960e-05	3.23086e-01	3.50000e-01
6.90000e-06	6.37999e-01	8.50000e-01
1.65600e-05	5.79909e-01	8.50000e-01
2.62200e-05	5.50587e-01	8.50000e-01
3.58800e-05	5.31009e-01	8.50000e-01
4.55400e-05	5.16357e-01	8.50000e-01
2.56000e-06	3.79154e-01	3.50000e-01
6.14400e-06	3.52592e-01	3.50000e-01
9.72800e-06	3.39046e-01	3.50000e-01
1.33120e-05	3.29938e-01	3.50000e-01
1.68960e-05	3.23086e-01	3.50000e-01
1.00000e-05	6.13008e-01	8.50000e-01
2.40000e-05	5.56173e-01	8.50000e-01
3.80000e-05	5.27463e-01	8.50000e-01
5.20000e-05	5.08289e-01	8.50000e-01
6.60000e-05	4.93938e-01	8.50000e-01
3.05000e-06	3.73755e-01	3.50000e-01
7.32000e-06	3.47400e-01	3.50000e-01
1.15900e-05	3.33947e-01	3.50000e-01
1.58600e-05	3.24899e-01	3.50000e-01
2.01300e-05	3.18088e-01	3.50000e-01
1.00000e-05	6.13008e-01	8.50000e-01
2.40000e-05	5.56173e-01	8.50000e-01
3.80000e-05	5.27463e-01	8.50000e-01
5.20000e-05	5.08289e-01	8.50000e-01
6.60000e-05	4.93938e-01	8.50000e-01
3.31000e-06	3.71248e-01	3.50000e-01
7.94400e-06	3.44987e-01	3.50000e-01
1.25780e-05	3.31577e-01	3.50000e-01
1.72120e-05	3.22555e-01	3.50000e-01
2.18460e-05	3.15765e-01	3.50000e-01
1.99000e-05	5.68093e-01	8.50000e-01
4.77600e-05	5.13455e-01	8.50000e-01
7.56200e-05	4.85834e-01	8.50000e-01
1.03480e-04	4.67385e-01	8.50000e-01
1.31340e-04	4.53580e-01	8.50000e-01
4.14000e-06	3.64440e-01	3.50000e-01
9.93600e-06	3.38428e-01	3.50000e-01
1.57320e-05	3.25131e-01	3.50000e-01
2.15280e-05	3.16181e-01	3.50000e-01
2.73240e-05	3.09441e-01	3.50000e-01
2.50000e-05	5.53592e-01	8.50000e-01
6.00000e-05	4.99652e-01	8.50000e-01
9.50000e-05	4.72382e-01	8.50000e-01
1.30000e-04	4.54170e-01	8.50000e-01
1.65000e-04	4.40543e-01	8.50000e-01
5.00000e-06	3.58751e-01	3.50000e-01
1.20000e-05	3.32939e-01	3.50000e-01
1.90000e-05	3.19734e-01	3.50000e-01
2.60000e-05	3.10841e-01	3.50000e-01
3.30000e-05	3.04143e-01	3.50000e-01
5.00000e-05	5.10668e-01	8.50000e-01
1.20000e-04	4.58787e-01	8.50000e-01
1.90000e-04	4.32567e-01	8.50000e-01
2.60000e-04	4.15068e-01	8.50000e-01
3.30000e-04	4.01982e-01	8.50000e-01
6.35000e-06	3.51612e-01	3.50000e-01
1.52400e-05	3.26043e-01	3.50000e-01
2.41300e-05	3.12948e-01	3.50000e-01
3.30200e-05	3.04126e-01	3.50000e-01
4.19100e-05	2.97478e-01	3.50000e-01
1.25500e-04	4.56199e-01	8.50000e-01
3.01200e-04	4.06972e-01	8.50000e-01
4.76900e-04	3.82139e-01	8.50000e-01
6.52600e-04	3.65595e-01	8.50000e-01
8.28300e-04	3.53244e-01	8.50000e-01
8.25000e-06	3.43875e-01	3.50000e-01
1.98000e-05	3.18559e-01	3.50000e-01
3.13500e-05	3.05579e-01	3.50000e-01
4.29000e-05	2.96830e-01	3.50000e-01
5.44500e-05	2.90235e-01	3.50000e-01
4.00000e-04	3.91559e-01	8.50000e-01
9.60000e-04	3.45700e-01	8.50000e-01
1.52000e-03	3.22709e-01	8.50000e-01
2.08000e-03	3.07466e-01	8.50000e-01
2.64000e-03	2.96130e-01	8.50000e-01
1.60000e-05	3.24647e-01	3.50000e-01
3.84000e-05	2.99911e-01	3.50000e-01
6.08000e-05	2.87200e-01	3.50000e-01
8.32000e-05	2.78623e-01	3.50000e-01
1.05600e-04	2.72154e-01	3.50000e-01
1.60000e-03	3.20191e-01	8.50000e-01
3.84000e-03	2.78744e-01	8.50000e-01
6.08000e-03	2.58097e-01	8.50000e-01
8.32000e-03	2.44377e-01	8.50000e-01
1.05600e-02	2.34116e-01	8.50000e-01
8.80000e-06	7.72299e-01	1.20000e+00
2.11200e-05	6.95057e-01	1.20000e+00
3.34400e-05	6.56339e-01	1.20000e+00
4.57600e-05	6.30600e-01	1.20000e+00
5.80800e-05	6.11401e-01	1.20000e+00
4.00000e-05	9.96368e-01	2.70000e+00
9.60000e-05	8.68309e-01	2.70000e+00
1.52000e-04	8.05546e-01	2.70000e+00
2.08000e-04	7.64414e-01	2.70000e+00
2.64000e-04	7.34060e-01	2.70000e+00
1.00000e-05	7.60725e-01	1.20000e+00
2.40000e-05	6.84164e-01	1.20000e+00
3.80000e-05	6.45782e-01	1.20000e+00
5.20000e-05	6.20267e-01	1.20000e+00
6.60000e-05	6.01236e-01	1.20000e+00
4.00000e-05	9.96368e-01	2.70000e+00
9.60000e-05	8.68309e-01	2.70000e+00
1.52000e-04	8.05546e-01	2.70000e+00
2.08000e-04	7.64414e-01	2.70000e+00
2.64000e-04	7.34060e-01	2.70000e+00
1.00000e-05	7.60725e-01	1.20000e+00
2.40000e-05	6.84164e-01	1.20000e+00
3.80000e-05	6.45782e-01	1.20000e+00
5.20000e-05	6.20267e-01	1.20000e+00
6.60000e-05	6.01236e-01	1.20000e+00
6.50000e-05	9.23951e-01	2.70000e+00
1.56000e-04	8.02088e-01	2.70000e+00
2.47000e-04	7.42456e-01	2.70000e+00
3.38000e-04	7.03423e-01	2.70000e+00
4.29000e-04	6.74651e-01	2.70000e+00
1.60000e-05	7.19047e-01	1.20000e+00
3.84000e-05	6.44921e-01	1.20000e+00
6.08000e-05	6.07752e-01	1.20000e+00
8.32000e-05	5.83045e-01	1.20000e+00
1.05600e-04	5.64620e-01	1.20000e+00
1.00000e-04	8.62612e-01	2.70000e+00
2.40000e-04	7.46101e-01	2.70000e+00
3.80000e-04	6.89192e-01	2.70000e+00
5.20000e-04	6.51996e-01	2.70000e+00
6.60000e-04	6.24612e-01	2.70000e+00
1.60000e-05	7.19047e-01	1.20000e+00
3.84000e-05	6.44921e-01	1.20000e+00
6.08000e-05	6.07752e-01	1.20000e+00
8.32000e-05	5.83045e-01	1.20000e+00
1.05600e-04	5.64620e-01	1.20000e+00
1.60000e-04	7.98726e-01	2.70000e+00
3.84000e-04	6.87929e-01	2.70000e+00
6.08000e-04	6.33951e-01	2.70000e+00
8.32000e-04	5.98745e-01	2.70000e+00
1.05600e-03	5.72874e-01	2.70000e+00
3.15500e-05	6.61174e-01	1.20000e+00
7.57200e-05	5.90409e-01	1.20000e+00
1.19890e-04	5.54936e-01	1.20000e+00
1.64060e-04	5.31371e-01	1.20000e+00
2.08230e-04	5.13809e-01	1.20000e+00
2.50000e-04	7.40929e-01	2.70000e+00
6.00000e-04	6.35467e-01	2.70000e+00
9.50000e-04	5.84258e-01	2.70000e+00
1.30000e-03	5.50943e-01	2.70000e+00
1.65000e-03	5.26514e-01	2.70000e+00
4.00000e-05	6.41572e-01	1.20000e+00
9.60000e-05	5.71949e-01	1.20000e+00
1.52000e-04	5.37059e-01	1.20000e+00
2.08000e-04	5.13890e-01	1.20000e+00
2.64000e-04	4.96627e-01	1.20000e+00
4.00000e-04	6.83018e-01	2.70000e+00
9.60000e-04	5.83124e-01	2.70000e+00
1.52000e-03	5.34836e-01	2.70000e+00
2.08000e-03	5.03525e-01	2.70000e+00
2.64000e-03	4.80624e-01	2.70000e+00
6.50000e-05	6.02445e-01	1.20000e+00
1.56000e-04	5.35121e-01	1.20000e+00
2.47000e-04	5.01416e-01	1.20000e+00
3.38000e-04	4.79052e-01	1.20000e+00
4.29000e-04	4.62403e-01	1.20000e+00
6.50000e-04	6.26343e-01	2.70000e+00
1.56000e-03	5.32192e-01	2.70000e+00
2.47000e-03	4.86940e-01	2.70000e+00
3.38000e-03	4.57705e-01	2.70000e+00
4.29000e-03	4.36370e-01	2.70000e+00
7.90000e-05	5.87088e-01	1.20000e+00
1.89600e-04	5.20677e-01	1.20000e+00
3.00200e-04	4.87447e-01	1.20000e+00
4.10800e-04	4.65408e-01	1.20000e+00
5.21400e-04	4.49007e-01	1.20000e+00
1.00000e-03	5.78719e-01	2.70000e+00
2.40000e-03	4.89686e-01	2.70000e+00
3.80000e-03	4.47129e-01	2.70000e+00
5.20000e-03	4.19701e-01	2.70000e+00
6.60000e-03	3.99695e-01	2.70000e+00
1.99000e-04	5.17125e-01	1.20000e+00
4.77600e-04	4.55008e-01	1.20000e+00
7.56200e-04	4.24044e-01	1.20000e+00
1.03480e-03	4.03576e-01	1.20000e+00
1.31340e-03	3.88389e-01	1.20000e+00
2.50000e-03	4.85790e-01	2.70000e+00
6.00000e-03	4.07609e-01	2.70000e+00
9.50000e-03	3.70418e-01	2.70000e+00
1.30000e-02	3.46253e-01	2.70000e+00
1.65000e-02	3.28341e-01	2.70000e+00
6.50000e-04	4.34114e-01	1.20000e+00
1.56000e-03	3.77632e-01	1.20000e+00
2.47000e-03	3.49757e-01	1.20000e+00
3.38000e-03	3.31452e-01	1.20000e+00
4.29000e-03	3.17925e-01	1.20000e+00
2.50000e-03	3.49042e-01	1.20000e+00
6.00000e-03	2.99428e-01	1.20000e+00
9.50000e-03	2.74990e-01	1.20000e+00
1.30000e-02	2.58765e-01	1.20000e+00
1.65000e-02	2.46586e-01	1.20000e+00
2.03000e-05	1.26524e+00	3.50000e+00
4.87200e-05	1.09992e+00	3.50000e+00
7.71400e-05	1.01936e+00	3.50000e+00
1.05560e-04	9.66721e-01	3.50000e+00
1.33980e-04	9.27955e-01	3.50000e+00
9.25000e-06	8.79379e-01	1.50000e+00
2.22000e-05	7.86582e-01	1.50000e+00
3.51500e-05	7.40307e-01	1.50000e+00
4.81000e-05	7.09643e-01	1.50000e+00
6.10500e-05	6.86824e-01	1.50000e+00
2.16000e-05	1.25299e+00	3.50000e+00
5.18400e-05	1.08880e+00	3.50000e+00
8.20800e-05	1.00879e+00	3.50000e+00
1.12320e-04	9.56526e-01	3.50000e+00
1.42560e-04	9.18036e-01	3.50000e+00
1.10000e-05	8.60513e-01	1.50000e+00
2.64000e-05	7.68943e-01	1.50000e+00
4.18000e-05	7.23276e-01	1.50000e+00
5.72000e-05	6.93017e-01	1.50000e+00
7.26000e-05	6.70501e-01	1.50000e+00
2.30000e-05	1.24068e+00	3.50000e+00
5.52000e-05	1.07762e+00	3.50000e+00
8.74000e-05	9.98178e-01	3.50000e+00
1.19600e-04	9.46284e-01	3.50000e+00
1.51800e-04	9.08073e-01	3.50000e+00
1.60000e-05	8.20568e-01	1.50000e+00
3.84000e-05	7.31587e-01	1.50000e+00
6.08000e-05	6.87213e-01	1.50000e+00
8.32000e-05	6.57816e-01	1.50000e+00
1.05600e-04	6.35947e-01	1.50000e+00
2.56000e-05	1.21988e+00	3.50000e+00
6.14400e-05	1.05874e+00	3.50000e+00
9.72800e-05	9.80250e-01	3.50000e+00
1.33120e-04	9.28988e-01	3.50000e+00
1.68960e-04	8.91250e-01	3.50000e+00
1.60000e-05	8.20568e-01	1.50000e+00
3.84000e-05	7.31587e-01	1.50000e+00
6.08000e-05	6.87213e-01	1.50000e+00
8.32000e-05	6.57816e-01	1.50000e+00
1.05600e-04	6.35947e-01	1.50000e+00
2.65500e-05	1.21286e+00	3.50000e+00
6.37200e-05	1.05236e+00	3.50000e+00
1.00890e-04	9.74199e-01	3.50000e+00
1.38060e-04	9.23153e-01	3.50000e+00
1.75230e-04	8.85574e-01	3.50000e+00
2.50000e-05	7.74464e-01	1.50000e+00
6.00000e-05	6.88470e-01	1.50000e+00
9.50000e-05	6.45600e-01	1.50000e+00
1.30000e-04	6.17211e-01	1.50000e+00
1.65000e-04	5.96101e-01	1.50000e+00
2.86500e-05	1.19828e+00	3.50000e+00
6.87600e-05	1.03913e+00	3.50000e+00
1.08870e-04	9.61641e-01	3.50000e+00
1.48980e-04	9.11040e-01	3.50000e+00
1.89090e-04	8.73795e-01	3.50000e+00
4.00000e-05	7.27581e-01	1.50000e+00
9.60000e-05	6.44641e-01	1.50000e+00
1.52000e-04	6.03322e-01	1.50000e+00
2.08000e-04	5.75980e-01	1.50000e+00
2.64000e-04	5.55662e-01	1.50000e+00
4.00000e-05	1.13578e+00	3.50000e+00
9.60000e-05	9.82455e-01	3.50000e+00
1.52000e-04	9.07865e-01	3.50000e+00
2.08000e-04	8.59194e-01	3.50000e+00
2.64000e-04	8.23390e-01	3.50000e+00
6.50000e-05	6.80893e-01	1.50000e+00
1.56000e-04	6.01031e-01	1.50000e+00
2.47000e-04	5.61294e-01	1.50000e+00
3.38000e-04	5.35025e-01	1.50000e+00
4.29000e-04	5.15522e-01	1.50000e+00
4.00000e-05	1.13578e+00	3.50000e+00
9.60000e-05	9.82455e-01	3.50000e+00
1.52000e-04	9.07865e-01	3.50000e+00
2.08000e-04	8.59194e-01	3.50000e+00
2.64000e-04	8.23390e-01	3.50000e+00
1.00000e-04	6.40909e-01	1.50000e+00
2.40000e-04	5.63737e-01	1.50000e+00
3.80000e-04	5.25394e-01	1.50000e+00
5.20000e-04	5.00077e-01	1.50000e+00
6.60000e-04	4.81302e-01	1.50000e+00
6.50000e-05	1.04890e+00	3.50000e+00
1.56000e-04	9.03766e-01	3.50000e+00
2.47000e-04	8.33283e-01	3.50000e+00
3.38000e-04	7.87352e-01	3.50000e+00
4.29000e-04	7.53601e-01	3.50000e+00
1.60000e-04	5.98803e-01	1.50000e+00
3.84000e-04	5.24537e-01	1.50000e+00
6.08000e-04	4.87719e-01	1.50000e+00
8.32000e-04	4.63453e-01	1.50000e+00
1.05600e-03	4.45485e-01	1.50000e+00
1.00000e-04	9.75668e-01	3.50000e+00
2.40000e-04	8.37581e-01	3.50000e+00
3.80000e-04	7.70646e-01	3.50000e+00
5.20000e-04	7.27092e-01	3.50000e+00
6.60000e-04	6.95131e-01	3.50000e+00
2.50000e-04	5.60270e-01	1.50000e+00
6.00000e-04	4.88759e-01	1.50000e+00
9.50000e-04	4.53406e-01	1.50000e+00
1.30000e-03	4.30160e-01	1.50000e+00
1.65000e-03	4.12982e-01	1.50000e+00
1.60000e-04	8.99783e-01	3.50000e+00
3.84000e-04	7.69165e-01	3.50000e+00
6.08000e-04	7.06021e-01	3.50000e+00
8.32000e-04	6.65023e-01	3.50000e+00
1.05600e-03	6.34994e-01	3.50000e+00
4.00000e-04	5.21206e-01	1.50000e+00
9.60000e-04	4.52618e-01	1.50000e+00
1.52000e-03	4.18847e-01	1.50000e+00
2.08000e-03	3.96708e-01	1.50000e+00
2.64000e-03	3.80384e-01	1.50000e+00
2.50000e-04	8.31483e-01	3.50000e+00
6.00000e-04	7.07790e-01	3.50000e+00
9.50000e-04	6.48197e-01	3.50000e+00
1.30000e-03	6.09606e-01	3.50000e+00
1.65000e-03	5.81402e-01	3.50000e+00
5.00000e-04	5.03205e-01	1.50000e+00
1.20000e-03	4.36023e-01	1.50000e+00
1.90000e-03	4.03020e-01	1.50000e+00
2.60000e-03	3.81416e-01	1.50000e+00
3.30000e-03	3.65502e-01	1.50000e+00
4.00000e-04	7.63406e-01	3.50000e+00
9.60000e-04	6.46881e-01	3.50000e+00
1.52000e-03	5.91000e-01	3.50000e+00
2.08000e-03	5.54935e-01	3.50000e+00
2.64000e-03	5.28644e-01	3.50000e+00
1.60000e-03	4.15175e-01	1.50000e+00
3.84000e-03	3.55611e-01	1.50000e+00
6.08000e-03	3.26653e-01	1.50000e+00
8.32000e-03	3.07707e-01	1.50000e+00
1.05600e-02	2.93678e-01	1.50000e+00
6.50000e-04	6.97148e-01	3.50000e+00
1.56000e-03	5.87950e-01	3.50000e+00
2.47000e-03	5.35887e-01	3.50000e+00
3.38000e-03	5.02410e-01	3.50000e+00
4.29000e-03	4.78065e-01	3.50000e+00
6.50000e-04	4.82492e-01	1.50000e+00
1.56000e-03	4.16985e-01	1.50000e+00
2.47000e-03	3.84898e-01	1.50000e+00
3.38000e-03	3.63927e-01	1.50000e+00
4.29000e-03	3.48488e-01	1.50000e+00
1.00000e-03	6.41771e-01	3.50000e+00
2.40000e-03	5.39038e-01	3.50000e+00
3.80000e-03	4.90333e-01	3.50000e+00
5.20000e-03	4.59099e-01	3.50000e+00
6.60000e-03	4.36405e-01	3.50000e+00
1.23500e-05	1.00256e+00	2.00000e+00
2.96400e-05	8.88304e-01	2.00000e+00
4.69300e-05	8.31736e-01	2.00000e+00
6.42200e-05	7.94418e-01	2.00000e+00
8.15100e-05	7.66740e-01	2.00000e+00
4.00000e-03	4.85115e-01	3.50000e+00
9.60000e-03	4.02424e-01	3.50000e+00
1.52000e-02	3.63053e-01	3.50000e+00
2.08000e-02	3.37055e-01	3.50000e+00
2.64000e-02	3.17336e-01	3.50000e+00
1.46500e-05	9.79584e-01	2.00000e+00
3.51600e-05	8.67014e-01	2.00000e+00
5.56700e-05	8.11288e-01	2.00000e+00
7.61800e-05	7.74531e-01	2.00000e+00
9.66900e-05	7.47273e-01	2.00000e+00
2.61000e-05	1.37891e+00	4.50000e+00
6.26400e-05	1.18799e+00	4.50000e+00
9.91800e-05	1.09566e+00	4.50000e+00
1.35720e-04	1.03562e+00	4.50000e+00
1.72260e-04	9.91548e-01	4.50000e+00
1.63500e-05	9.64992e-01	2.00000e+00
3.92400e-05	8.53495e-01	2.00000e+00
6.21300e-05	7.98306e-01	2.00000e+00
8.50200e-05	7.61907e-01	2.00000e+00
1.07910e-04	7.34917e-01	2.00000e+00
2.96000e-05	1.35021e+00	4.50000e+00
7.10400e-05	1.16218e+00	4.50000e+00
1.12480e-04	1.07129e+00	4.50000e+00
1.53920e-04	1.01219e+00	4.50000e+00
1.95360e-04	9.68823e-01	4.50000e+00
2.50000e-05	9.09846e-01	2.00000e+00
6.00000e-05	8.02417e-01	2.00000e+00
9.50000e-05	7.49269e-01	2.00000e+00
1.30000e-04	7.14236e-01	2.00000e+00
1.65000e-04	6.88271e-01	2.00000e+00
3.09000e-05	1.34050e+00	4.50000e+00
7.41600e-05	1.15346e+00	4.50000e+00
1.17420e-04	1.06305e+00	4.50000e+00
1.60680e-04	1.00427e+00	4.50000e+00
2.03940e-04	9.61145e-01	4.50000e+00
2.50000e-05	9.09846e-01	2.00000e+00
6.00000e-05	8.02417e-01	2.00000e+00
9.50000e-05	7.49269e-01	2.00000e+00
1.30000e-04	7.14236e-01	2.00000e+00
1.65000e-04	6.88271e-01	2.00000e+00
3.41500e-05	1.31812e+00	4.50000e+00
8.19600e-05	1.13334e+00	4.50000e+00
1.29770e-04	1.04406e+00	4.50000e+00
1.77580e-04	9.86021e-01	4.50000e+00
2.25390e-04	9.43445e-01	4.50000e+00
4.00000e-05	8.51146e-01	2.00000e+00
9.60000e-05	7.48084e-01	2.00000e+00
1.52000e-04	6.97144e-01	2.00000e+00
2.08000e-04	6.63593e-01	2.00000e+00
2.64000e-04	6.38746e-01	2.00000e+00
3.66000e-05	1.30277e+00	4.50000e+00
8.78400e-05	1.11955e+00	4.50000e+00
1.39080e-04	1.03104e+00	4.50000e+00
1.90320e-04	9.73513e-01	4.50000e+00
2.41560e-04	9.31317e-01	4.50000e+00
6.50000e-05	7.93002e-01	2.00000e+00
1.56000e-04	6.94328e-01	2.00000e+00
2.47000e-04	6.45626e-01	2.00000e+00
3.38000e-04	6.13586e-01	2.00000e+00
4.29000e-04	5.89881e-01	2.00000e+00
4.09000e-05	1.27842e+00	4.50000e+00
9.81600e-05	1.09768e+00	4.50000e+00
1.55420e-04	1.01040e+00	4.50000e+00
2.12680e-04	9.53690e-01	4.50000e+00
2.69940e-04	9.12100e-01	4.50000e+00
1.00000e-04	7.43472e-01	2.00000e+00
2.40000e-04	6.48612e-01	2.00000e+00
3.80000e-04	6.01871e-01	2.00000e+00
5.20000e-04	5.71162e-01	2.00000e+00
6.60000e-04	5.48469e-01	2.00000e+00
4.09000e-05	1.27842e+00	4.50000e+00
9.81600e-05	1.09768e+00	4.50000e+00
1.55420e-04	1.01040e+00	4.50000e+00
2.12680e-04	9.53690e-01	4.50000e+00
2.69940e-04	9.12100e-01	4.50000e+00
1.60000e-04	6.91590e-01	2.00000e+00
3.84000e-04	6.00830e-01	2.00000e+00
6.08000e-04	5.56217e-01	2.00000e+00
8.32000e-04	5.26964e-01	2.00000e+00
1.05600e-03	5.05384e-01	2.00000e+00
6.50000e-05	1.18036e+00	4.50000e+00
1.56000e-04	1.00971e+00	4.50000e+00
2.47000e-04	9.27442e-01	4.50000e+00
3.38000e-04	8.74054e-01	4.50000e+00
4.29000e-04	8.34943e-01	4.50000e+00
2.50000e-04	6.44375e-01	2.00000e+00
6.00000e-04	5.57474e-01	2.00000e+00
9.50000e-04	5.14889e-01	2.00000e+00
1.30000e-03	4.87035e-01	2.00000e+00
1.65000e-03	4.66530e-01	2.00000e+00
6.50000e-05	1.18036e+00	4.50000e+00
1.56000e-04	1.00971e+00	4.50000e+00
2.47000e-04	9.27442e-01	4.50000e+00
3.38000e-04	8.74054e-01	4.50000e+00
4.29000e-04	8.34943e-01	4.50000e+00
5.00000e-04	5.74949e-01	2.00000e+00
1.20000e-03	4.94049e-01	2.00000e+00
1.90000e-03	4.54670e-01	2.00000e+00
2.60000e-03	4.29038e-01	2.00000e+00
3.30000e-03	4.10234e-01	2.00000e+00
1.00000e-04	1.09406e+00	4.50000e+00
2.40000e-04	9.32446e-01	4.50000e+00
3.80000e-04	8.54683e-01	4.50000e+00
5.20000e-04	8.04297e-01	4.50000e+00
6.60000e-04	7.67435e-01	4.50000e+00
1.60000e-03	4.69144e-01	2.00000e+00
3.84000e-03	3.98584e-01	2.00000e+00
6.08000e-03	3.64658e-01	2.00000e+00
8.32000e-03	3.42626e-01	2.00000e+00
1.05600e-02	3.26403e-01	2.00000e+00
1.60000e-04	1.00505e+00	4.50000e+00
3.84000e-04	8.52966e-01	4.50000e+00
6.08000e-04	7.79985e-01	4.50000e+00
8.32000e-04	7.32802e-01	4.50000e+00
1.05600e-03	6.98348e-01	4.50000e+00
6.50000e-04	5.49905e-01	2.00000e+00
1.56000e-03	4.71302e-01	2.00000e+00
2.47000e-03	4.33160e-01	2.00000e+00
3.38000e-03	4.08377e-01	2.00000e+00
4.29000e-03	3.90213e-01	2.00000e+00
2.50000e-04	9.25346e-01	4.50000e+00
6.00000e-04	7.82024e-01	4.50000e+00
9.50000e-04	7.13485e-01	4.50000e+00
1.30000e-03	6.69293e-01	4.50000e+00
1.65000e-03	6.37095e-01	4.50000e+00
1.54500e-05	1.14882e+00	2.70000e+00
3.70800e-05	1.00800e+00	2.70000e+00
5.87100e-05	9.38840e-01	2.70000e+00
8.03400e-05	8.93444e-01	2.70000e+00
1.01970e-04	8.59898e-01	2.70000e+00
4.00000e-04	8.46295e-01	4.50000e+00
9.60000e-04	7.11976e-01	4.50000e+00
1.52000e-03	6.48043e-01	4.50000e+00
2.08000e-03	6.06960e-01	4.50000e+00
2.64000e-03	5.77103e-01	4.50000e+00
1.83000e-05	1.12063e+00	2.70000e+00
4.39200e-05	9.82147e-01	2.70000e+00
6.95400e-05	9.14159e-01	2.70000e+00
9.51600e-05	8.69539e-01	2.70000e+00
1.20780e-04	8.36572e-01	2.70000e+00
6.50000e-04	7.69759e-01	4.50000e+00
1.56000e-03	6.44562e-01	4.50000e+00
2.47000e-03	5.85320e-01	4.50000e+00
3.38000e-03	5.47394e-01	4.50000e+00
4.29000e-03	5.19901e-01	4.50000e+00
2.04500e-05	1.10239e+00	2.70000e+00
4.90800e-05	9.65423e-01	2.70000e+00
7.77100e-05	8.98193e-01	2.70000e+00
1.06340e-04	8.54078e-01	2.70000e+00
1.34970e-04	8.21489e-01	2.70000e+00
1.00000e-03	7.06116e-01	4.50000e+00
2.40000e-03	5.88898e-01	4.50000e+00
3.80000e-03	5.33745e-01	4.50000e+00
5.20000e-03	4.98537e-01	4.50000e+00
6.60000e-03	4.73043e-01	4.50000e+00
2.04500e-05	1.10239e+00	2.70000e+00
4.90800e-05	9.65423e-01	2.70000e+00
7.77100e-05	8.98193e-01	2.70000e+00
1.06340e-04	8.54078e-01	2.70000e+00
1.34970e-04	8.21489e-01	2.70000e+00
1.60000e-03	6.41184e-01	4.50000e+00
3.84000e-03	5.32538e-01	4.50000e+00
6.08000e-03	4.81698e-01	4.50000e+00
8.32000e-03	4.49265e-01	4.50000e+00
1.05600e-02	4.25720e-01	4.50000e+00
2.50000e-05	1.06990e+00	2.70000e+00
6.00000e-05	9.35647e-01	2.70000e+00
9.50000e-05	8.69774e-01	2.70000e+00
1.30000e-04	8.26564e-01	2.70000e+00
1.65000e-04	7.94652e-01	2.70000e+00
2.50000e-05	1.06990e+00	2.70000e+00
6.00000e-05	9.35647e-01	2.70000e+00
9.50000e-05	8.69774e-01	2.70000e+00
1.30000e-04	8.26564e-01	2.70000e+00
1.65000e-04	7.94652e-01	2.70000e+00
3.77000e-05	1.53839e+00	6.50000e+00
9.04800e-05	1.30796e+00	6.50000e+00
1.43260e-04	1.19780e+00	6.50000e+00
1.96040e-04	1.12665e+00	6.50000e+00
2.48820e-04	1.07469e+00	6.50000e+00
6.96000e-05	1.77184e+00	1.20000e+01
1.67040e-04	1.47369e+00	1.20000e+01
2.64480e-04	1.33384e+00	1.20000e+01
3.61920e-04	1.24451e+00	1.20000e+01
4.59360e-04	1.17979e+00	1.20000e+01
4.01500e-05	1.52087e+00	6.50000e+00
9.63600e-05	1.29244e+00	6.50000e+00
1.52570e-04	1.18326e+00	6.50000e+00
2.08780e-04	1.11275e+00	6.50000e+00
2.64990e-04	1.06126e+00	6.50000e+00
8.05000e-05	1.71925e+00	1.20000e+01
1.93200e-04	1.42823e+00	1.20000e+01
3.05900e-04	1.29180e+00	1.20000e+01
4.18600e-04	1.20469e+00	1.20000e+01
5.31300e-04	1.14161e+00	1.20000e+01
4.27500e-05	1.50357e+00	6.50000e+00
1.02600e-04	1.27711e+00	6.50000e+00
1.62450e-04	1.16890e+00	6.50000e+00
2.22300e-04	1.09903e+00	6.50000e+00
2.82150e-04	1.04801e+00	6.50000e+00
8.05000e-05	1.71925e+00	1.20000e+01
1.93200e-04	1.42823e+00	1.20000e+01
3.05900e-04	1.29180e+00	1.20000e+01
4.18600e-04	1.20469e+00	1.20000e+01
5.31300e-04	1.14161e+00	1.20000e+01
4.76000e-05	1.47427e+00	6.50000e+00
1.14240e-04	1.25117e+00	6.50000e+00
1.80880e-04	1.14460e+00	6.50000e+00
2.47520e-04	1.07581e+00	6.50000e+00
3.14160e-04	1.02559e+00	6.50000e+00
9.10000e-05	1.67591e+00	1.20000e+01
2.18400e-04	1.39078e+00	1.20000e+01
3.45800e-04	1.25718e+00	1.20000e+01
4.73200e-04	1.17192e+00	1.20000e+01
6.00600e-04	1.11020e+00	1.20000e+01
4.93000e-05	1.46480e+00	6.50000e+00
1.18320e-04	1.24278e+00	6.50000e+00
1.87340e-04	1.13675e+00	6.50000e+00
2.56360e-04	1.06831e+00	6.50000e+00
3.25380e-04	1.01834e+00	6.50000e+00
1.00000e-04	1.64315e+00	1.20000e+01
2.40000e-04	1.36250e+00	1.20000e+01
3.80000e-04	1.23105e+00	1.20000e+01
5.20000e-04	1.14719e+00	1.20000e+01
6.60000e-04	1.08650e+00	1.20000e+01
4.93000e-05	1.46480e+00	6.50000e+00
1.18320e-04	1.24278e+00	6.50000e+00
1.87340e-04	1.13675e+00	6.50000e+00
2.56360e-04	1.06831e+00	6.50000e+00
3.25380e-04	1.01834e+00	6.50000e+00
1.00000e-04	1.64315e+00	1.20000e+01
2.40000e-04	1.36250e+00	1.20000e+01
3.80000e-04	1.23105e+00	1.20000e+01
5.20000e-04	1.14719e+00	1.20000e+01
6.60000e-04	1.08650e+00	1.20000e+01
6.50000e-05	1.39175e+00	6.50000e+00
1.56000e-04	1.17816e+00	6.50000e+00
2.47000e-04	1.07626e+00	6.50000e+00
3.38000e-04	1.01053e+00	6.50000e+00
4.29000e-04	9.62588e-01	6.50000e+00
1.60000e-04	1.48736e+00	1.20000e+01
3.84000e-04	1.22818e+00	1.20000e+01
6.08000e-04	1.10710e+00	1.20000e+01
8.32000e-04	1.03002e+00	1.20000e+01
1.05600e-03	9.74342e-01	1.20000e+01
6.50000e-05	1.39175e+00	6.50000e+00
1.56000e-04	1.17816e+00	6.50000e+00
2.47000e-04	1.07626e+00	6.50000e+00
3.38000e-04	1.01053e+00	6.50000e+00
4.29000e-04	9.62588e-01	6.50000e+00
1.60000e-04	1.48736e+00	1.20000e+01
3.84000e-04	1.22818e+00	1.20000e+01
6.08000e-04	1.10710e+00	1.20000e+01
8.32000e-04	1.03002e+00	1.20000e+01
1.05600e-03	9.74342e-01	1.20000e+01
1.00000e-04	1.28336e+00	6.50000e+00
2.40000e-04	1.08244e+00	6.50000e+00
3.80000e-04	9.86764e-01	6.50000e+00
5.20000e-04	9.25146e-01	6.50000e+00
6.60000e-04	8.80259e-01	6.50000e+00
2.50000e-04	1.35040e+00	1.20000e+01
6.00000e-04	1.11045e+00	1.20000e+01
9.50000e-04	9.98738e-01	1.20000e+01
1.30000e-03	9.27803e-01	1.20000e+01
1.65000e-03	8.76678e-01	1.20000e+01
1.00000e-04	1.28336e+00	6.50000e+00
2.40000e-04	1.08244e+00	6.50000e+00
3.80000e-04	9.86764e-01	6.50000e+00
5.20000e-04	9.25146e-01	6.50000e+00
6.60000e-04	8.80259e-01	6.50000e+00
4.00000e-04	1.21702e+00	1.20000e+01
9.60000e-04	9.96302e-01	1.20000e+01
1.52000e-03	8.94008e-01	1.20000e+01
2.08000e-03	8.29269e-01	1.20000e+01
2.64000e-03	7.82728e-01	1.20000e+01
1.60000e-04	1.17237e+00	6.50000e+00
3.84000e-04	9.84659e-01	6.50000e+00
6.08000e-04	8.95522e-01	6.50000e+00
8.32000e-04	8.38240e-01	6.50000e+00
1.05600e-03	7.96591e-01	6.50000e+00
6.50000e-04	1.09031e+00	1.20000e+01
1.56000e-03	8.88492e-01	1.20000e+01
2.47000e-03	7.95494e-01	1.20000e+01
3.38000e-03	7.36854e-01	1.20000e+01
4.29000e-03	6.94806e-01	1.20000e+01
2.50000e-04	1.07367e+00	6.50000e+00
6.00000e-04	8.98004e-01	6.50000e+00
9.50000e-04	8.14870e-01	6.50000e+00
1.30000e-03	7.61590e-01	6.50000e+00
1.65000e-03	7.22936e-01	6.50000e+00
1.00000e-03	9.86848e-01	1.20000e+01
2.40000e-03	8.01062e-01	1.20000e+01
3.80000e-03	7.15930e-01	1.20000e+01
5.20000e-03	6.62412e-01	1.20000e+01
6.60000e-03	6.24095e-01	1.20000e+01
4.00000e-04	9.76486e-01	6.50000e+00
9.60000e-04	8.13047e-01	6.50000e+00
1.52000e-03	7.36063e-01	6.50000e+00
2.08000e-03	6.86891e-01	6.50000e+00
2.64000e-03	6.51309e-01	6.50000e+00
1.60000e-03	8.83143e-01	1.20000e+01
3.84000e-03	7.14085e-01	1.20000e+01
6.08000e-03	6.37061e-01	1.20000e+01
8.32000e-03	5.88720e-01	1.20000e+01
1.05600e-02	5.54071e-01	1.20000e+01
6.50000e-04	8.83084e-01	6.50000e+00
1.56000e-03	7.31888e-01	6.50000e+00
2.47000e-03	6.61089e-01	6.50000e+00
3.38000e-03	6.16036e-01	6.50000e+00
4.29000e-03	5.83518e-01	6.50000e+00
2.50000e-03	7.93165e-01	1.20000e+01
6.00000e-03	6.39176e-01	1.20000e+01
9.50000e-03	5.69234e-01	1.20000e+01
1.30000e-02	5.25179e-01	1.20000e+01
1.65000e-02	4.93332e-01	1.20000e+01
1.00000e-03	8.05967e-01	6.50000e+00
2.40000e-03	6.65350e-01	6.50000e+00
3.80000e-03	5.99877e-01	6.50000e+00
5.20000e-03	5.58336e-01	6.50000e+00
6.60000e-03	5.28393e-01	6.50000e+00
1.60000e-03	7.27837e-01	6.50000e+00
3.84000e-03	5.98450e-01	6.50000e+00
6.08000e-03	5.38545e-01	6.50000e+00
8.32000e-03	5.00581e-01	6.50000e+00
1.05600e-02	4.73164e-01	6.50000e+00
8.70000e-05	1.84304e+00	1.50000e+01
2.08800e-04	1.52067e+00	1.50000e+01
3.30600e-04	1.37046e+00	1.50000e+01
4.52400e-04	1.27489e+00	1.50000e+01
5.74200e-04	1.20587e+00	1.50000e+01
2.50000e-03	6.59306e-01	6.50000e+00
6.00000e-03	5.40199e-01	6.50000e+00
9.50000e-03	4.85185e-01	6.50000e+00
1.30000e-02	4.50149e-01	6.50000e+00
1.65000e-02	4.24590e-01	6.50000e+00
1.00000e-04	1.78840e+00	1.50000e+01
2.40000e-04	1.47383e+00	1.50000e+01
3.80000e-04	1.32735e+00	1.50000e+01
5.20000e-04	1.23420e+00	1.50000e+01
6.60000e-04	1.16695e+00	1.50000e+01
1.00000e-04	1.78840e+00	1.50000e+01
2.40000e-04	1.47383e+00	1.50000e+01
3.80000e-04	1.32735e+00	1.50000e+01
5.20000e-04	1.23420e+00	1.50000e+01
6.60000e-04	1.16695e+00	1.50000e+01
1.14000e-04	1.73819e+00	1.50000e+01
2.73600e-04	1.43082e+00	1.50000e+01
4.33200e-04	1.28778e+00	1.50000e+01
5.92800e-04	1.19687e+00	1.50000e+01
7.52400e-04	1.13126e+00	1.50000e+01
4.93000e-05	1.64655e+00	8.50000e+00
1.18320e-04	1.38651e+00	8.50000e+00
1.87340e-04	1.26323e+00	8.50000e+00
2.56360e-04	1.18400e+00	8.50000e+00
3.25380e-04	1.12633e+00	8.50000e+00
1.23000e-04	1.70959e+00	1.50000e+01
2.95200e-04	1.40634e+00	1.50000e+01
4.67400e-04	1.26527e+00	1.50000e+01
6.39600e-04	1.17564e+00	1.50000e+01
8.11800e-04	1.11097e+00	1.50000e+01
5.25000e-05	1.62671e+00	8.50000e+00
1.26000e-04	1.36912e+00	8.50000e+00
1.99500e-04	1.24703e+00	8.50000e+00
2.73000e-04	1.16857e+00	8.50000e+00
3.46500e-04	1.11148e+00	8.50000e+00
1.60000e-04	1.61350e+00	1.50000e+01
3.84000e-04	1.32416e+00	1.50000e+01
6.08000e-04	1.18976e+00	1.50000e+01
8.32000e-04	1.10447e+00	1.50000e+01
1.05600e-03	1.04301e+00	1.50000e+01
5.60000e-05	1.60655e+00	8.50000e+00
1.34400e-04	1.35145e+00	8.50000e+00
2.12800e-04	1.23057e+00	8.50000e+00
2.91200e-04	1.15290e+00	8.50000e+00
3.69600e-04	1.09640e+00	8.50000e+00
1.60000e-04	1.61350e+00	1.50000e+01
3.84000e-04	1.32416e+00	1.50000e+01
6.08000e-04	1.18976e+00	1.50000e+01
8.32000e-04	1.10447e+00	1.50000e+01
1.05600e-03	1.04301e+00	1.50000e+01
6.20000e-05	1.57513e+00	8.50000e+00
1.48800e-04	1.32393e+00	8.50000e+00
2.35600e-04	1.20495e+00	8.50000e+00
3.22400e-04	1.12852e+00	8.50000e+00
4.09200e-04	1.07293e+00	8.50000e+00
2.50000e-04	1.46032e+00	1.50000e+01
6.00000e-04	1.19347e+00	1.50000e+01
9.50000e-04	1.06993e+00	1.50000e+01
1.30000e-03	9.91735e-01	1.50000e+01
1.65000e-03	9.35505e-01	1.50000e+01
6.45000e-05	1.56306e+00	8.50000e+00
1.54800e-04	1.31336e+00	8.50000e+00
2.45100e-04	1.19510e+00	8.50000e+00
3.35400e-04	1.11915e+00	8.50000e+00
4.25700e-04	1.06391e+00	8.50000e+00
4.00000e-04	1.31175e+00	1.50000e+01
9.60000e-04	1.06724e+00	1.50000e+01
1.52000e-03	9.54553e-01	1.50000e+01
2.08000e-03	8.83461e-01	1.50000e+01
2.64000e-03	8.32468e-01	1.50000e+01
6.95000e-05	1.54046e+00	8.50000e+00
1.66800e-04	1.29357e+00	8.50000e+00
2.64100e-04	1.17668e+00	8.50000e+00
3.61400e-04	1.10162e+00	8.50000e+00
4.58700e-04	1.04705e+00	8.50000e+00
6.50000e-04	1.17117e+00	1.50000e+01
1.56000e-03	9.48489e-01	1.50000e+01
2.47000e-03	8.46445e-01	1.50000e+01
3.38000e-03	7.82304e-01	1.50000e+01
4.29000e-03	7.36413e-01	1.50000e+01
6.95000e-05	1.54046e+00	8.50000e+00
1.66800e-04	1.29357e+00	8.50000e+00
2.64100e-04	1.17668e+00	8.50000e+00
3.61400e-04	1.10162e+00	8.50000e+00
4.58700e-04	1.04705e+00	8.50000e+00
1.00000e-03	1.05681e+00	1.50000e+01
2.40000e-03	8.52544e-01	1.50000e+01
3.80000e-03	7.59456e-01	1.50000e+01
5.20000e-03	7.01121e-01	1.50000e+01
6.60000e-03	6.59452e-01	1.50000e+01
1.00000e-04	1.43385e+00	8.50000e+00
2.40000e-04	1.20033e+00	8.50000e+00
3.80000e-04	1.08996e+00	8.50000e+00
5.20000e-04	1.01917e+00	8.50000e+00
6.60000e-04	9.67763e-01	8.50000e+00
1.60000e-03	9.42610e-01	1.50000e+01
3.84000e-03	7.57442e-01	1.50000e+01
6.08000e-03	6.73543e-01	1.50000e+01
8.32000e-03	6.21059e-01	1.50000e+01
1.05600e-02	5.83535e-01	1.50000e+01
1.00000e-04	1.43385e+00	8.50000e+00
2.40000e-04	1.20033e+00	8.50000e+00
3.80000e-04	1.08996e+00	8.50000e+00
5.20000e-04	1.01917e+00	8.50000e+00
6.60000e-04	9.67763e-01	8.50000e+00
2.50000e-03	8.43895e-01	1.50000e+01
6.00000e-03	6.75842e-01	1.50000e+01
9.50000e-03	5.99945e-01	1.50000e+01
1.30000e-02	5.52315e-01	1.50000e+01
1.65000e-02	5.17988e-01	1.50000e+01
1.60000e-04	1.30457e+00	8.50000e+00
3.84000e-04	1.08754e+00	8.50000e+00
6.08000e-04	9.85230e-01	8.50000e+00
8.32000e-04	9.19758e-01	8.50000e+00
1.05600e-03	8.72296e-01	8.50000e+00
4.00000e-03	7.49635e-01	1.50000e+01
9.60000e-03	5.98304e-01	1.50000e+01
1.52000e-02	5.29645e-01	1.50000e+01
2.08000e-02	4.85824e-01	1.50000e+01
2.64000e-02	4.53469e-01	1.50000e+01
2.50000e-04	1.19020e+00	8.50000e+00
6.00000e-04	9.88072e-01	8.50000e+00
9.50000e-04	8.93112e-01	8.50000e+00
1.30000e-03	8.32506e-01	8.50000e+00
1.65000e-03	7.88667e-01	8.50000e+00
4.00000e-04	1.07814e+00	8.50000e+00
9.60000e-04	8.91034e-01	8.50000e+00
1.52000e-03	8.03543e-01	8.50000e+00
2.08000e-03	7.47890e-01	8.50000e+00
2.64000e-03	7.07737e-01	8.50000e+00
1.04500e-04	1.89429e+00	1.80000e+01
2.50800e-04	1.55266e+00	1.80000e+01
3.97100e-04	1.39433e+00	1.80000e+01
5.43400e-04	1.29393e+00	1.80000e+01
6.89700e-04	1.22159e+00	1.80000e+01
6.50000e-04	9.70995e-01	8.50000e+00
1.56000e-03	7.98810e-01	8.50000e+00
2.47000e-03	7.18763e-01	8.50000e+00
3.38000e-03	6.68034e-01	8.50000e+00
4.29000e-03	6.31528e-01	8.50000e+00
1.18500e-04	1.84180e+00	1.80000e+01
2.84400e-04	1.50797e+00	1.80000e+01
4.50300e-04	1.35336e+00	1.80000e+01
6.16200e-04	1.25536e+00	1.80000e+01
7.82100e-04	1.18479e+00	1.80000e+01
1.00000e-03	8.82971e-01	8.50000e+00
2.40000e-03	7.23569e-01	8.50000e+00
3.80000e-03	6.49882e-01	8.50000e+00
5.20000e-03	6.03324e-01	8.50000e+00
6.60000e-03	5.69866e-01	8.50000e+00
1.34000e-04	1.79163e+00	1.80000e+01
3.21600e-04	1.46529e+00	1.80000e+01
5.09200e-04	1.31425e+00	1.80000e+01
6.96800e-04	1.21856e+00	1.80000e+01
8.84400e-04	1.14968e+00	1.80000e+01
1.60000e-03	7.94219e-01	8.50000e+00
3.84000e-03	6.48280e-01	8.50000e+00
6.08000e-03	5.81200e-01	8.50000e+00
8.32000e-03	5.38875e-01	8.50000e+00
1.05600e-02	5.08414e-01	8.50000e+00
1.34000e-04	1.79163e+00	1.80000e+01
3.21600e-04	1.46529e+00	1.80000e+01
5.09200e-04	1.31425e+00	1.80000e+01
6.96800e-04	1.21856e+00	1.80000e+01
8.84400e-04	1.14968e+00	1.80000e+01
2.50000e-03	7.16752e-01	8.50000e+00
6.00000e-03	5.83047e-01	8.50000e+00
9.50000e-03	5.21758e-01	8.50000e+00
1.30000e-02	4.82921e-01	8.50000e+00
1.65000e-02	4.54708e-01	8.50000e+00
1.64000e-04	1.71158e+00	1.80000e+01
3.93600e-04	1.39725e+00	1.80000e+01
6.23200e-04	1.25194e+00	1.80000e+01
8.52800e-04	1.15998e+00	1.80000e+01
1.08240e-03	1.09384e+00	1.80000e+01
1.64000e-04	1.71158e+00	1.80000e+01
3.93600e-04	1.39725e+00	1.80000e+01
6.23200e-04	1.25194e+00	1.80000e+01
8.52800e-04	1.15998e+00	1.80000e+01
1.08240e-03	1.09384e+00	1.80000e+01
6.50000e-05	1.66934e+00	1.00000e+01
1.56000e-04	1.39625e+00	1.00000e+01
2.47000e-04	1.26749e+00	1.00000e+01
3.38000e-04	1.18500e+00	1.00000e+01
4.29000e-04	1.12511e+00	1.00000e+01
2.50000e-04	1.55381e+00	1.80000e+01
6.00000e-04	1.26346e+00	1.80000e+01
9.50000e-04	1.12964e+00	1.80000e+01
1.30000e-03	1.04516e+00	1.80000e+01
1.65000e-03	9.84525e-01	1.80000e+01
1.00000e-04	1.53023e+00	1.00000e+01
2.40000e-04	1.27527e+00	1.00000e+01
3.80000e-04	1.15528e+00	1.00000e+01
5.20000e-04	1.07852e+00	1.00000e+01
6.60000e-04	1.02286e+00	1.00000e+01
2.50000e-04	1.55381e+00	1.80000e+01
6.00000e-04	1.26346e+00	1.80000e+01
9.50000e-04	1.12964e+00	1.80000e+01
1.30000e-03	1.04516e+00	1.80000e+01
1.65000e-03	9.84525e-01	1.80000e+01
1.60000e-04	1.38890e+00	1.00000e+01
3.84000e-04	1.15265e+00	1.00000e+01
6.08000e-04	1.04176e+00	1.00000e+01
8.32000e-04	9.70974e-01	1.00000e+01
1.05600e-03	9.19748e-01	1.00000e+01
4.00000e-04	1.39193e+00	1.80000e+01
9.60000e-04	1.12673e+00	1.80000e+01
1.52000e-03	1.00506e+00	1.80000e+01
2.08000e-03	9.28487e-01	1.80000e+01
2.64000e-03	8.73664e-01	1.80000e+01
2.50000e-04	1.26423e+00	1.00000e+01
6.00000e-04	1.04484e+00	1.00000e+01
9.50000e-04	9.42205e-01	1.00000e+01
1.30000e-03	8.76862e-01	1.00000e+01
1.65000e-03	8.29679e-01	1.00000e+01
6.50000e-04	1.23927e+00	1.80000e+01
1.56000e-03	9.98519e-01	1.80000e+01
2.47000e-03	8.88683e-01	1.80000e+01
3.38000e-03	8.19817e-01	1.80000e+01
4.29000e-03	7.70634e-01	1.80000e+01
4.00000e-04	1.14245e+00	1.00000e+01
9.60000e-04	9.39963e-01	1.00000e+01
1.52000e-03	8.45681e-01	1.00000e+01
2.08000e-03	7.85854e-01	1.00000e+01
2.64000e-03	7.42764e-01	1.00000e+01
1.00000e-03	1.11545e+00	1.80000e+01
2.40000e-03	8.95238e-01	1.80000e+01
3.80000e-03	7.95321e-01	1.80000e+01
5.20000e-03	7.32864e-01	1.80000e+01
6.60000e-03	6.88331e-01	1.80000e+01
6.50000e-04	1.02636e+00	1.00000e+01
1.56000e-03	8.40589e-01	1.00000e+01
2.47000e-03	7.54590e-01	1.00000e+01
3.38000e-03	7.00222e-01	1.00000e+01
4.29000e-03	6.61162e-01	1.00000e+01
1.60000e-03	9.92182e-01	1.80000e+01
3.84000e-03	7.93162e-01	1.80000e+01
6.08000e-03	7.03382e-01	1.80000e+01
8.32000e-03	6.47368e-01	1.80000e+01
1.05600e-02	6.07399e-01	1.80000e+01
1.00000e-03	9.31262e-01	1.00000e+01
2.40000e-03	7.59747e-01	1.00000e+01
3.80000e-03	6.80792e-01	1.00000e+01
5.20000e-03	6.31027e-01	1.00000e+01
6.60000e-03	5.95328e-01	1.00000e+01
2.50000e-03	8.85942e-01	1.80000e+01
6.00000e-03	7.05839e-01	1.80000e+01
9.50000e-03	6.24870e-01	1.80000e+01
1.30000e-02	5.74206e-01	1.80000e+01
1.65000e-02	5.37778e-01	1.80000e+01
2.50000e-03	7.52434e-01	1.00000e+01
6.00000e-03	6.09385e-01	1.00000e+01
9.50000e-03	5.44101e-01	1.00000e+01
1.30000e-02	5.02851e-01	1.00000e+01
1.65000e-02	4.72956e-01	1.00000e+01
4.00000e-03	7.84797e-01	1.80000e+01
9.60000e-03	6.23122e-01	1.80000e+01
1.52000e-02	5.50139e-01	1.80000e+01
2.08000e-02	5.03728e-01	1.80000e+01
2.64000e-02	4.69565e-01	1.80000e+01
1.45000e-04	1.88741e+00	2.20000e+01
3.48000e-04	1.53393e+00	2.20000e+01
5.51000e-04	1.37120e+00	2.20000e+01
7.54000e-04	1.26844e+00	2.20000e+01
9.57000e-04	1.19465e+00	2.20000e+01
1.00000e-03	1.33924e+00	3.50000e+01
2.40000e-03	1.05408e+00	3.50000e+01
3.80000e-03	9.26710e-01	3.50000e+01
5.20000e-03	8.47801e-01	3.50000e+01
6.60000e-03	7.91902e-01	3.50000e+01
1.60000e-04	1.84463e+00	2.20000e+01
3.84000e-04	1.49781e+00	2.20000e+01
6.08000e-04	1.33824e+00	2.20000e+01
8.32000e-04	1.23753e+00	2.20000e+01
1.05600e-03	1.16523e+00	2.20000e+01
1.60000e-03	1.17890e+00	3.50000e+01
3.84000e-03	9.23974e-01	3.50000e+01
6.08000e-03	8.10759e-01	3.50000e+01
8.32000e-03	7.40777e-01	3.50000e+01
1.05600e-02	6.91194e-01	3.50000e+01
1.72500e-04	1.81248e+00	2.20000e+01
4.14000e-04	1.47068e+00	2.20000e+01
6.55500e-04	1.31350e+00	2.20000e+01
8.97000e-04	1.21433e+00	2.20000e+01
1.13850e-03	1.14316e+00	2.20000e+01
2.50000e-03	1.04218e+00	3.50000e+01
6.00000e-03	8.13840e-01	3.50000e+01
9.50000e-03	7.12828e-01	3.50000e+01
1.30000e-02	6.50272e-01	3.50000e+01
1.65000e-02	6.05672e-01	3.50000e+01
1.94000e-04	1.76319e+00	2.20000e+01
4.65600e-04	1.42912e+00	2.20000e+01
7.37200e-04	1.27561e+00	2.20000e+01
1.00880e-03	1.17882e+00	2.20000e+01
1.28040e-03	1.10940e+00	2.20000e+01
4.00000e-03	9.13374e-01	3.50000e+01
9.60000e-03	7.10661e-01	3.50000e+01
1.52000e-02	6.20766e-01	3.50000e+01
2.08000e-02	5.64324e-01	3.50000e+01
2.64000e-02	5.23233e-01	3.50000e+01
2.50000e-04	1.66050e+00	2.20000e+01
6.00000e-04	1.34264e+00	2.20000e+01
9.50000e-04	1.19686e+00	2.20000e+01
1.30000e-03	1.10509e+00	2.20000e+01
1.65000e-03	1.03935e+00	2.20000e+01
2.50000e-04	1.66050e+00	2.20000e+01
6.00000e-04	1.34264e+00	2.20000e+01
9.50000e-04	1.19686e+00	2.20000e+01
1.30000e-03	1.10509e+00	2.20000e+01
1.65000e-03	1.03935e+00	2.20000e+01
2.96000e-04	1.59484e+00	2.20000e+01
7.10400e-04	1.28746e+00	2.20000e+01
1.12480e-03	1.14669e+00	2.20000e+01
1.53920e-03	1.05817e+00	2.20000e+01
1.95360e-03	9.94808e-01	2.20000e+01
4.00000e-04	1.48304e+00	2.20000e+01
9.60000e-04	1.19370e+00	2.20000e+01
1.52000e-03	1.06160e+00	2.20000e+01
2.08000e-03	9.78694e-01	2.20000e+01
2.64000e-03	9.19453e-01	2.20000e+01
6.50000e-04	1.31625e+00	2.20000e+01
1.56000e-03	1.05451e+00	2.20000e+01
2.47000e-03	9.35672e-01	2.20000e+01
3.38000e-03	8.61364e-01	2.20000e+01
4.29000e-03	8.08398e-01	2.20000e+01
2.95000e-04	1.98491e+00	4.50000e+01
7.08000e-04	1.56957e+00	4.50000e+01
1.12100e-03	1.38261e+00	4.50000e+01
1.53400e-03	1.26618e+00	4.50000e+01
1.94700e-03	1.18341e+00	4.50000e+01
1.00000e-03	1.18144e+00	2.20000e+01
2.40000e-03	9.42753e-01	2.20000e+01
3.80000e-03	8.34972e-01	2.20000e+01
5.20000e-03	7.67784e-01	2.20000e+01
6.60000e-03	7.19973e-01	2.20000e+01
3.17000e-04	1.94764e+00	4.50000e+01
7.60800e-04	1.53897e+00	4.50000e+01
1.20460e-03	1.35513e+00	4.50000e+01
1.64840e-03	1.24070e+00	4.50000e+01
2.09220e-03	1.15938e+00	4.50000e+01
1.60000e-03	1.04764e+00	2.20000e+01
3.84000e-03	8.32648e-01	2.20000e+01
6.08000e-03	7.36123e-01	2.20000e+01
8.32000e-03	6.76071e-01	2.20000e+01
1.05600e-02	6.33315e-01	2.20000e+01
3.50000e-04	1.89728e+00	4.50000e+01
8.40000e-04	1.49766e+00	4.50000e+01
1.33000e-03	1.31806e+00	4.50000e+01
1.82000e-03	1.20634e+00	4.50000e+01
2.31000e-03	1.12699e+00	4.50000e+01
2.50000e-03	9.32712e-01	2.20000e+01
6.00000e-03	7.38759e-01	2.20000e+01
9.50000e-03	6.51993e-01	2.20000e+01
1.30000e-02	5.97874e-01	2.20000e+01
1.65000e-02	5.59063e-01	2.20000e+01
4.00000e-04	1.83112e+00	4.50000e+01
9.60000e-04	1.44345e+00	4.50000e+01
1.52000e-03	1.26946e+00	4.50000e+01
2.08000e-03	1.16132e+00	4.50000e+01
2.64000e-03	1.08458e+00	4.50000e+01
4.00000e-03	8.23641e-01	2.20000e+01
9.60000e-03	6.50124e-01	2.20000e+01
1.52000e-02	5.72222e-01	2.20000e+01
2.08000e-02	5.22875e-01	2.20000e+01
2.64000e-02	4.86675e-01	2.20000e+01
4.00000e-04	1.83112e+00	4.50000e+01
9.60000e-04	1.44345e+00	4.50000e+01
1.52000e-03	1.26946e+00	4.50000e+01
2.08000e-03	1.16132e+00	4.50000e+01
2.64000e-03	1.08458e+00	4.50000e+01
4.60000e-04	1.76395e+00	4.50000e+01
1.10400e-03	1.38850e+00	4.50000e+01
1.74800e-03	1.22024e+00	4.50000e+01
2.39200e-03	1.11578e+00	4.50000e+01
3.03600e-03	1.04169e+00	4.50000e+01
5.50000e-04	1.68108e+00	4.50000e+01
1.32000e-03	1.32085e+00	4.50000e+01
2.09000e-03	1.15973e+00	4.50000e+01
2.86000e-03	1.05983e+00	4.50000e+01
3.63000e-03	9.89034e-01	4.50000e+01
1.57000e-04	1.98492e+00	2.70000e+01
3.76800e-04	1.60273e+00	2.70000e+01
5.96600e-04	1.42775e+00	2.70000e+01
8.16400e-04	1.31761e+00	2.70000e+01
1.03620e-03	1.23870e+00	2.70000e+01
6.50000e-04	1.60659e+00	4.50000e+01
1.56000e-03	1.26018e+00	4.50000e+01
2.47000e-03	1.10554e+00	4.50000e+01
3.38000e-03	1.00977e+00	4.50000e+01
4.29000e-03	9.41965e-01	4.50000e+01
1.67500e-04	1.95431e+00	2.70000e+01
4.02000e-04	1.57706e+00	2.70000e+01
6.36500e-04	1.40441e+00	2.70000e+01
8.71000e-04	1.29578e+00	2.70000e+01
1.10550e-03	1.21797e+00	2.70000e+01
6.50000e-04	1.60659e+00	4.50000e+01
1.56000e-03	1.26018e+00	4.50000e+01
2.47000e-03	1.10554e+00	4.50000e+01
3.38000e-03	1.00977e+00	4.50000e+01
4.29000e-03	9.41965e-01	4.50000e+01
1.77500e-04	1.92722e+00	2.70000e+01
4.26000e-04	1.55436e+00	2.70000e+01
6.74500e-04	1.38378e+00	2.70000e+01
9.23000e-04	1.27648e+00	2.70000e+01
1.17150e-03	1.19965e+00	2.70000e+01
1.00000e-03	1.42722e+00	4.50000e+01
2.40000e-03	1.11471e+00	4.50000e+01
3.80000e-03	9.75935e-01	4.50000e+01
5.20000e-03	8.90249e-01	4.50000e+01
6.60000e-03	8.29696e-01	4.50000e+01
2.05000e-04	1.86127e+00	2.70000e+01
4.92000e-04	1.49913e+00	2.70000e+01
7.79000e-04	1.33361e+00	2.70000e+01
1.06600e-03	1.22958e+00	2.70000e+01
1.35300e-03	1.15514e+00	2.70000e+01
1.60000e-03	1.25120e+00	4.50000e+01
3.84000e-03	9.72959e-01	4.50000e+01
6.08000e-03	8.50109e-01	4.50000e+01
8.32000e-03	7.74430e-01	4.50000e+01
1.05600e-02	7.20951e-01	4.50000e+01
2.05000e-04	1.86127e+00	2.70000e+01
4.92000e-04	1.49913e+00	2.70000e+01
7.79000e-04	1.33361e+00	2.70000e+01
1.06600e-03	1.22958e+00	2.70000e+01
1.35300e-03	1.15514e+00	2.70000e+01
2.50000e-03	1.10171e+00	4.50000e+01
6.00000e-03	8.53445e-01	4.50000e+01
9.50000e-03	7.44269e-01	4.50000e+01
1.30000e-02	6.76912e-01	4.50000e+01
1.65000e-02	6.29037e-01	4.50000e+01
2.50000e-04	1.77347e+00	2.70000e+01
6.00000e-04	1.42569e+00	2.70000e+01
9.50000e-04	1.26698e+00	2.70000e+01
1.30000e-03	1.16734e+00	2.70000e+01
1.65000e-03	1.09611e+00	2.70000e+01
4.00000e-03	9.61437e-01	4.50000e+01
9.60000e-03	7.41932e-01	4.50000e+01
1.52000e-02	6.45224e-01	4.50000e+01
2.08000e-02	5.84786e-01	4.50000e+01
2.64000e-02	5.40965e-01	4.50000e+01
2.50000e-04	1.77347e+00	2.70000e+01
6.00000e-04	1.42569e+00	2.70000e+01
9.50000e-04	1.26698e+00	2.70000e+01
1.30000e-03	1.16734e+00	2.70000e+01
1.65000e-03	1.09611e+00	2.70000e+01
4.00000e-04	1.57903e+00	2.70000e+01
9.60000e-04	1.26354e+00	2.70000e+01
1.52000e-03	1.12020e+00	2.70000e+01
2.08000e-03	1.03050e+00	2.70000e+01
2.64000e-03	9.66529e-01	2.70000e+01
4.00000e-04	1.57903e+00	2.70000e+01
9.60000e-04	1.26354e+00	2.70000e+01
1.52000e-03	1.12020e+00	2.70000e+01
2.08000e-03	1.03050e+00	2.70000e+01
2.64000e-03	9.66529e-01	2.70000e+01
6.50000e-04	1.39692e+00	2.70000e+01
1.56000e-03	1.11253e+00	2.70000e+01
2.47000e-03	9.84032e-01	2.70000e+01
3.38000e-03	9.03908e-01	2.70000e+01
4.29000e-03	8.46908e-01	2.70000e+01
1.00000e-03	1.25021e+00	2.70000e+01
2.40000e-03	9.91677e-01	2.70000e+01
3.80000e-03	8.75494e-01	2.70000e+01
5.20000e-03	8.03268e-01	2.70000e+01
6.60000e-03	7.51974e-01	2.70000e+01
4.00000e-04	1.98040e+00	6.00000e+01
9.60000e-04	1.54766e+00	6.00000e+01
1.52000e-03	1.35477e+00	6.00000e+01
2.08000e-03	1.23535e+00	6.00000e+01
2.64000e-03	1.15082e+00	6.00000e+01
1.60000e-03	1.10509e+00	2.70000e+01
3.84000e-03	8.72993e-01	2.70000e+01
6.08000e-03	7.69290e-01	2.70000e+01
8.32000e-03	7.04958e-01	2.70000e+01
1.05600e-02	6.59254e-01	2.70000e+01
4.30000e-04	1.94115e+00	6.00000e+01
1.03200e-03	1.51583e+00	6.00000e+01
1.63400e-03	1.32638e+00	6.00000e+01
2.23600e-03	1.20915e+00	6.00000e+01
2.83800e-03	1.12621e+00	6.00000e+01
2.50000e-03	9.80837e-01	2.70000e+01
6.00000e-03	7.72118e-01	2.70000e+01
9.50000e-03	6.79209e-01	2.70000e+01
1.30000e-02	6.21442e-01	2.70000e+01
1.65000e-02	5.80123e-01	2.70000e+01
4.70000e-04	1.89379e+00	6.00000e+01
1.12800e-03	1.47745e+00	6.00000e+01
1.78600e-03	1.29217e+00	6.00000e+01
2.44400e-03	1.17760e+00	6.00000e+01
3.10200e-03	1.09657e+00	6.00000e+01
4.00000e-03	8.63302e-01	2.70000e+01
9.60000e-03	6.77211e-01	2.70000e+01
1.52000e-02	5.94121e-01	2.70000e+01
2.08000e-02	5.41694e-01	2.70000e+01
2.64000e-02	5.03364e-01	2.70000e+01
5.50000e-04	1.81247e+00	6.00000e+01
1.32000e-03	1.41166e+00	6.00000e+01
2.09000e-03	1.23360e+00	6.00000e+01
2.86000e-03	1.12361e+00	6.00000e+01
3.63000e-03	1.04589e+00	6.00000e+01
6.50000e-04	1.72930e+00	6.00000e+01
1.56000e-03	1.34451e+00	6.00000e+01
2.47000e-03	1.17390e+00	6.00000e+01
3.38000e-03	1.06863e+00	6.00000e+01
4.29000e-03	9.94310e-01	6.00000e+01
6.50000e-04	1.72930e+00	6.00000e+01
1.56000e-03	1.34451e+00	6.00000e+01
2.47000e-03	1.17390e+00	6.00000e+01
3.38000e-03	1.06863e+00	6.00000e+01
4.29000e-03	9.94310e-01	6.00000e+01
7.50000e-04	1.66065e+00	6.00000e+01
1.80000e-03	1.28921e+00	6.00000e+01
2.85000e-03	1.12479e+00	6.00000e+01
3.90000e-03	1.02345e+00	6.00000e+01
4.95000e-03	9.51949e-01	6.00000e+01
2.30000e-04	1.96342e+00	3.50000e+01
5.52000e-04	1.56793e+00	3.50000e+01
8.74000e-04	1.38845e+00	3.50000e+01
1.19600e-03	1.27613e+00	3.50000e+01
1.51800e-03	1.19599e+00	3.50000e+01
1.00000e-03	1.52963e+00	6.00000e+01
2.40000e-03	1.18399e+00	6.00000e+01
3.80000e-03	1.03152e+00	6.00000e+01
5.20000e-03	9.37743e-01	6.00000e+01
6.60000e-03	8.71649e-01	6.00000e+01
2.50000e-04	1.92251e+00	3.50000e+01
6.00000e-04	1.53400e+00	3.50000e+01
9.50000e-04	1.35781e+00	3.50000e+01
1.30000e-03	1.24760e+00	3.50000e+01
1.65000e-03	1.16900e+00	3.50000e+01
1.60000e-03	1.33458e+00	6.00000e+01
3.84000e-03	1.02826e+00	6.00000e+01
6.08000e-03	8.93912e-01	6.00000e+01
8.32000e-03	8.11470e-01	6.00000e+01
1.05600e-02	7.53381e-01	6.00000e+01
2.65500e-04	1.89343e+00	3.50000e+01
6.37200e-04	1.50990e+00	3.50000e+01
1.00890e-03	1.33606e+00	3.50000e+01
1.38060e-03	1.22735e+00	3.50000e+01
1.75230e-03	1.14985e+00	3.50000e+01
2.50000e-03	1.16968e+00	6.00000e+01
6.00000e-03	8.97553e-01	6.00000e+01
9.50000e-03	7.78691e-01	6.00000e+01
1.30000e-02	7.05669e-01	6.00000e+01
1.65000e-02	6.53945e-01	6.00000e+01
2.87000e-04	1.85634e+00	3.50000e+01
6.88800e-04	1.47918e+00	3.50000e+01
1.09060e-03	1.30834e+00	3.50000e+01
1.49240e-03	1.20156e+00	3.50000e+01
1.89420e-03	1.12547e+00	3.50000e+01
4.00000e-03	1.01564e+00	6.00000e+01
9.60000e-03	7.76153e-01	6.00000e+01
1.52000e-02	6.71415e-01	6.00000e+01
2.08000e-02	6.06301e-01	6.00000e+01
2.64000e-02	5.59306e-01	6.00000e+01
3.08000e-04	1.82323e+00	3.50000e+01
7.39200e-04	1.45177e+00	3.50000e+01
1.17040e-03	1.28362e+00	3.50000e+01
1.60160e-03	1.17858e+00	3.50000e+01
2.03280e-03	1.10374e+00	3.50000e+01
3.28500e-04	1.79344e+00	3.50000e+01
7.88400e-04	1.42714e+00	3.50000e+01
1.24830e-03	1.26142e+00	3.50000e+01
1.70820e-03	1.15793e+00	3.50000e+01
2.16810e-03	1.08424e+00	3.50000e+01
4.00000e-04	1.70490e+00	3.50000e+01
9.60000e-04	1.35400e+00	3.50000e+01
1.52000e-03	1.19556e+00	3.50000e+01
2.08000e-03	1.09676e+00	3.50000e+01
2.64000e-03	1.02647e+00	3.50000e+01
4.00000e-04	1.70490e+00	3.50000e+01
9.60000e-04	1.35400e+00	3.50000e+01
1.52000e-03	1.19556e+00	3.50000e+01
2.08000e-03	1.09676e+00	3.50000e+01
2.64000e-03	1.02647e+00	3.50000e+01
5.00000e-04	1.60899e+00	3.50000e+01
1.20000e-03	1.27498e+00	3.50000e+01
1.90000e-03	1.12452e+00	3.50000e+01
2.60000e-03	1.03085e+00	3.50000e+01
3.30000e-03	9.64286e-01	3.50000e+01
6.50000e-04	1.50201e+00	3.50000e+01
1.56000e-03	1.18710e+00	3.50000e+01
2.47000e-03	1.04569e+00	3.50000e+01
3.38000e-03	9.57812e-01	3.50000e+01
4.29000e-03	8.95452e-01	3.50000e+01
4.61000e-04	1.98124e+00	7.00000e+01
1.10640e-03	1.53872e+00	7.00000e+01
1.75180e-03	1.34247e+00	7.00000e+01
2.39720e-03	1.22134e+00	7.00000e+01
3.04260e-03	1.13580e+00	7.00000e+01
5.00000e-04	1.93610e+00	7.00000e+01
1.20000e-03	1.50234e+00	7.00000e+01
1.90000e-03	1.31014e+00	7.00000e+01
2.60000e-03	1.19159e+00	7.00000e+01
3.30000e-03	1.10789e+00	7.00000e+01
5.50000e-04	1.88423e+00	7.00000e+01
1.32000e-03	1.46059e+00	7.00000e+01
2.09000e-03	1.27307e+00	7.00000e+01
2.86000e-03	1.15748e+00	7.00000e+01
3.63000e-03	1.07592e+00	7.00000e+01
6.20000e-04	1.82071e+00	7.00000e+01
1.48800e-03	1.40954e+00	7.00000e+01
2.35600e-03	1.22778e+00	7.00000e+01
3.22400e-03	1.11584e+00	7.00000e+01
4.09200e-03	1.03689e+00	7.00000e+01
1.00000e-03	1.86088e+00	1.50000e+02
2.40000e-03	1.39858e+00	1.50000e+02
3.80000e-03	1.19895e+00	1.50000e+02
5.20000e-03	1.07763e+00	1.50000e+02
6.60000e-03	9.92849e-01	1.50000e+02
6.50000e-04	1.79617e+00	7.00000e+01
1.56000e-03	1.38983e+00	7.00000e+01
2.47000e-03	1.21031e+00	7.00000e+01
3.38000e-03	1.09978e+00	7.00000e+01
4.29000e-03	1.02185e+00	7.00000e+01
1.60000e-03	1.59843e+00	1.50000e+02
3.84000e-03	1.19472e+00	1.50000e+02
6.08000e-03	1.02133e+00	1.50000e+02
8.32000e-03	9.16229e-01	1.50000e+02
1.05600e-02	8.42837e-01	1.50000e+02
6.50000e-04	1.79617e+00	7.00000e+01
1.56000e-03	1.38983e+00	7.00000e+01
2.47000e-03	1.21031e+00	7.00000e+01
3.38000e-03	1.09978e+00	7.00000e+01
4.29000e-03	1.02185e+00	7.00000e+01
1.60000e-03	1.59843e+00	1.50000e+02
3.84000e-03	1.19472e+00	1.50000e+02
6.08000e-03	1.02133e+00	1.50000e+02
8.32000e-03	9.16229e-01	1.50000e+02
1.05600e-02	8.42837e-01	1.50000e+02
1.00000e-03	1.58507e+00	7.00000e+01
2.40000e-03	1.22091e+00	7.00000e+01
3.80000e-03	1.06086e+00	7.00000e+01
5.20000e-03	9.62606e-01	7.00000e+01
6.60000e-03	8.93462e-01	7.00000e+01
2.50000e-03	1.37974e+00	1.50000e+02
6.00000e-03	1.02600e+00	1.50000e+02
9.50000e-03	8.74742e-01	1.50000e+02
1.30000e-02	7.83023e-01	1.50000e+02
1.65000e-02	7.18733e-01	1.50000e+02
1.00000e-03	1.58507e+00	7.00000e+01
2.40000e-03	1.22091e+00	7.00000e+01
3.80000e-03	1.06086e+00	7.00000e+01
5.20000e-03	9.62606e-01	7.00000e+01
6.60000e-03	8.93462e-01	7.00000e+01
4.00000e-03	1.17832e+00	1.50000e+02
9.60000e-03	8.71538e-01	1.50000e+02
1.52000e-02	7.40377e-01	1.50000e+02
2.08000e-02	6.60121e-01	1.50000e+02
2.64000e-02	6.03005e-01	1.50000e+02
1.25000e-03	1.48434e+00	7.00000e+01
3.00000e-03	1.14071e+00	7.00000e+01
4.75000e-03	9.90087e-01	7.00000e+01
6.50000e-03	8.97752e-01	7.00000e+01
8.25000e-03	8.32807e-01	7.00000e+01
1.60000e-03	1.37936e+00	7.00000e+01
3.84000e-03	1.05744e+00	7.00000e+01
6.08000e-03	9.16742e-01	7.00000e+01
8.32000e-03	8.30585e-01	7.00000e+01
1.05600e-02	7.69971e-01	7.00000e+01
2.50000e-03	1.20588e+00	7.00000e+01
6.00000e-03	9.20550e-01	7.00000e+01
9.50000e-03	7.96371e-01	7.00000e+01
1.30000e-02	7.20253e-01	7.00000e+01
1.65000e-02	6.66434e-01	7.00000e+01
4.00000e-03	1.04420e+00	7.00000e+01
9.60000e-03	7.93723e-01	7.00000e+01
1.52000e-02	6.84601e-01	7.00000e+01
2.08000e-02	6.16948e-01	7.00000e+01
2.64000e-02	5.68240e-01	7.00000e+01
1.30000e-03	1.79964e+00	2.00000e+02
3.12000e-03	1.33567e+00	2.00000e+02
4.94000e-03	1.13724e+00	2.00000e+02
6.76000e-03	1.01729e+00	2.00000e+02
8.58000e-03	9.33756e-01	2.00000e+02
1.60000e-03	1.67844e+00	2.00000e+02
3.84000e-03	1.24250e+00	2.00000e+02
6.08000e-03	1.05651e+00	2.00000e+02
8.32000e-03	9.44186e-01	2.00000e+02
1.05600e-02	8.65971e-01	2.00000e+02
6.50000e-04	1.90647e+00	9.00000e+01
1.56000e-03	1.46362e+00	9.00000e+01
2.47000e-03	1.26912e+00	9.00000e+01
3.38000e-03	1.14977e+00	9.00000e+01
4.29000e-03	1.06581e+00	9.00000e+01
1.60000e-03	1.67844e+00	2.00000e+02
3.84000e-03	1.24250e+00	2.00000e+02
6.08000e-03	1.05651e+00	2.00000e+02
8.32000e-03	9.44186e-01	2.00000e+02
1.05600e-02	8.65971e-01	2.00000e+02
7.50000e-04	1.82707e+00	9.00000e+01
1.80000e-03	1.40044e+00	9.00000e+01
2.85000e-03	1.21338e+00	9.00000e+01
3.90000e-03	1.09870e+00	9.00000e+01
4.95000e-03	1.01809e+00	9.00000e+01
2.50000e-03	1.44183e+00	2.00000e+02
6.00000e-03	1.06150e+00	2.00000e+02
9.50000e-03	8.99949e-01	2.00000e+02
1.30000e-02	8.02377e-01	2.00000e+02
1.65000e-02	7.34201e-01	2.00000e+02
1.00000e-03	1.67599e+00	9.00000e+01
2.40000e-03	1.28059e+00	9.00000e+01
3.80000e-03	1.10782e+00	9.00000e+01
5.20000e-03	1.00211e+00	9.00000e+01
6.60000e-03	9.27889e-01	9.00000e+01
2.50000e-03	1.44183e+00	2.00000e+02
6.00000e-03	1.06150e+00	2.00000e+02
9.50000e-03	8.99949e-01	2.00000e+02
1.30000e-02	8.02377e-01	2.00000e+02
1.65000e-02	7.34201e-01	2.00000e+02
1.00000e-03	1.67599e+00	9.00000e+01
2.40000e-03	1.28059e+00	9.00000e+01
3.80000e-03	1.10782e+00	9.00000e+01
5.20000e-03	1.00211e+00	9.00000e+01
6.60000e-03	9.27889e-01	9.00000e+01
4.00000e-03	1.22488e+00	2.00000e+02
9.60000e-03	8.96535e-01	2.00000e+02
1.52000e-02	7.57131e-01	2.00000e+02
2.08000e-02	6.72237e-01	2.00000e+02
2.64000e-02	6.12073e-01	2.00000e+02
1.60000e-03	1.45227e+00	9.00000e+01
3.84000e-03	1.10413e+00	9.00000e+01
6.08000e-03	9.52861e-01	9.00000e+01
8.32000e-03	8.60536e-01	9.00000e+01
1.05600e-02	7.95747e-01	9.00000e+01
2.50000e-03	1.26433e+00	9.00000e+01
6.00000e-03	9.56947e-01	9.00000e+01
9.50000e-03	8.23947e-01	9.00000e+01
1.30000e-02	7.42716e-01	9.00000e+01
1.65000e-02	6.85450e-01	9.00000e+01
4.00000e-03	1.08988e+00	9.00000e+01
9.60000e-03	8.21118e-01	9.00000e+01
1.52000e-02	7.04764e-01	9.00000e+01
2.08000e-02	6.32945e-01	9.00000e+01
2.64000e-02	5.81439e-01	9.00000e+01
8.00000e-04	1.90811e+00	1.20000e+02
1.92000e-03	1.44818e+00	1.20000e+02
3.04000e-03	1.24802e+00	1.20000e+02
4.16000e-03	1.12583e+00	1.20000e+02
5.28000e-03	1.04020e+00	1.20000e+02
1.65000e-03	1.72041e+00	2.50000e+02
3.96000e-03	1.26364e+00	2.50000e+02
6.27000e-03	1.06981e+00	2.50000e+02
8.58000e-03	9.53112e-01	2.50000e+02
1.08900e-02	8.72020e-01	2.50000e+02
8.60000e-04	1.86585e+00	1.20000e+02
2.06400e-03	1.41493e+00	1.20000e+02
3.26800e-03	1.21885e+00	1.20000e+02
4.47200e-03	1.09921e+00	1.20000e+02
5.67600e-03	1.01540e+00	1.20000e+02
2.50000e-03	1.48815e+00	2.50000e+02
6.00000e-03	1.08716e+00	2.50000e+02
9.50000e-03	9.17701e-01	2.50000e+02
1.30000e-02	8.15669e-01	2.50000e+02
1.65000e-02	7.44550e-01	2.50000e+02
9.40000e-04	1.81498e+00	1.20000e+02
2.25600e-03	1.37494e+00	1.20000e+02
3.57200e-03	1.18380e+00	1.20000e+02
4.88800e-03	1.06725e+00	1.20000e+02
6.20400e-03	9.85618e-01	1.20000e+02
2.50000e-03	1.48815e+00	2.50000e+02
6.00000e-03	1.08716e+00	2.50000e+02
9.50000e-03	9.17701e-01	2.50000e+02
1.30000e-02	8.15669e-01	2.50000e+02
1.65000e-02	7.44550e-01	2.50000e+02
1.00000e-03	1.78030e+00	1.20000e+02
2.40000e-03	1.34772e+00	1.20000e+02
3.80000e-03	1.15995e+00	1.20000e+02
5.20000e-03	1.04550e+00	1.20000e+02
6.60000e-03	9.65365e-01	1.20000e+02
4.00000e-03	1.25909e+00	2.50000e+02
9.60000e-03	9.14126e-01	2.50000e+02
1.52000e-02	7.68452e-01	2.50000e+02
2.08000e-02	6.80062e-01	2.50000e+02
2.64000e-02	6.17620e-01	2.50000e+02
1.06000e-03	1.74816e+00	1.20000e+02
2.54400e-03	1.32251e+00	1.20000e+02
4.02800e-03	1.13788e+00	1.20000e+02
5.51200e-03	1.02539e+00	1.20000e+02
6.99600e-03	9.46633e-01	1.20000e+02
1.06000e-03	1.74816e+00	1.20000e+02
2.54400e-03	1.32251e+00	1.20000e+02
4.02800e-03	1.13788e+00	1.20000e+02
5.51200e-03	1.02539e+00	1.20000e+02
6.99600e-03	9.46633e-01	1.20000e+02
1.35000e-03	1.62010e+00	1.20000e+02
3.24000e-03	1.22229e+00	1.20000e+02
5.13000e-03	1.05023e+00	1.20000e+02
7.02000e-03	9.45542e-01	1.20000e+02
8.91000e-03	8.72291e-01	1.20000e+02
1.60000e-03	1.53508e+00	1.20000e+02
3.84000e-03	1.15596e+00	1.20000e+02
6.08000e-03	9.92308e-01	1.20000e+02
8.32000e-03	8.92809e-01	1.20000e+02
1.05600e-02	8.23180e-01	1.20000e+02
1.60000e-03	1.53508e+00	1.20000e+02
3.84000e-03	1.15596e+00	1.20000e+02
6.08000e-03	9.92308e-01	1.20000e+02
8.32000e-03	8.92809e-01	1.20000e+02
1.05600e-02	8.23180e-01	1.20000e+02
2.50000e-03	1.33001e+00	1.20000e+02
6.00000e-03	9.96719e-01	1.20000e+02
9.50000e-03	8.53466e-01	1.20000e+02
1.30000e-02	7.66328e-01	1.20000e+02
1.65000e-02	7.05098e-01	1.20000e+02
4.00000e-03	1.14050e+00	1.20000e+02
9.60000e-03	8.50425e-01	1.20000e+02
1.52000e-02	7.25728e-01	1.20000e+02
2.08000e-02	6.49138e-01	1.20000e+02
2.64000e-02	5.94452e-01	1.20000e+02
1.95000e-03	1.66611e+00	3.00000e+02
4.68000e-03	1.21362e+00	3.00000e+02
7.41000e-03	1.02275e+00	3.00000e+02
1.01400e-02	9.08155e-01	3.00000e+02
1.28700e-02	8.28624e-01	3.00000e+02
2.50000e-03	1.52465e+00	3.00000e+02
6.00000e-03	1.10684e+00	3.00000e+02
9.50000e-03	9.31007e-01	3.00000e+02
1.30000e-02	8.25404e-01	3.00000e+02
1.65000e-02	7.51942e-01	3.00000e+02
2.50000e-03	1.52465e+00	3.00000e+02
6.00000e-03	1.10684e+00	3.00000e+02
9.50000e-03	9.31007e-01	3.00000e+02
1.30000e-02	8.25404e-01	3.00000e+02
1.65000e-02	7.51942e-01	3.00000e+02
4.00000e-03	1.28571e+00	3.00000e+02
9.60000e-03	9.27303e-01	3.00000e+02
1.52000e-02	7.76616e-01	3.00000e+02
2.08000e-02	6.85454e-01	3.00000e+02
2.64000e-02	6.21218e-01	3.00000e+02
4.00000e-03	1.28571e+00	3.00000e+02
9.60000e-03	9.27303e-01	3.00000e+02
1.52000e-02	7.76616e-01	3.00000e+02
2.08000e-02	6.85454e-01	3.00000e+02
2.64000e-02	6.21218e-01	3.00000e+02
2.65000e-03	1.54583e+00	4.00000e+02
6.36000e-03	1.11028e+00	4.00000e+02
1.00700e-02	9.28258e-01	4.00000e+02
1.37800e-02	8.19340e-01	4.00000e+02
1.74900e-02	7.43742e-01	4.00000e+02
4.00000e-03	1.32513e+00	4.00000e+02
9.60000e-03	9.45890e-01	4.00000e+02
1.52000e-02	7.87541e-01	4.00000e+02
2.08000e-02	6.92185e-01	4.00000e+02
2.64000e-02	6.25259e-01	4.00000e+02
4.00000e-03	1.32513e+00	4.00000e+02
9.60000e-03	9.45890e-01	4.00000e+02
1.52000e-02	7.87541e-01	4.00000e+02
2.08000e-02	6.92185e-01	4.00000e+02
2.64000e-02	6.25259e-01	4.00000e+02
3.30000e-03	1.45737e+00	5.00000e+02
7.92000e-03	1.03526e+00	5.00000e+02
1.25400e-02	8.59967e-01	5.00000e+02
1.71600e-02	7.55179e-01	5.00000e+02
2.17800e-02	6.82305e-01	5.00000e+02
4.00000e-03	1.35346e+00	5.00000e+02
9.60000e-03	9.58463e-01	5.00000e+02
1.52000e-02	7.94411e-01	5.00000e+02
2.08000e-02	6.95970e-01	5.00000e+02
2.64000e-02	6.27087e-01	5.00000e+02
4.00000e-03	1.35346e+00	5.00000e+02
9.60000e-03	9.58463e-01	5.00000e+02
1.52000e-02	7.94411e-01	5.00000e+02
2.08000e-02	6.95970e-01	5.00000e+02
2.64000e-02	6.27087e-01	5.00000e+02
4.25000e-03	1.35131e+00	6.50000e+02
1.02000e-02	9.47132e-01	6.50000e+02
1.61500e-02	7.80258e-01	6.50000e+02
2.21000e-02	6.80376e-01	6.50000e+02
2.80500e-02	6.10566e-01	6.50000e+02
4.25000e-03	1.35131e+00	6.50000e+02
1.02000e-02	9.47132e-01	6.50000e+02
1.61500e-02	7.80258e-01	6.50000e+02
2.21000e-02	6.80376e-01	6.50000e+02
2.80500e-02	6.10566e-01	6.50000e+02
