3.10500e-07	7.65424e-02	4.50000e-02
7.45200e-07	7.23179e-02	4.50000e-02
1.17990e-06	7.01443e-02	4.50000e-02
1.61460e-06	6.86749e-02	4.50000e-02
2.04930e-06	6.75649e-02	4.50000e-02
3.31000e-05	3.05404e-01	3.50000e-01
7.94400e-05	2.78345e-01	3.50000e-01
1.25780e-04	2.64431e-01	3.50000e-01
1.72120e-04	2.55038e-01	3.50000e-01
2.18460e-04	2.47952e-01	3.50000e-01
4.48500e-07	1.06017e-01	6.50000e-02
1.07640e-06	9.99535e-02	6.50000e-02
1.70430e-06	9.68343e-02	6.50000e-02
2.33220e-06	9.47262e-02	6.50000e-02
2.96010e-06	9.31340e-02	6.50000e-02
6.50000e-05	2.84480e-01	3.50000e-01
1.56000e-04	2.57974e-01	3.50000e-01
2.47000e-04	2.44320e-01	3.50000e-01
3.38000e-04	2.35092e-01	3.50000e-01
4.29000e-04	2.28124e-01	3.50000e-01
5.10000e-07	1.05116e-01	6.50000e-02
1.22400e-06	9.90773e-02	6.50000e-02
1.93800e-06	9.59687e-02	6.50000e-02
2.65200e-06	9.38670e-02	6.50000e-02
3.36600e-06	9.22791e-02	6.50000e-02
1.10000e-04	2.68470e-01	3.50000e-01
2.64000e-04	2.42356e-01	3.50000e-01
4.18000e-04	2.28881e-01	3.50000e-01
5.72000e-04	2.19764e-01	3.50000e-01
7.26000e-04	2.12872e-01	3.50000e-01
5.85000e-07	1.33462e-01	8.50000e-02
1.40400e-06	1.25582e-01	8.50000e-02
2.22300e-06	1.21530e-01	8.50000e-02
3.04200e-06	1.18792e-01	8.50000e-02
3.86100e-06	1.16725e-01	8.50000e-02
2.50000e-04	2.43963e-01	3.50000e-01
6.00000e-04	2.18380e-01	3.50000e-01
9.50000e-04	2.05134e-01	3.50000e-01
1.30000e-03	1.96147e-01	3.50000e-01
1.65000e-03	1.89335e-01	3.50000e-01
6.70000e-07	1.32226e-01	8.50000e-02
1.60800e-06	1.24380e-01	8.50000e-02
2.54600e-06	1.20343e-01	8.50000e-02
3.48400e-06	1.17614e-01	8.50000e-02
4.42200e-06	1.15553e-01	8.50000e-02
1.25500e-03	1.97155e-01	3.50000e-01
3.01200e-03	1.72150e-01	3.50000e-01
4.76900e-03	1.58956e-01	3.50000e-01
6.52600e-03	1.49865e-01	3.50000e-01
8.28300e-03	1.42885e-01	3.50000e-01
7.80000e-07	1.30847e-01	8.50000e-02
1.87200e-06	1.23039e-01	8.50000e-02
2.96400e-06	1.19018e-01	8.50000e-02
4.05600e-06	1.16299e-01	8.50000e-02
5.14800e-06	1.14244e-01	8.50000e-02
4.41500e-06	4.09281e-01	4.00000e-01
1.05960e-05	3.76420e-01	4.00000e-01
1.67770e-05	3.59647e-01	4.00000e-01
2.29580e-05	3.48371e-01	4.00000e-01
2.91390e-05	3.39890e-01	4.00000e-01
7.55000e-07	1.65380e-01	1.10000e-01
1.81200e-06	1.55261e-01	1.10000e-01
2.86900e-06	1.50061e-01	1.10000e-01
3.92600e-06	1.46550e-01	1.10000e-01
4.98300e-06	1.43898e-01	1.10000e-01
5.50000e-06	4.00915e-01	4.00000e-01
1.32000e-05	3.68361e-01	4.00000e-01
2.09000e-05	3.51733e-01	4.00000e-01
2.86000e-05	3.40551e-01	4.00000e-01
3.63000e-05	3.32139e-01	4.00000e-01
8.65000e-07	1.63787e-01	1.10000e-01
2.07600e-06	1.53715e-01	1.10000e-01
3.28700e-06	1.48535e-01	1.10000e-01
4.49800e-06	1.45035e-01	1.10000e-01
5.70900e-06	1.42392e-01	1.10000e-01
6.65000e-06	3.93751e-01	4.00000e-01
1.59600e-05	3.61455e-01	4.00000e-01
2.52700e-05	3.44949e-01	4.00000e-01
3.45800e-05	3.33846e-01	4.00000e-01
4.38900e-05	3.25491e-01	4.00000e-01
1.01000e-06	1.61983e-01	1.10000e-01
2.42400e-06	1.51961e-01	1.10000e-01
3.83800e-06	1.46802e-01	1.10000e-01
5.25200e-06	1.43316e-01	1.10000e-01
6.66600e-06	1.40682e-01	1.10000e-01
8.50000e-06	3.84578e-01	4.00000e-01
2.04000e-05	3.52602e-01	4.00000e-01
3.23000e-05	3.36249e-01	4.00000e-01
4.42000e-05	3.25245e-01	4.00000e-01
5.61000e-05	3.16964e-01	4.00000e-01
1.21500e-06	1.59844e-01	1.10000e-01
2.91600e-06	1.49879e-01	1.10000e-01
4.61700e-06	1.44745e-01	1.10000e-01
6.31800e-06	1.41273e-01	1.10000e-01
8.01900e-06	1.38650e-01	1.10000e-01
1.10000e-05	3.75043e-01	4.00000e-01
2.64000e-05	3.43392e-01	4.00000e-01
4.18000e-05	3.27195e-01	4.00000e-01
5.72000e-05	3.16292e-01	4.00000e-01
7.26000e-05	3.08085e-01	4.00000e-01
1.03500e-06	2.11814e-01	1.50000e-01
2.48400e-06	1.98194e-01	1.50000e-01
3.93300e-06	1.91201e-01	1.50000e-01
5.38200e-06	1.86482e-01	1.50000e-01
6.83100e-06	1.82921e-01	1.50000e-01
1.84000e-05	3.56313e-01	4.00000e-01
4.41600e-05	3.25277e-01	4.00000e-01
6.99200e-05	3.09375e-01	4.00000e-01
9.56800e-05	2.98665e-01	4.00000e-01
1.21440e-04	2.90599e-01	4.00000e-01
1.18000e-06	2.09746e-01	1.50000e-01
2.83200e-06	1.96189e-01	1.50000e-01
4.48400e-06	1.89224e-01	1.50000e-01
6.13600e-06	1.84521e-01	1.50000e-01
7.78800e-06	1.80972e-01	1.50000e-01
4.41500e-05	3.25285e-01	4.00000e-01
1.05960e-04	2.95204e-01	4.00000e-01
1.67770e-04	2.79764e-01	4.00000e-01
2.29580e-04	2.69353e-01	4.00000e-01
2.91390e-04	2.61505e-01	4.00000e-01
1.38000e-06	2.07291e-01	1.50000e-01
3.31200e-06	1.93805e-01	1.50000e-01
5.24400e-06	1.86871e-01	1.50000e-01
7.17600e-06	1.82188e-01	1.50000e-01
9.10800e-06	1.78653e-01	1.50000e-01
8.80000e-05	3.01511e-01	4.00000e-01
2.11200e-04	2.72113e-01	4.00000e-01
3.34400e-04	2.56997e-01	4.00000e-01
4.57600e-04	2.46792e-01	4.00000e-01
5.80800e-04	2.39091e-01	4.00000e-01
1.65500e-06	2.04459e-01	1.50000e-01
3.97200e-06	1.91052e-01	1.50000e-01
6.28900e-06	1.84154e-01	1.50000e-01
8.60600e-06	1.79492e-01	1.50000e-01
1.09230e-05	1.75971e-01	1.50000e-01
1.47000e-04	2.84182e-01	4.00000e-01
3.52800e-04	2.55248e-01	4.00000e-01
5.58600e-04	2.40347e-01	4.00000e-01
7.64400e-04	2.30275e-01	4.00000e-01
9.70200e-04	2.22666e-01	4.00000e-01
2.07000e-06	2.00996e-01	1.50000e-01
4.96800e-06	1.87683e-01	1.50000e-01
7.86600e-06	1.80824e-01	1.50000e-01
1.07640e-05	1.76187e-01	1.50000e-01
1.36620e-05	1.72684e-01	1.50000e-01
3.15500e-04	2.58900e-01	4.00000e-01
7.57200e-04	2.30577e-01	4.00000e-01
1.19890e-03	2.15940e-01	4.00000e-01
1.64060e-03	2.06015e-01	4.00000e-01
2.08230e-03	1.98494e-01	4.00000e-01
2.51000e-06	1.98034e-01	1.50000e-01
6.02400e-06	1.84796e-01	1.50000e-01
9.53800e-06	1.77971e-01	1.50000e-01
1.30520e-05	1.73354e-01	1.50000e-01
1.65660e-05	1.69865e-01	1.50000e-01
3.66000e-06	4.89190e-01	5.00000e-01
8.78400e-06	4.48622e-01	5.00000e-01
1.39080e-05	4.28000e-01	5.00000e-01
1.90320e-05	4.14172e-01	5.00000e-01
2.41560e-05	4.03789e-01	5.00000e-01
1.57500e-06	2.61039e-01	2.00000e-01
3.78000e-06	2.43255e-01	2.00000e-01
5.98500e-06	2.34132e-01	2.00000e-01
8.19000e-06	2.27979e-01	2.00000e-01
1.03950e-05	2.23338e-01	2.00000e-01
4.30000e-06	4.81589e-01	5.00000e-01
1.03200e-05	4.41340e-01	5.00000e-01
1.63400e-05	4.20871e-01	5.00000e-01
2.23600e-05	4.07141e-01	5.00000e-01
2.83800e-05	3.96832e-01	5.00000e-01
1.84000e-06	2.57837e-01	2.00000e-01
4.41600e-06	2.40153e-01	2.00000e-01
6.99200e-06	2.31074e-01	2.00000e-01
9.56800e-06	2.24949e-01	2.00000e-01
1.21440e-05	2.20328e-01	2.00000e-01
7.90000e-06	4.53445e-01	5.00000e-01
1.89600e-05	4.14338e-01	5.00000e-01
3.00200e-05	3.94418e-01	5.00000e-01
4.10800e-05	3.81046e-01	5.00000e-01
5.21400e-05	3.70999e-01	5.00000e-01
2.20500e-06	2.54136e-01	2.00000e-01
5.29200e-06	2.36562e-01	2.00000e-01
8.37900e-06	2.27533e-01	2.00000e-01
1.14660e-05	2.21439e-01	2.00000e-01
1.45530e-05	2.16840e-01	2.00000e-01
1.06000e-05	4.40135e-01	5.00000e-01
2.54400e-05	4.01548e-01	5.00000e-01
4.02800e-05	3.81879e-01	5.00000e-01
5.51200e-05	3.68672e-01	5.00000e-01
6.99600e-05	3.58747e-01	5.00000e-01
2.76000e-06	2.49579e-01	2.00000e-01
6.62400e-06	2.32136e-01	2.00000e-01
1.04880e-05	2.23166e-01	2.00000e-01
1.43520e-05	2.17107e-01	2.00000e-01
1.82160e-05	2.12534e-01	2.00000e-01
1.38000e-05	4.28346e-01	5.00000e-01
3.31200e-05	3.90209e-01	5.00000e-01
5.24400e-05	3.70759e-01	5.00000e-01
7.17600e-05	3.57695e-01	5.00000e-01
9.10800e-05	3.47877e-01	5.00000e-01
3.34500e-06	2.45705e-01	2.00000e-01
8.02800e-06	2.28369e-01	2.00000e-01
1.27110e-05	2.19447e-01	2.00000e-01
1.73940e-05	2.13418e-01	2.00000e-01
2.20770e-05	2.08866e-01	2.00000e-01
1.99000e-05	4.12221e-01	5.00000e-01
4.77600e-05	3.74685e-01	5.00000e-01
7.56200e-05	3.55530e-01	5.00000e-01
1.03480e-04	3.42659e-01	5.00000e-01
1.31340e-04	3.32984e-01	5.00000e-01
4.24500e-06	2.40939e-01	2.00000e-01
1.01880e-05	2.23729e-01	2.00000e-01
1.61310e-05	2.14863e-01	2.00000e-01
2.20740e-05	2.08869e-01	2.00000e-01
2.80170e-05	2.04341e-01	2.00000e-01
5.00000e-05	3.72758e-01	5.00000e-01
1.20000e-04	3.36638e-01	5.00000e-01
1.90000e-04	3.18176e-01	5.00000e-01
2.60000e-04	3.05759e-01	5.00000e-01
3.30000e-04	2.96417e-01	5.00000e-01
5.50000e-06	2.35800e-01	2.00000e-01
1.32000e-05	2.18719e-01	2.00000e-01
2.09000e-05	2.09910e-01	2.00000e-01
2.86000e-05	2.03951e-01	2.00000e-01
3.63000e-05	1.99449e-01	2.00000e-01
1.25500e-04	3.34823e-01	5.00000e-01
3.01200e-04	2.99986e-01	5.00000e-01
4.76900e-04	2.82143e-01	5.00000e-01
6.52600e-04	2.70124e-01	5.00000e-01
8.28300e-04	2.61068e-01	5.00000e-01
1.99000e-05	2.10845e-01	2.00000e-01
4.77600e-05	1.94295e-01	2.00000e-01
7.56200e-05	1.85722e-01	2.00000e-01
1.03480e-04	1.79908e-01	2.00000e-01
1.31340e-04	1.75508e-01	2.00000e-01
1.84000e-04	3.19455e-01	5.00000e-01
4.41600e-04	2.85109e-01	5.00000e-01
6.99200e-04	2.67497e-01	5.00000e-01
9.56800e-04	2.55622e-01	5.00000e-01
1.21440e-03	2.46667e-01	5.00000e-01
1.25500e-04	1.76346e-01	2.00000e-01
3.01200e-04	1.60289e-01	2.00000e-01
4.76900e-04	1.51911e-01	2.00000e-01
6.52600e-04	1.46202e-01	2.00000e-01
8.28300e-04	1.41864e-01	2.00000e-01
4.00000e-04	2.88937e-01	5.00000e-01
9.60000e-04	2.55496e-01	5.00000e-01
1.52000e-03	2.38284e-01	5.00000e-01
2.08000e-03	2.26636e-01	5.00000e-01
2.64000e-03	2.17817e-01	5.00000e-01
1.97000e-06	3.07003e-01	2.50000e-01
4.72800e-06	2.85133e-01	2.50000e-01
7.48600e-06	2.73931e-01	2.50000e-01
1.02440e-05	2.66383e-01	2.50000e-01
1.30020e-05	2.60695e-01	2.50000e-01
1.60000e-03	2.36375e-01	5.00000e-01
3.84000e-03	2.03979e-01	5.00000e-01
6.08000e-03	1.86952e-01	5.00000e-01
8.32000e-03	1.75225e-01	5.00000e-01
1.05600e-02	1.66218e-01	5.00000e-01
2.30000e-06	3.03079e-01	2.50000e-01
5.52000e-06	2.81337e-01	2.50000e-01
8.74000e-06	2.70194e-01	2.50000e-01
1.19600e-05	2.62683e-01	2.50000e-01
1.51800e-05	2.57021e-01	2.50000e-01
4.76000e-06	5.71355e-01	6.50000e-01
1.14240e-05	5.20886e-01	6.50000e-01
1.80880e-05	4.95334e-01	6.50000e-01
2.47520e-05	4.78241e-01	6.50000e-01
3.14160e-05	4.65432e-01	6.50000e-01
2.76000e-06	2.98491e-01	2.50000e-01
6.62400e-06	2.76896e-01	2.50000e-01
1.04880e-05	2.65819e-01	2.50000e-01
1.43520e-05	2.58350e-01	2.50000e-01
1.82160e-05	2.52718e-01	2.50000e-01
5.60000e-06	5.61800e-01	6.50000e-01
1.34400e-05	5.11779e-01	6.50000e-01
2.12800e-05	4.86443e-01	6.50000e-01
2.91200e-05	4.69492e-01	6.50000e-01
3.69600e-05	4.56787e-01	6.50000e-01
3.45000e-06	2.92921e-01	2.50000e-01
8.28000e-06	2.71496e-01	2.50000e-01
1.31100e-05	2.60498e-01	2.50000e-01
1.79400e-05	2.53078e-01	2.50000e-01
2.27700e-05	2.47482e-01	2.50000e-01
7.90000e-06	5.41854e-01	6.50000e-01
1.89600e-05	4.92751e-01	6.50000e-01
3.00200e-05	4.67862e-01	6.50000e-01
4.10800e-05	4.51204e-01	6.50000e-01
5.21400e-05	4.38716e-01	6.50000e-01
4.18000e-06	2.88167e-01	2.50000e-01
1.00320e-05	2.66883e-01	2.50000e-01
1.58840e-05	2.55949e-01	2.50000e-01
2.17360e-05	2.48570e-01	2.50000e-01
2.75880e-05	2.43003e-01	2.50000e-01
8.20000e-06	5.39716e-01	6.50000e-01
1.96800e-05	4.90710e-01	6.50000e-01
3.11600e-05	4.65869e-01	6.50000e-01
4.26400e-05	4.49242e-01	6.50000e-01
5.41200e-05	4.36777e-01	6.50000e-01
5.30000e-06	2.82332e-01	2.50000e-01
1.27200e-05	2.61216e-01	2.50000e-01
2.01400e-05	2.50358e-01	2.50000e-01
2.75600e-05	2.43027e-01	2.50000e-01
3.49800e-05	2.37494e-01	2.50000e-01
1.99000e-05	4.90102e-01	6.50000e-01
4.77600e-05	4.43295e-01	6.50000e-01
7.56200e-05	4.19534e-01	6.50000e-01
1.03480e-04	4.03620e-01	6.50000e-01
1.31340e-04	3.91684e-01	6.50000e-01
6.90000e-06	2.75905e-01	2.50000e-01
1.65600e-05	2.54965e-01	2.50000e-01
2.62200e-05	2.44188e-01	2.50000e-01
3.58800e-05	2.36907e-01	2.50000e-01
4.55400e-05	2.31411e-01	2.50000e-01
2.99000e-05	4.68076e-01	6.50000e-01
7.17600e-05	4.22216e-01	6.50000e-01
1.13620e-04	3.98923e-01	6.50000e-01
1.55480e-04	3.83319e-01	6.50000e-01
1.97340e-04	3.71613e-01	6.50000e-01
1.15000e-05	2.63618e-01	2.50000e-01
2.76000e-05	2.42993e-01	2.50000e-01
4.37000e-05	2.32359e-01	2.50000e-01
5.98000e-05	2.25170e-01	2.50000e-01
7.59000e-05	2.19740e-01	2.50000e-01
5.00000e-05	4.40901e-01	6.50000e-01
1.20000e-04	3.96189e-01	6.50000e-01
1.90000e-04	3.73466e-01	6.50000e-01
2.60000e-04	3.58236e-01	6.50000e-01
3.30000e-04	3.46806e-01	6.50000e-01
1.99000e-05	2.50640e-01	2.50000e-01
4.77600e-05	2.30318e-01	2.50000e-01
7.56200e-05	2.19823e-01	2.50000e-01
1.03480e-04	2.12722e-01	2.50000e-01
1.31340e-04	2.07354e-01	2.50000e-01
1.25500e-04	3.93951e-01	6.50000e-01
3.01200e-04	3.51169e-01	6.50000e-01
4.76900e-04	3.29393e-01	6.50000e-01
6.52600e-04	3.14780e-01	6.50000e-01
8.28300e-04	3.03801e-01	6.50000e-01
5.50000e-05	2.27083e-01	2.50000e-01
1.32000e-04	2.07241e-01	2.50000e-01
2.09000e-04	1.96963e-01	2.50000e-01
2.86000e-04	1.89993e-01	2.50000e-01
3.63000e-04	1.84717e-01	2.50000e-01
2.39000e-04	3.62303e-01	6.50000e-01
5.73600e-04	3.20768e-01	6.50000e-01
9.08200e-04	2.99588e-01	6.50000e-01
1.24280e-03	2.85352e-01	6.50000e-01
1.57740e-03	2.74638e-01	6.50000e-01
1.25500e-04	2.08376e-01	2.50000e-01
3.01200e-04	1.88846e-01	2.50000e-01
4.76900e-04	1.78696e-01	2.50000e-01
6.52600e-04	1.71798e-01	2.50000e-01
8.28300e-04	1.66566e-01	2.50000e-01
4.00000e-04	3.37673e-01	6.50000e-01
9.60000e-04	2.97058e-01	6.50000e-01
1.52000e-03	2.76299e-01	6.50000e-01
2.08000e-03	2.62309e-01	6.50000e-01
2.64000e-03	2.51753e-01	6.50000e-01
1.97000e-04	1.98281e-01	2.50000e-01
4.72800e-04	1.78887e-01	2.50000e-01
7.48600e-04	1.68786e-01	2.50000e-01
1.02440e-03	1.61909e-01	2.50000e-01
1.30020e-03	1.56684e-01	2.50000e-01
1.60000e-03	2.74002e-01	6.50000e-01
3.84000e-03	2.35247e-01	6.50000e-01
6.08000e-03	2.15029e-01	6.50000e-01
8.32000e-03	2.01153e-01	6.50000e-01
1.05600e-02	1.90516e-01	6.50000e-01
7.90000e-04	1.67605e-01	2.50000e-01
1.89600e-03	1.48408e-01	2.50000e-01
3.00200e-03	1.38277e-01	2.50000e-01
4.10800e-03	1.31307e-01	2.50000e-01
5.21400e-03	1.25967e-01	2.50000e-01
6.20000e-06	6.62650e-01	8.50000e-01
1.48800e-05	6.00179e-01	8.50000e-01
2.35600e-05	5.68700e-01	8.50000e-01
3.22400e-05	5.47705e-01	8.50000e-01
4.09200e-05	5.32004e-01	8.50000e-01
2.56000e-06	3.89544e-01	3.50000e-01
6.14400e-06	3.59801e-01	3.50000e-01
9.72800e-06	3.44617e-01	3.50000e-01
1.33120e-05	3.34407e-01	3.50000e-01
1.68960e-05	3.26725e-01	3.50000e-01
6.90000e-06	6.54833e-01	8.50000e-01
1.65600e-05	5.92773e-01	8.50000e-01
2.62200e-05	5.61496e-01	8.50000e-01
3.58800e-05	5.40633e-01	8.50000e-01
4.55400e-05	5.25031e-01	8.50000e-01
2.56000e-06	3.89544e-01	3.50000e-01
6.14400e-06	3.59801e-01	3.50000e-01
9.72800e-06	3.44617e-01	3.50000e-01
1.33120e-05	3.34407e-01	3.50000e-01
1.68960e-05	3.26725e-01	3.50000e-01
1.00000e-05	6.28120e-01	8.50000e-01
2.40000e-05	5.67451e-01	8.50000e-01
3.80000e-05	5.36856e-01	8.50000e-01
5.20000e-05	5.16444e-01	8.50000e-01
6.60000e-05	5.01176e-01	8.50000e-01
3.05000e-06	3.83503e-01	3.50000e-01
7.32000e-06	3.53981e-01	3.50000e-01
1.15900e-05	3.38901e-01	3.50000e-01
1.58600e-05	3.28758e-01	3.50000e-01
2.01300e-05	3.21124e-01	3.50000e-01
1.00000e-05	6.28120e-01	8.50000e-01
2.40000e-05	5.67451e-01	8.50000e-01
3.80000e-05	5.36856e-01	8.50000e-01
5.20000e-05	5.16444e-01	8.50000e-01
6.60000e-05	5.01176e-01	8.50000e-01
3.31000e-06	3.80697e-01	3.50000e-01
7.94400e-06	3.51277e-01	3.50000e-01
1.25780e-05	3.36244e-01	3.50000e-01
1.72120e-05	3.26131e-01	3.50000e-01
2.18460e-05	3.18520e-01	3.50000e-01
1.99000e-05	5.80165e-01	8.50000e-01
4.77600e-05	5.21942e-01	8.50000e-01
7.56200e-05	4.92557e-01	8.50000e-01
1.03480e-04	4.72946e-01	8.50000e-01
1.31340e-04	4.58275e-01	8.50000e-01
4.14000e-06	3.73074e-01	3.50000e-01
9.93600e-06	3.43924e-01	3.50000e-01
1.57320e-05	3.29018e-01	3.50000e-01
2.15280e-05	3.18986e-01	3.50000e-01
2.73240e-05	3.11434e-01	3.50000e-01
2.50000e-05	5.64699e-01	8.50000e-01
6.00000e-05	5.07254e-01	8.50000e-01
9.50000e-05	4.78257e-01	8.50000e-01
1.30000e-04	4.58902e-01	8.50000e-01
1.65000e-04	4.44422e-01	8.50000e-01
5.00000e-06	3.66701e-01	3.50000e-01
1.20000e-05	3.37771e-01	3.50000e-01
1.90000e-05	3.22968e-01	3.50000e-01
2.60000e-05	3.13002e-01	3.50000e-01
3.30000e-05	3.05499e-01	3.50000e-01
5.00000e-05	5.18976e-01	8.50000e-01
1.20000e-04	4.63808e-01	8.50000e-01
1.90000e-04	4.35945e-01	8.50000e-01
2.60000e-04	4.17341e-01	8.50000e-01
3.30000e-04	4.03417e-01	8.50000e-01
6.35000e-06	3.58702e-01	3.50000e-01
1.52400e-05	3.30041e-01	3.50000e-01
2.41300e-05	3.15364e-01	3.50000e-01
3.30200e-05	3.05480e-01	3.50000e-01
4.19100e-05	2.98035e-01	3.50000e-01
1.25500e-04	4.61058e-01	8.50000e-01
3.01200e-04	4.08728e-01	8.50000e-01
4.76900e-04	3.82269e-01	8.50000e-01
6.52600e-04	3.64584e-01	8.50000e-01
8.28300e-04	3.51337e-01	8.50000e-01
8.25000e-06	3.50031e-01	3.50000e-01
1.98000e-05	3.21652e-01	3.50000e-01
3.13500e-05	3.07108e-01	3.50000e-01
4.29000e-05	2.97309e-01	3.50000e-01
5.44500e-05	2.89927e-01	3.50000e-01
4.00000e-04	3.92315e-01	8.50000e-01
9.60000e-04	3.43219e-01	8.50000e-01
1.52000e-03	3.18308e-01	8.50000e-01
2.08000e-03	3.01597e-01	8.50000e-01
2.64000e-03	2.89028e-01	8.50000e-01
1.60000e-05	3.28475e-01	3.50000e-01
3.84000e-05	3.00759e-01	3.50000e-01
6.08000e-05	2.86531e-01	3.50000e-01
8.32000e-05	2.76936e-01	3.50000e-01
1.05600e-04	2.69704e-01	3.50000e-01
1.60000e-03	3.15560e-01	8.50000e-01
3.84000e-03	2.69451e-01	8.50000e-01
6.08000e-03	2.45594e-01	8.50000e-01
8.32000e-03	2.29290e-01	8.50000e-01
1.05600e-02	2.16821e-01	8.50000e-01
8.80000e-06	7.87804e-01	1.20000e+00
2.11200e-05	7.07051e-01	1.20000e+00
3.34400e-05	6.66647e-01	1.20000e+00
4.57600e-05	6.39815e-01	1.20000e+00
5.80800e-05	6.19814e-01	1.20000e+00
4.00000e-05	9.94496e-01	2.70000e+00
9.60000e-05	8.67794e-01	2.70000e+00
1.52000e-04	8.05657e-01	2.70000e+00
2.08000e-04	7.64881e-01	2.70000e+00
2.64000e-04	7.34745e-01	2.70000e+00
1.00000e-05	7.75692e-01	1.20000e+00
2.40000e-05	6.95679e-01	1.20000e+00
3.80000e-05	6.55640e-01	1.20000e+00
5.20000e-05	6.29049e-01	1.20000e+00
6.60000e-05	6.09227e-01	1.20000e+00
4.00000e-05	9.94496e-01	2.70000e+00
9.60000e-05	8.67794e-01	2.70000e+00
1.52000e-04	8.05657e-01	2.70000e+00
2.08000e-04	7.64881e-01	2.70000e+00
2.64000e-04	7.34745e-01	2.70000e+00
1.00000e-05	7.75692e-01	1.20000e+00
2.40000e-05	6.95679e-01	1.20000e+00
3.80000e-05	6.55640e-01	1.20000e+00
5.20000e-05	6.29049e-01	1.20000e+00
6.60000e-05	6.09227e-01	1.20000e+00
6.50000e-05	9.22846e-01	2.70000e+00
1.56000e-04	8.02230e-01	2.70000e+00
2.47000e-04	7.43085e-01	2.70000e+00
3.38000e-04	7.04273e-01	2.70000e+00
4.29000e-04	6.75587e-01	2.70000e+00
1.60000e-05	7.32111e-01	1.20000e+00
3.84000e-05	6.54742e-01	1.20000e+00
6.08000e-05	6.16012e-01	1.20000e+00
8.32000e-05	5.90288e-01	1.20000e+00
1.05600e-04	5.71111e-01	1.20000e+00
1.00000e-04	8.62156e-01	2.70000e+00
2.40000e-04	7.46705e-01	2.70000e+00
3.80000e-04	6.90094e-01	2.70000e+00
5.20000e-04	6.52941e-01	2.70000e+00
6.60000e-04	6.25477e-01	2.70000e+00
1.60000e-05	7.32111e-01	1.20000e+00
3.84000e-05	6.54742e-01	1.20000e+00
6.08000e-05	6.16012e-01	1.20000e+00
8.32000e-05	5.90288e-01	1.20000e+00
1.05600e-04	5.71111e-01	1.20000e+00
1.60000e-04	7.98899e-01	2.70000e+00
3.84000e-04	6.88834e-01	2.70000e+00
6.08000e-04	6.34856e-01	2.70000e+00
8.32000e-04	5.99420e-01	2.70000e+00
1.05600e-03	5.73214e-01	2.70000e+00
3.15500e-05	6.71690e-01	1.20000e+00
7.57200e-05	5.97954e-01	1.20000e+00
1.19890e-04	5.61032e-01	1.20000e+00
1.64060e-04	5.36506e-01	1.20000e+00
2.08230e-04	5.18221e-01	1.20000e+00
2.50000e-04	7.41568e-01	2.70000e+00
6.00000e-04	6.36377e-01	2.70000e+00
9.50000e-04	5.84765e-01	2.70000e+00
1.30000e-03	5.50858e-01	2.70000e+00
1.65000e-03	5.25759e-01	2.70000e+00
4.00000e-05	6.51251e-01	1.20000e+00
9.60000e-05	5.78739e-01	1.20000e+00
1.52000e-04	5.42427e-01	1.20000e+00
2.08000e-04	5.18305e-01	1.20000e+00
2.64000e-04	5.00319e-01	1.20000e+00
4.00000e-04	6.83937e-01	2.70000e+00
9.60000e-04	5.83616e-01	2.70000e+00
1.52000e-03	5.34335e-01	2.70000e+00
2.08000e-03	5.01905e-01	2.70000e+00
2.64000e-03	4.77854e-01	2.70000e+00
6.50000e-05	6.10486e-01	1.20000e+00
1.56000e-04	5.40409e-01	1.20000e+00
2.47000e-04	5.05311e-01	1.20000e+00
3.38000e-04	4.81990e-01	1.20000e+00
4.29000e-04	4.64599e-01	1.20000e+00
6.50000e-04	6.27216e-01	2.70000e+00
1.56000e-03	5.31614e-01	2.70000e+00
2.47000e-03	4.84519e-01	2.70000e+00
3.38000e-03	4.53423e-01	2.70000e+00
4.29000e-03	4.30278e-01	2.70000e+00
7.90000e-05	5.94497e-01	1.20000e+00
1.89600e-04	5.25373e-01	1.20000e+00
3.00200e-04	4.90748e-01	1.20000e+00
4.10800e-04	4.67740e-01	1.20000e+00
5.21400e-04	4.50579e-01	1.20000e+00
1.00000e-03	5.79149e-01	2.70000e+00
2.40000e-03	4.87410e-01	2.70000e+00
3.80000e-03	4.42004e-01	2.70000e+00
5.20000e-03	4.11869e-01	2.70000e+00
6.60000e-03	3.89326e-01	2.70000e+00
1.99000e-04	5.21675e-01	1.20000e+00
4.77600e-04	4.56862e-01	1.20000e+00
7.56200e-04	4.24363e-01	1.20000e+00
1.03480e-03	4.02742e-01	1.20000e+00
1.31340e-03	3.86597e-01	1.20000e+00
2.50000e-03	4.83307e-01	2.70000e+00
6.00000e-03	3.98306e-01	2.70000e+00
9.50000e-03	3.55301e-01	2.70000e+00
1.30000e-02	3.26179e-01	2.70000e+00
1.65000e-02	3.03997e-01	2.70000e+00
6.50000e-04	4.34955e-01	1.20000e+00
1.56000e-03	3.75090e-01	1.20000e+00
2.47000e-03	3.44909e-01	1.20000e+00
3.38000e-03	3.24702e-01	1.20000e+00
4.29000e-03	3.09509e-01	1.20000e+00
2.50000e-03	3.44125e-01	1.20000e+00
6.00000e-03	2.88294e-01	1.20000e+00
9.50000e-03	2.59324e-01	1.20000e+00
1.30000e-02	2.39430e-01	1.20000e+00
1.65000e-02	2.24143e-01	1.20000e+00
2.03000e-05	1.25199e+00	3.50000e+00
4.87200e-05	1.09108e+00	3.50000e+00
7.71400e-05	1.01268e+00	3.50000e+00
1.05560e-04	9.61427e-01	3.50000e+00
1.33980e-04	9.23652e-01	3.50000e+00
9.25000e-06	8.92418e-01	1.50000e+00
2.22000e-05	7.96779e-01	1.50000e+00
3.51500e-05	7.49175e-01	1.50000e+00
4.81000e-05	7.17660e-01	1.50000e+00
6.10500e-05	6.94220e-01	1.50000e+00
2.16000e-05	1.24006e+00	3.50000e+00
5.18400e-05	1.08026e+00	3.50000e+00
8.20800e-05	1.00239e+00	3.50000e+00
1.12320e-04	9.51495e-01	3.50000e+00
1.42560e-04	9.13980e-01	3.50000e+00
1.10000e-05	8.72955e-01	1.50000e+00
2.64000e-05	7.78626e-01	1.50000e+00
4.18000e-05	7.31669e-01	1.50000e+00
5.72000e-05	7.00581e-01	1.50000e+00
7.26000e-05	6.77459e-01	1.50000e+00
2.30000e-05	1.22807e+00	3.50000e+00
5.52000e-05	1.06938e+00	3.50000e+00
8.74000e-05	9.92061e-01	3.50000e+00
1.19600e-04	9.41516e-01	3.50000e+00
1.51800e-04	9.04264e-01	3.50000e+00
1.60000e-05	8.31778e-01	1.50000e+00
3.84000e-05	7.40211e-01	1.50000e+00
6.08000e-05	6.94620e-01	1.50000e+00
8.32000e-05	6.64436e-01	1.50000e+00
1.05600e-04	6.41986e-01	1.50000e+00
2.56000e-05	1.20782e+00	3.50000e+00
6.14400e-05	1.05100e+00	3.50000e+00
9.72800e-05	9.74603e-01	3.50000e+00
1.33120e-04	9.24659e-01	3.50000e+00
1.68960e-04	8.87850e-01	3.50000e+00
1.60000e-05	8.31778e-01	1.50000e+00
3.84000e-05	7.40211e-01	1.50000e+00
6.08000e-05	6.94620e-01	1.50000e+00
8.32000e-05	6.64436e-01	1.50000e+00
1.05600e-04	6.41986e-01	1.50000e+00
2.65500e-05	1.20098e+00	3.50000e+00
6.37200e-05	1.04480e+00	3.50000e+00
1.00890e-04	9.68711e-01	3.50000e+00
1.38060e-04	9.18969e-01	3.50000e+00
1.75230e-04	8.82310e-01	3.50000e+00
2.50000e-05	7.84308e-01	1.50000e+00
6.00000e-05	6.95911e-01	1.50000e+00
9.50000e-05	6.51895e-01	1.50000e+00
1.30000e-04	6.22753e-01	1.50000e+00
1.65000e-04	6.01078e-01	1.50000e+00
2.86500e-05	1.18679e+00	3.50000e+00
6.87600e-05	1.03193e+00	3.50000e+00
1.08870e-04	9.56478e-01	3.50000e+00
1.48980e-04	9.07158e-01	3.50000e+00
1.89090e-04	8.70809e-01	3.50000e+00
4.00000e-05	7.36094e-01	1.50000e+00
9.60000e-05	6.50910e-01	1.50000e+00
1.52000e-04	6.08493e-01	1.50000e+00
2.08000e-04	5.80408e-01	1.50000e+00
2.64000e-04	5.59519e-01	1.50000e+00
4.00000e-05	1.12598e+00	3.50000e+00
9.60000e-05	9.76751e-01	3.50000e+00
1.52000e-04	9.04061e-01	3.50000e+00
2.08000e-04	8.56546e-01	3.50000e+00
2.64000e-04	8.21529e-01	3.50000e+00
6.50000e-05	6.88129e-01	1.50000e+00
1.56000e-04	6.06141e-01	1.50000e+00
2.47000e-04	5.65312e-01	1.50000e+00
3.38000e-04	5.38276e-01	1.50000e+00
4.29000e-04	5.18163e-01	1.50000e+00
4.00000e-05	1.12598e+00	3.50000e+00
9.60000e-05	9.76751e-01	3.50000e+00
1.52000e-04	9.04061e-01	3.50000e+00
2.08000e-04	8.56546e-01	3.50000e+00
2.64000e-04	8.21529e-01	3.50000e+00
1.00000e-04	6.47080e-01	1.50000e+00
2.40000e-04	5.67823e-01	1.50000e+00
3.80000e-04	5.28349e-01	1.50000e+00
5.20000e-04	5.02204e-01	1.50000e+00
6.60000e-04	4.82749e-01	1.50000e+00
6.50000e-05	1.04143e+00	3.50000e+00
1.56000e-04	9.00062e-01	3.50000e+00
2.47000e-04	8.31211e-01	3.50000e+00
3.38000e-04	7.86207e-01	3.50000e+00
4.29000e-04	7.53038e-01	3.50000e+00
1.60000e-04	6.03853e-01	1.50000e+00
3.84000e-04	5.27465e-01	1.50000e+00
6.08000e-04	4.89406e-01	1.50000e+00
8.32000e-04	4.64186e-01	1.50000e+00
1.05600e-03	4.45409e-01	1.50000e+00
1.00000e-04	9.70141e-01	3.50000e+00
2.40000e-04	8.35416e-01	3.50000e+00
3.80000e-04	7.69802e-01	3.50000e+00
5.20000e-04	7.26910e-01	3.50000e+00
6.60000e-04	6.95293e-01	3.50000e+00
2.50000e-04	5.64259e-01	1.50000e+00
6.00000e-04	4.90484e-01	1.50000e+00
9.50000e-04	4.53699e-01	1.50000e+00
1.30000e-03	4.29303e-01	1.50000e+00
1.65000e-03	4.11121e-01	1.50000e+00
1.60000e-04	8.96176e-01	3.50000e+00
3.84000e-04	7.68346e-01	3.50000e+00
6.08000e-04	7.06082e-01	3.50000e+00
8.32000e-04	6.65369e-01	3.50000e+00
1.05600e-03	6.35347e-01	3.50000e+00
4.00000e-04	5.24029e-01	1.50000e+00
9.60000e-04	4.52876e-01	1.50000e+00
1.52000e-03	4.17346e-01	1.50000e+00
2.08000e-03	3.93738e-01	1.50000e+00
2.64000e-03	3.76107e-01	1.50000e+00
2.50000e-04	8.29450e-01	3.50000e+00
6.00000e-04	7.07833e-01	3.50000e+00
9.50000e-04	6.48571e-01	3.50000e+00
1.30000e-03	6.09795e-01	3.50000e+00
1.65000e-03	5.81175e-01	3.50000e+00
5.00000e-04	5.05438e-01	1.50000e+00
1.20000e-03	4.35476e-01	1.50000e+00
1.90000e-03	4.00501e-01	1.50000e+00
2.60000e-03	3.77229e-01	1.50000e+00
3.30000e-03	3.59822e-01	1.50000e+00
4.00000e-04	7.62685e-01	3.50000e+00
9.60000e-04	6.47255e-01	3.50000e+00
1.52000e-03	5.90946e-01	3.50000e+00
2.08000e-03	5.54042e-01	3.50000e+00
2.64000e-03	5.26754e-01	3.50000e+00
1.60000e-03	4.13451e-01	1.50000e+00
3.84000e-03	3.48866e-01	1.50000e+00
6.08000e-03	3.16041e-01	1.50000e+00
8.32000e-03	2.93834e-01	1.50000e+00
1.05600e-02	2.76962e-01	1.50000e+00
6.50000e-04	6.97293e-01	3.50000e+00
1.56000e-03	5.87844e-01	3.50000e+00
2.47000e-03	5.34309e-01	3.50000e+00
3.38000e-03	4.99107e-01	3.50000e+00
4.29000e-03	4.72986e-01	3.50000e+00
6.50000e-04	4.83984e-01	1.50000e+00
1.56000e-03	4.15372e-01	1.50000e+00
2.47000e-03	3.81004e-01	1.50000e+00
3.38000e-03	3.58085e-01	1.50000e+00
4.29000e-03	3.40902e-01	1.50000e+00
1.00000e-03	6.42140e-01	3.50000e+00
2.40000e-03	5.37587e-01	3.50000e+00
3.80000e-03	4.86211e-01	3.50000e+00
5.20000e-03	4.52259e-01	3.50000e+00
6.60000e-03	4.26941e-01	3.50000e+00
1.23500e-05	1.00903e+00	2.00000e+00
2.96400e-05	8.93527e-01	2.00000e+00
4.69300e-05	8.36433e-01	2.00000e+00
6.42200e-05	7.98792e-01	2.00000e+00
8.15100e-05	7.70880e-01	2.00000e+00
4.00000e-03	4.80602e-01	3.50000e+00
9.60000e-03	3.87774e-01	3.50000e+00
1.52000e-02	3.40243e-01	3.50000e+00
2.08000e-02	3.07689e-01	3.50000e+00
2.64000e-02	2.82656e-01	3.50000e+00
1.46500e-05	9.85780e-01	2.00000e+00
3.51600e-05	8.72033e-01	2.00000e+00
5.56700e-05	8.15806e-01	2.00000e+00
7.61800e-05	7.78737e-01	2.00000e+00
9.66900e-05	7.51250e-01	2.00000e+00
2.61000e-05	1.35601e+00	4.50000e+00
6.26400e-05	1.17303e+00	4.50000e+00
9.91800e-05	1.08446e+00	4.50000e+00
1.35720e-04	1.02677e+00	4.50000e+00
1.72260e-04	9.84372e-01	4.50000e+00
1.63500e-05	9.71021e-01	2.00000e+00
3.92400e-05	8.58389e-01	2.00000e+00
6.21300e-05	8.02712e-01	2.00000e+00
8.50200e-05	7.66006e-01	2.00000e+00
1.07910e-04	7.38789e-01	2.00000e+00
2.96000e-05	1.32850e+00	4.50000e+00
7.10400e-05	1.14828e+00	4.50000e+00
1.12480e-04	1.06105e+00	4.50000e+00
1.53920e-04	1.00424e+00	4.50000e+00
1.95360e-04	9.62482e-01	4.50000e+00
2.50000e-05	9.15284e-01	2.00000e+00
6.00000e-05	8.06859e-01	2.00000e+00
9.50000e-05	7.53263e-01	2.00000e+00
1.30000e-04	7.17931e-01	2.00000e+00
1.65000e-04	6.91733e-01	2.00000e+00
3.09000e-05	1.31920e+00	4.50000e+00
7.41600e-05	1.13991e+00	4.50000e+00
1.17420e-04	1.05314e+00	4.50000e+00
1.60680e-04	9.96621e-01	4.50000e+00
2.03940e-04	9.55082e-01	4.50000e+00
2.50000e-05	9.15284e-01	2.00000e+00
6.00000e-05	8.06859e-01	2.00000e+00
9.50000e-05	7.53263e-01	2.00000e+00
1.30000e-04	7.17931e-01	2.00000e+00
1.65000e-04	6.91733e-01	2.00000e+00
3.41500e-05	1.29775e+00	4.50000e+00
8.19600e-05	1.12062e+00	4.50000e+00
1.29770e-04	1.03488e+00	4.50000e+00
1.77580e-04	9.79050e-01	4.50000e+00
2.25390e-04	9.38012e-01	4.50000e+00
4.00000e-05	8.56018e-01	2.00000e+00
9.60000e-05	7.52067e-01	2.00000e+00
1.52000e-04	7.00687e-01	2.00000e+00
2.08000e-04	6.66816e-01	2.00000e+00
2.64000e-04	6.41702e-01	2.00000e+00
3.66000e-05	1.28304e+00	4.50000e+00
8.78400e-05	1.10738e+00	4.50000e+00
1.39080e-04	1.02237e+00	4.50000e+00
1.90320e-04	9.67001e-01	4.50000e+00
2.41560e-04	9.26307e-01	4.50000e+00
6.50000e-05	7.97364e-01	2.00000e+00
1.56000e-04	6.97846e-01	2.00000e+00
2.47000e-04	6.48659e-01	2.00000e+00
3.38000e-04	6.16233e-01	2.00000e+00
4.29000e-04	5.92188e-01	2.00000e+00
4.09000e-05	1.25971e+00	4.50000e+00
9.81600e-05	1.08639e+00	4.50000e+00
1.55420e-04	1.00252e+00	4.50000e+00
2.12680e-04	9.47894e-01	4.50000e+00
2.69940e-04	9.07746e-01	4.50000e+00
1.00000e-04	7.47417e-01	2.00000e+00
2.40000e-04	6.51677e-01	2.00000e+00
3.80000e-04	6.04356e-01	2.00000e+00
5.20000e-04	5.73155e-01	2.00000e+00
6.60000e-04	5.50014e-01	2.00000e+00
4.09000e-05	1.25971e+00	4.50000e+00
9.81600e-05	1.08639e+00	4.50000e+00
1.55420e-04	1.00252e+00	4.50000e+00
2.12680e-04	9.47894e-01	4.50000e+00
2.69940e-04	9.07746e-01	4.50000e+00
1.60000e-04	6.95083e-01	2.00000e+00
3.84000e-04	6.03300e-01	2.00000e+00
6.08000e-04	5.57924e-01	2.00000e+00
8.32000e-04	5.27994e-01	2.00000e+00
1.05600e-03	5.05785e-01	2.00000e+00
6.50000e-05	1.16572e+00	4.50000e+00
1.56000e-04	1.00186e+00	4.50000e+00
2.47000e-04	9.22566e-01	4.50000e+00
3.38000e-04	8.70931e-01	4.50000e+00
4.29000e-04	8.32977e-01	4.50000e+00
2.50000e-04	6.47394e-01	2.00000e+00
6.00000e-04	5.59206e-01	2.00000e+00
9.50000e-04	5.15583e-01	2.00000e+00
1.30000e-03	4.86786e-01	2.00000e+00
1.65000e-03	4.65397e-01	2.00000e+00
6.50000e-05	1.16572e+00	4.50000e+00
1.56000e-04	1.00186e+00	4.50000e+00
2.47000e-04	9.22566e-01	4.50000e+00
3.38000e-04	8.70931e-01	4.50000e+00
4.29000e-04	8.32977e-01	4.50000e+00
5.00000e-04	5.77009e-01	2.00000e+00
1.20000e-03	4.94062e-01	2.00000e+00
1.90000e-03	4.52933e-01	2.00000e+00
2.60000e-03	4.25698e-01	2.00000e+00
3.30000e-03	4.05399e-01	2.00000e+00
1.00000e-04	1.08291e+00	4.50000e+00
2.40000e-04	9.27398e-01	4.50000e+00
3.80000e-04	8.52148e-01	4.50000e+00
5.20000e-04	8.03141e-01	4.50000e+00
6.60000e-04	7.67114e-01	4.50000e+00
1.60000e-03	4.68135e-01	2.00000e+00
3.84000e-03	3.92656e-01	2.00000e+00
6.08000e-03	3.54631e-01	2.00000e+00
8.32000e-03	3.29041e-01	2.00000e+00
1.05600e-02	3.09670e-01	2.00000e+00
1.60000e-04	9.97371e-01	4.50000e+00
3.84000e-04	8.50482e-01	4.50000e+00
6.08000e-04	7.79398e-01	4.50000e+00
8.32000e-04	7.33092e-01	4.50000e+00
1.05600e-03	6.99037e-01	4.50000e+00
6.50000e-04	5.51481e-01	2.00000e+00
1.56000e-03	4.70392e-01	2.00000e+00
2.47000e-03	4.30109e-01	2.00000e+00
3.38000e-03	4.03377e-01	2.00000e+00
4.29000e-03	3.83409e-01	2.00000e+00
2.50000e-04	9.20542e-01	4.50000e+00
6.00000e-04	7.81392e-01	4.50000e+00
9.50000e-04	7.14028e-01	4.50000e+00
1.30000e-03	6.70116e-01	4.50000e+00
1.65000e-03	6.37795e-01	4.50000e+00
1.54500e-05	1.14550e+00	2.70000e+00
3.70800e-05	1.00600e+00	2.70000e+00
5.87100e-05	9.37576e-01	2.70000e+00
8.03400e-05	8.92664e-01	2.70000e+00
1.01970e-04	8.59470e-01	2.70000e+00
4.00000e-04	8.44006e-01	4.50000e+00
9.60000e-04	7.12536e-01	4.50000e+00
1.52000e-03	6.48821e-01	4.50000e+00
2.08000e-03	6.07223e-01	4.50000e+00
2.64000e-03	5.76549e-01	4.50000e+00
1.83000e-05	1.11755e+00	2.70000e+00
4.39200e-05	9.80424e-01	2.70000e+00
6.95400e-05	9.13158e-01	2.70000e+00
9.51600e-05	8.69011e-01	2.70000e+00
1.20780e-04	8.36382e-01	2.70000e+00
6.50000e-04	7.69390e-01	4.50000e+00
1.56000e-03	6.45320e-01	4.50000e+00
2.47000e-03	5.85035e-01	4.50000e+00
3.38000e-03	5.45549e-01	4.50000e+00
4.29000e-03	5.16333e-01	4.50000e+00
2.04500e-05	1.09947e+00	2.70000e+00
4.90800e-05	9.63876e-01	2.70000e+00
7.77100e-05	8.97363e-01	2.70000e+00
1.06340e-04	8.53710e-01	2.70000e+00
1.34970e-04	8.21447e-01	2.70000e+00
1.00000e-03	7.06735e-01	4.50000e+00
2.40000e-03	5.88718e-01	4.50000e+00
3.80000e-03	5.31116e-01	4.50000e+00
5.20000e-03	4.93202e-01	4.50000e+00
6.60000e-03	4.65013e-01	4.50000e+00
2.04500e-05	1.09947e+00	2.70000e+00
4.90800e-05	9.63876e-01	2.70000e+00
7.77100e-05	8.97363e-01	2.70000e+00
1.06340e-04	8.53710e-01	2.70000e+00
1.34970e-04	8.21447e-01	2.70000e+00
1.60000e-03	6.41917e-01	4.50000e+00
3.84000e-03	5.29833e-01	4.50000e+00
6.08000e-03	4.74662e-01	4.50000e+00
8.32000e-03	4.38049e-01	4.50000e+00
1.05600e-02	4.10616e-01	4.50000e+00
2.50000e-05	1.06729e+00	2.70000e+00
6.00000e-05	9.34417e-01	2.70000e+00
9.50000e-05	8.69244e-01	2.70000e+00
1.30000e-04	8.26473e-01	2.70000e+00
1.65000e-04	7.94862e-01	2.70000e+00
2.50000e-05	1.06729e+00	2.70000e+00
6.00000e-05	9.34417e-01	2.70000e+00
9.50000e-05	8.69244e-01	2.70000e+00
1.30000e-04	8.26473e-01	2.70000e+00
1.65000e-04	7.94862e-01	2.70000e+00
3.77000e-05	1.50333e+00	6.50000e+00
9.04800e-05	1.28651e+00	6.50000e+00
1.43260e-04	1.18255e+00	6.50000e+00
1.96040e-04	1.11522e+00	6.50000e+00
2.48820e-04	1.06591e+00	6.50000e+00
6.96000e-05	1.72643e+00	1.20000e+01
1.67040e-04	1.45100e+00	1.20000e+01
2.64480e-04	1.32094e+00	1.20000e+01
3.61920e-04	1.23742e+00	1.20000e+01
4.59360e-04	1.17663e+00	1.20000e+01
4.01500e-05	1.48687e+00	6.50000e+00
9.63600e-05	1.27188e+00	6.50000e+00
1.52570e-04	1.16881e+00	6.50000e+00
2.08780e-04	1.10204e+00	6.50000e+00
2.64990e-04	1.05315e+00	6.50000e+00
8.05000e-05	1.67799e+00	1.20000e+01
1.93200e-04	1.40880e+00	1.20000e+01
3.05900e-04	1.28168e+00	1.20000e+01
4.18600e-04	1.20005e+00	1.20000e+01
5.31300e-04	1.14064e+00	1.20000e+01
4.27500e-05	1.47060e+00	6.50000e+00
1.02600e-04	1.25743e+00	6.50000e+00
1.62450e-04	1.15522e+00	6.50000e+00
2.22300e-04	1.08902e+00	6.50000e+00
2.82150e-04	1.04055e+00	6.50000e+00
8.05000e-05	1.67799e+00	1.20000e+01
1.93200e-04	1.40880e+00	1.20000e+01
3.05900e-04	1.28168e+00	1.20000e+01
4.18600e-04	1.20005e+00	1.20000e+01
5.31300e-04	1.14064e+00	1.20000e+01
4.76000e-05	1.44306e+00	6.50000e+00
1.14240e-04	1.23295e+00	6.50000e+00
1.80880e-04	1.13222e+00	6.50000e+00
2.47520e-04	1.06698e+00	6.50000e+00
3.14160e-04	1.01920e+00	6.50000e+00
9.10000e-05	1.63802e+00	1.20000e+01
2.18400e-04	1.37398e+00	1.20000e+01
3.45800e-04	1.24930e+00	1.20000e+01
4.73200e-04	1.16922e+00	1.20000e+01
6.00600e-04	1.11094e+00	1.20000e+01
4.93000e-05	1.43415e+00	6.50000e+00
1.18320e-04	1.22504e+00	6.50000e+00
1.87340e-04	1.12479e+00	6.50000e+00
2.56360e-04	1.05985e+00	6.50000e+00
3.25380e-04	1.01230e+00	6.50000e+00
1.00000e-04	1.60779e+00	1.20000e+01
2.40000e-04	1.34765e+00	1.20000e+01
3.80000e-04	1.22480e+00	1.20000e+01
5.20000e-04	1.14590e+00	1.20000e+01
6.60000e-04	1.08847e+00	1.20000e+01
4.93000e-05	1.43415e+00	6.50000e+00
1.18320e-04	1.22504e+00	6.50000e+00
1.87340e-04	1.12479e+00	6.50000e+00
2.56360e-04	1.05985e+00	6.50000e+00
3.25380e-04	1.01230e+00	6.50000e+00
1.00000e-04	1.60779e+00	1.20000e+01
2.40000e-04	1.34765e+00	1.20000e+01
3.80000e-04	1.22480e+00	1.20000e+01
5.20000e-04	1.14590e+00	1.20000e+01
6.60000e-04	1.08847e+00	1.20000e+01
6.50000e-05	1.36543e+00	6.50000e+00
1.56000e-04	1.16398e+00	6.50000e+00
2.47000e-04	1.06741e+00	6.50000e+00
3.38000e-04	1.00485e+00	6.50000e+00
4.29000e-04	9.59043e-01	6.50000e+00
1.60000e-04	1.46368e+00	1.20000e+01
3.84000e-04	1.22211e+00	1.20000e+01
6.08000e-04	1.10800e+00	1.20000e+01
8.32000e-04	1.03470e+00	1.20000e+01
1.05600e-03	9.81318e-01	1.20000e+01
6.50000e-05	1.36543e+00	6.50000e+00
1.56000e-04	1.16398e+00	6.50000e+00
2.47000e-04	1.06741e+00	6.50000e+00
3.38000e-04	1.00485e+00	6.50000e+00
4.29000e-04	9.59043e-01	6.50000e+00
1.60000e-04	1.46368e+00	1.20000e+01
3.84000e-04	1.22211e+00	1.20000e+01
6.08000e-04	1.10800e+00	1.20000e+01
8.32000e-04	1.03470e+00	1.20000e+01
1.05600e-03	9.81318e-01	1.20000e+01
1.00000e-04	1.26333e+00	6.50000e+00
2.40000e-04	1.07327e+00	6.50000e+00
3.80000e-04	9.82162e-01	6.50000e+00
5.20000e-04	9.23140e-01	6.50000e+00
6.60000e-04	8.79914e-01	6.50000e+00
2.50000e-04	1.33637e+00	1.20000e+01
6.00000e-04	1.11118e+00	1.20000e+01
9.50000e-04	1.00476e+00	1.20000e+01
1.30000e-03	9.36351e-01	1.20000e+01
1.65000e-03	8.86503e-01	1.20000e+01
1.00000e-04	1.26333e+00	6.50000e+00
2.40000e-04	1.07327e+00	6.50000e+00
3.80000e-04	9.82162e-01	6.50000e+00
5.20000e-04	9.23140e-01	6.50000e+00
6.60000e-04	8.79914e-01	6.50000e+00
4.00000e-04	1.21163e+00	1.20000e+01
9.60000e-04	1.00242e+00	1.20000e+01
1.52000e-03	9.03459e-01	1.20000e+01
2.08000e-03	8.39757e-01	1.20000e+01
2.64000e-03	7.93261e-01	1.20000e+01
1.60000e-04	1.15850e+00	6.50000e+00
3.84000e-04	9.80151e-01	6.50000e+00
6.08000e-04	8.94637e-01	6.50000e+00
8.32000e-04	8.39226e-01	6.50000e+00
1.05600e-03	7.98630e-01	6.50000e+00
6.50000e-04	1.09209e+00	1.20000e+01
1.56000e-03	8.98069e-01	1.20000e+01
2.47000e-03	8.06082e-01	1.20000e+01
3.38000e-03	7.46698e-01	1.20000e+01
4.29000e-03	7.03219e-01	1.20000e+01
2.50000e-04	1.06495e+00	6.50000e+00
6.00000e-04	8.97028e-01	6.50000e+00
9.50000e-04	8.16484e-01	6.50000e+00
1.30000e-03	7.64261e-01	6.50000e+00
1.65000e-03	7.25970e-01	6.50000e+00
1.00000e-03	9.93345e-01	1.20000e+01
2.40000e-03	8.11657e-01	1.20000e+01
3.80000e-03	7.25168e-01	1.20000e+01
5.20000e-03	6.69084e-01	1.20000e+01
6.60000e-03	6.27838e-01	1.20000e+01
4.00000e-04	9.72338e-01	6.50000e+00
9.60000e-04	8.14706e-01	6.50000e+00
1.52000e-03	7.39018e-01	6.50000e+00
2.08000e-03	6.89872e-01	6.50000e+00
2.64000e-03	6.53773e-01	6.50000e+00
1.60000e-03	8.92836e-01	1.20000e+01
3.84000e-03	7.23259e-01	1.20000e+01
6.08000e-03	6.41912e-01	1.20000e+01
8.32000e-03	5.88761e-01	1.20000e+01
1.05600e-02	5.49390e-01	1.20000e+01
6.50000e-04	8.82641e-01	6.50000e+00
1.56000e-03	7.34874e-01	6.50000e+00
2.47000e-03	6.63747e-01	6.50000e+00
3.38000e-03	6.17417e-01	6.50000e+00
4.29000e-03	5.83275e-01	6.50000e+00
2.50000e-03	8.03747e-01	1.20000e+01
6.00000e-03	6.44195e-01	1.20000e+01
9.50000e-03	5.66762e-01	1.20000e+01
1.30000e-02	5.15633e-01	1.20000e+01
1.65000e-02	4.77395e-01	1.20000e+01
1.00000e-03	8.07796e-01	6.50000e+00
2.40000e-03	6.68079e-01	6.50000e+00
3.80000e-03	6.00535e-01	6.50000e+00
5.20000e-03	5.56330e-01	6.50000e+00
6.60000e-03	5.23600e-01	6.50000e+00
1.60000e-03	7.30847e-01	6.50000e+00
3.84000e-03	5.99036e-01	6.50000e+00
6.08000e-03	5.34789e-01	6.50000e+00
8.32000e-03	4.92405e-01	6.50000e+00
1.05600e-02	4.60786e-01	6.50000e+00
8.70000e-05	1.79773e+00	1.50000e+01
2.08800e-04	1.50082e+00	1.50000e+01
3.30600e-04	1.36137e+00	1.50000e+01
4.52400e-04	1.27210e+00	1.50000e+01
5.74200e-04	1.20726e+00	1.50000e+01
2.50000e-03	6.61932e-01	6.50000e+00
6.00000e-03	5.36603e-01	6.50000e+00
9.50000e-03	4.74762e-01	6.50000e+00
1.30000e-02	4.33513e-01	6.50000e+00
1.65000e-02	4.02432e-01	6.50000e+00
1.00000e-04	1.74757e+00	1.50000e+01
2.40000e-04	1.45743e+00	1.50000e+01
3.80000e-04	1.32116e+00	1.50000e+01
5.20000e-04	1.23391e+00	1.50000e+01
6.60000e-04	1.17054e+00	1.50000e+01
1.00000e-04	1.74757e+00	1.50000e+01
2.40000e-04	1.45743e+00	1.50000e+01
3.80000e-04	1.32116e+00	1.50000e+01
5.20000e-04	1.23391e+00	1.50000e+01
6.60000e-04	1.17054e+00	1.50000e+01
1.14000e-04	1.70142e+00	1.50000e+01
2.73600e-04	1.41752e+00	1.50000e+01
4.33200e-04	1.28417e+00	1.50000e+01
5.92800e-04	1.19878e+00	1.50000e+01
7.52400e-04	1.13676e+00	1.50000e+01
4.93000e-05	1.60518e+00	8.50000e+00
1.18320e-04	1.36291e+00	8.50000e+00
1.87340e-04	1.24753e+00	8.50000e+00
2.56360e-04	1.17308e+00	8.50000e+00
3.25380e-04	1.11872e+00	8.50000e+00
1.23000e-04	1.67512e+00	1.50000e+01
2.95200e-04	1.39476e+00	1.50000e+01
4.67400e-04	1.26307e+00	1.50000e+01
6.39600e-04	1.17875e+00	1.50000e+01
8.11800e-04	1.11750e+00	1.50000e+01
5.25000e-05	1.58673e+00	8.50000e+00
1.26000e-04	1.34666e+00	8.50000e+00
1.99500e-04	1.23233e+00	8.50000e+00
2.73000e-04	1.15856e+00	8.50000e+00
3.46500e-04	1.10469e+00	8.50000e+00
1.60000e-04	1.58659e+00	1.50000e+01
3.84000e-04	1.31818e+00	1.50000e+01
6.08000e-04	1.19208e+00	1.50000e+01
8.32000e-04	1.11132e+00	1.50000e+01
1.05600e-03	1.05264e+00	1.50000e+01
5.60000e-05	1.56797e+00	8.50000e+00
1.34400e-04	1.33014e+00	8.50000e+00
2.12800e-04	1.21688e+00	8.50000e+00
2.91200e-04	1.14379e+00	8.50000e+00
3.69600e-04	1.09042e+00	8.50000e+00
1.60000e-04	1.58659e+00	1.50000e+01
3.84000e-04	1.31818e+00	1.50000e+01
6.08000e-04	1.19208e+00	1.50000e+01
8.32000e-04	1.11132e+00	1.50000e+01
1.05600e-03	1.05264e+00	1.50000e+01
6.20000e-05	1.53875e+00	8.50000e+00
1.48800e-04	1.30440e+00	8.50000e+00
2.35600e-04	1.19280e+00	8.50000e+00
3.22400e-04	1.12078e+00	8.50000e+00
4.09200e-04	1.06819e+00	8.50000e+00
2.50000e-04	1.44491e+00	1.50000e+01
6.00000e-04	1.19558e+00	1.50000e+01
9.50000e-04	1.07839e+00	1.50000e+01
1.30000e-03	1.00330e+00	1.50000e+01
1.65000e-03	9.48695e-01	1.50000e+01
6.45000e-05	1.52751e+00	8.50000e+00
1.54800e-04	1.29450e+00	8.50000e+00
2.45100e-04	1.18354e+00	8.50000e+00
3.35400e-04	1.11194e+00	8.50000e+00
4.25700e-04	1.05965e+00	8.50000e+00
4.00000e-04	1.30658e+00	1.50000e+01
9.60000e-04	1.07582e+00	1.50000e+01
1.52000e-03	9.67256e-01	1.50000e+01
2.08000e-03	8.97590e-01	1.50000e+01
2.64000e-03	8.46858e-01	1.50000e+01
6.95000e-05	1.50647e+00	8.50000e+00
1.66800e-04	1.27597e+00	8.50000e+00
2.64100e-04	1.16620e+00	8.50000e+00
3.61400e-04	1.09537e+00	8.50000e+00
4.58700e-04	1.04364e+00	8.50000e+00
6.50000e-04	1.17453e+00	1.50000e+01
1.56000e-03	9.61355e-01	1.50000e+01
2.47000e-03	8.60837e-01	1.50000e+01
3.38000e-03	7.96156e-01	1.50000e+01
4.29000e-03	7.48910e-01	1.50000e+01
6.95000e-05	1.50647e+00	8.50000e+00
1.66800e-04	1.27597e+00	8.50000e+00
2.64100e-04	1.16620e+00	8.50000e+00
3.61400e-04	1.09537e+00	8.50000e+00
4.58700e-04	1.04364e+00	8.50000e+00
1.00000e-03	1.06585e+00	1.50000e+01
2.40000e-03	8.66919e-01	1.50000e+01
3.80000e-03	7.72748e-01	1.50000e+01
5.20000e-03	7.11888e-01	1.50000e+01
6.60000e-03	6.67241e-01	1.50000e+01
1.00000e-04	1.40711e+00	8.50000e+00
2.40000e-04	1.18846e+00	8.50000e+00
3.80000e-04	1.08433e+00	8.50000e+00
5.20000e-04	1.01713e+00	8.50000e+00
6.60000e-04	9.68049e-01	8.50000e+00
1.60000e-03	9.55627e-01	1.50000e+01
3.84000e-03	7.70674e-01	1.50000e+01
6.08000e-03	6.82464e-01	1.50000e+01
8.32000e-03	6.25032e-01	1.50000e+01
1.05600e-02	5.82601e-01	1.50000e+01
1.00000e-04	1.40711e+00	8.50000e+00
2.40000e-04	1.18846e+00	8.50000e+00
3.80000e-04	1.08433e+00	8.50000e+00
5.20000e-04	1.01713e+00	8.50000e+00
6.60000e-04	9.68049e-01	8.50000e+00
2.50000e-03	8.58291e-01	1.50000e+01
6.00000e-03	6.84935e-01	1.50000e+01
9.50000e-03	6.01312e-01	1.50000e+01
1.30000e-02	5.46300e-01	1.50000e+01
1.65000e-02	5.05272e-01	1.50000e+01
1.60000e-04	1.28627e+00	8.50000e+00
3.84000e-04	1.08204e+00	8.50000e+00
6.08000e-04	9.84754e-01	8.50000e+00
8.32000e-04	9.21955e-01	8.50000e+00
1.05600e-03	8.76072e-01	8.50000e+00
4.00000e-03	7.62618e-01	1.50000e+01
9.60000e-03	5.99451e-01	1.50000e+01
1.52000e-02	5.19335e-01	1.50000e+01
2.08000e-02	4.65828e-01	1.50000e+01
2.64000e-02	4.25407e-01	1.50000e+01
2.50000e-04	1.17892e+00	8.50000e+00
6.00000e-04	9.87468e-01	8.50000e+00
9.50000e-04	8.96238e-01	8.50000e+00
1.30000e-03	8.37311e-01	8.50000e+00
1.65000e-03	7.94222e-01	8.50000e+00
4.00000e-04	1.07313e+00	8.50000e+00
9.60000e-04	8.94228e-01	8.50000e+00
1.52000e-03	8.08893e-01	8.50000e+00
2.08000e-03	7.53694e-01	8.50000e+00
2.64000e-03	7.13263e-01	8.50000e+00
1.04500e-04	1.85072e+00	1.80000e+01
2.50800e-04	1.53644e+00	1.80000e+01
3.97100e-04	1.38948e+00	1.80000e+01
5.43400e-04	1.29563e+00	1.80000e+01
6.89700e-04	1.22758e+00	1.80000e+01
6.50000e-04	9.71142e-01	8.50000e+00
1.56000e-03	8.04231e-01	8.50000e+00
2.47000e-03	7.24424e-01	8.50000e+00
3.38000e-03	6.72645e-01	8.50000e+00
4.29000e-03	6.34596e-01	8.50000e+00
1.18500e-04	1.80262e+00	1.80000e+01
2.84400e-04	1.49507e+00	1.80000e+01
4.50300e-04	1.35125e+00	1.80000e+01
6.16200e-04	1.25940e+00	1.80000e+01
7.82100e-04	1.19280e+00	1.80000e+01
1.00000e-03	8.86422e-01	8.50000e+00
2.40000e-03	7.29275e-01	8.50000e+00
3.80000e-03	6.53819e-01	8.50000e+00
5.20000e-03	6.04636e-01	8.50000e+00
6.60000e-03	5.68328e-01	8.50000e+00
1.34000e-04	1.75659e+00	1.80000e+01
3.21600e-04	1.45548e+00	1.80000e+01
5.09200e-04	1.31467e+00	1.80000e+01
6.96800e-04	1.22472e+00	1.80000e+01
8.84400e-04	1.15950e+00	1.80000e+01
1.60000e-03	7.99704e-01	8.50000e+00
3.84000e-03	6.52149e-01	8.50000e+00
6.08000e-03	5.80730e-01	8.50000e+00
8.32000e-03	5.33814e-01	8.50000e+00
1.05600e-02	4.98922e-01	8.50000e+00
1.34000e-04	1.75659e+00	1.80000e+01
3.21600e-04	1.45548e+00	1.80000e+01
5.09200e-04	1.31467e+00	1.80000e+01
6.96800e-04	1.22472e+00	1.80000e+01
8.84400e-04	1.15950e+00	1.80000e+01
2.50000e-03	7.22393e-01	8.50000e+00
6.00000e-03	5.82741e-01	8.50000e+00
9.50000e-03	5.14333e-01	8.50000e+00
1.30000e-02	4.68905e-01	8.50000e+00
1.65000e-02	4.34787e-01	8.50000e+00
1.64000e-04	1.68302e+00	1.80000e+01
3.93600e-04	1.39221e+00	1.80000e+01
6.23200e-04	1.25618e+00	1.80000e+01
8.52800e-04	1.16928e+00	1.80000e+01
1.08240e-03	1.10626e+00	1.80000e+01
1.64000e-04	1.68302e+00	1.80000e+01
3.93600e-04	1.39221e+00	1.80000e+01
6.23200e-04	1.25618e+00	1.80000e+01
8.52800e-04	1.16928e+00	1.80000e+01
1.08240e-03	1.10626e+00	1.80000e+01
6.50000e-05	1.62832e+00	1.00000e+01
1.56000e-04	1.37485e+00	1.00000e+01
2.47000e-04	1.25463e+00	1.00000e+01
3.38000e-04	1.17723e+00	1.00000e+01
4.29000e-04	1.12080e+00	1.00000e+01
2.50000e-04	1.53750e+00	1.80000e+01
6.00000e-04	1.26701e+00	1.80000e+01
9.50000e-04	1.14043e+00	1.80000e+01
1.30000e-03	1.05953e+00	1.80000e+01
1.65000e-03	1.00081e+00	1.80000e+01
1.00000e-04	1.49942e+00	1.00000e+01
2.40000e-04	1.26191e+00	1.00000e+01
3.80000e-04	1.14925e+00	1.00000e+01
5.20000e-04	1.07671e+00	1.00000e+01
6.60000e-04	1.02382e+00	1.00000e+01
2.50000e-04	1.53750e+00	1.80000e+01
6.00000e-04	1.26701e+00	1.80000e+01
9.50000e-04	1.14043e+00	1.80000e+01
1.30000e-03	1.05953e+00	1.80000e+01
1.65000e-03	1.00081e+00	1.80000e+01
1.60000e-04	1.36801e+00	1.00000e+01
3.84000e-04	1.14677e+00	1.00000e+01
6.08000e-04	1.04181e+00	1.00000e+01
8.32000e-04	9.74210e-01	1.00000e+01
1.05600e-03	9.24896e-01	1.00000e+01
4.00000e-04	1.38725e+00	1.80000e+01
9.60000e-04	1.13766e+00	1.80000e+01
1.52000e-03	1.02076e+00	1.80000e+01
2.08000e-03	9.45935e-01	1.80000e+01
2.64000e-03	8.91550e-01	1.80000e+01
2.50000e-04	1.25158e+00	1.00000e+01
6.00000e-04	1.04474e+00	1.00000e+01
9.50000e-04	9.46562e-01	1.00000e+01
1.30000e-03	8.83291e-01	1.00000e+01
1.65000e-03	8.37103e-01	1.00000e+01
6.50000e-04	1.24424e+00	1.80000e+01
1.56000e-03	1.01441e+00	1.80000e+01
2.47000e-03	9.06526e-01	1.80000e+01
3.38000e-03	8.37288e-01	1.80000e+01
4.29000e-03	7.86812e-01	1.80000e+01
4.00000e-04	1.13715e+00	1.00000e+01
9.60000e-04	9.44402e-01	1.00000e+01
1.52000e-03	8.52822e-01	1.00000e+01
2.08000e-03	7.93720e-01	1.00000e+01
2.64000e-03	7.50502e-01	1.00000e+01
1.00000e-03	1.12691e+00	1.80000e+01
2.40000e-03	9.13044e-01	1.80000e+01
3.80000e-03	8.12269e-01	1.80000e+01
5.20000e-03	7.47321e-01	1.80000e+01
6.60000e-03	6.99772e-01	1.80000e+01
6.50000e-04	1.02715e+00	1.00000e+01
1.56000e-03	8.47826e-01	1.00000e+01
2.47000e-03	7.62426e-01	1.00000e+01
3.38000e-03	7.07149e-01	1.00000e+01
4.29000e-03	6.66599e-01	1.00000e+01
1.60000e-03	1.00826e+00	1.80000e+01
3.84000e-03	8.10054e-01	1.80000e+01
6.08000e-03	7.15975e-01	1.80000e+01
8.32000e-03	6.54900e-01	1.80000e+01
1.05600e-02	6.09877e-01	1.80000e+01
1.00000e-03	9.36014e-01	1.00000e+01
2.40000e-03	7.67610e-01	1.00000e+01
3.80000e-03	6.87078e-01	1.00000e+01
5.20000e-03	6.34715e-01	1.00000e+01
6.60000e-03	5.96127e-01	1.00000e+01
2.50000e-03	9.03798e-01	1.80000e+01
6.00000e-03	7.18606e-01	1.80000e+01
9.50000e-03	6.29720e-01	1.80000e+01
1.30000e-02	5.71427e-01	1.80000e+01
1.65000e-02	5.28051e-01	1.80000e+01
2.50000e-03	7.60256e-01	1.00000e+01
6.00000e-03	6.11438e-01	1.00000e+01
9.50000e-03	5.38858e-01	1.00000e+01
1.30000e-02	4.90789e-01	1.00000e+01
1.65000e-02	4.54759e-01	1.00000e+01
4.00000e-03	8.01448e-01	1.80000e+01
9.60000e-03	6.27746e-01	1.80000e+01
1.52000e-02	5.42909e-01	1.80000e+01
2.08000e-02	4.86434e-01	1.80000e+01
2.64000e-02	4.43873e-01	1.80000e+01
1.45000e-04	1.85217e+00	2.20000e+01
3.48000e-04	1.52648e+00	2.20000e+01
5.51000e-04	1.37490e+00	2.20000e+01
7.54000e-04	1.27834e+00	2.20000e+01
9.57000e-04	1.20846e+00	2.20000e+01
1.60000e-04	1.81294e+00	2.20000e+01
3.84000e-04	1.49295e+00	2.20000e+01
6.08000e-04	1.34401e+00	2.20000e+01
8.32000e-04	1.24913e+00	2.20000e+01
1.05600e-03	1.18046e+00	2.20000e+01
1.72500e-04	1.78343e+00	2.20000e+01
4.14000e-04	1.46772e+00	2.20000e+01
6.55500e-04	1.32077e+00	2.20000e+01
8.97000e-04	1.22715e+00	2.20000e+01
1.13850e-03	1.15938e+00	2.20000e+01
1.94000e-04	1.73814e+00	2.20000e+01
4.65600e-04	1.42901e+00	2.20000e+01
7.37200e-04	1.28510e+00	2.20000e+01
1.00880e-03	1.19341e+00	2.20000e+01
1.28040e-03	1.12702e+00	2.20000e+01
2.50000e-04	1.64355e+00	2.20000e+01
6.00000e-04	1.34813e+00	2.20000e+01
9.50000e-04	1.21057e+00	2.20000e+01
1.30000e-03	1.12289e+00	2.20000e+01
1.65000e-03	1.05938e+00	2.20000e+01
2.50000e-04	1.64355e+00	2.20000e+01
6.00000e-04	1.34813e+00	2.20000e+01
9.50000e-04	1.21057e+00	2.20000e+01
1.30000e-03	1.12289e+00	2.20000e+01
1.65000e-03	1.05938e+00	2.20000e+01
2.96000e-04	1.58290e+00	2.20000e+01
7.10400e-04	1.29626e+00	2.20000e+01
1.12480e-03	1.16276e+00	2.20000e+01
1.53920e-03	1.07763e+00	2.20000e+01
1.95360e-03	1.01595e+00	2.20000e+01
4.00000e-04	1.47922e+00	2.20000e+01
9.60000e-04	1.20756e+00	2.20000e+01
1.52000e-03	1.08095e+00	2.20000e+01
2.08000e-03	1.00014e+00	2.20000e+01
2.64000e-03	9.41529e-01	2.20000e+01
6.50000e-04	1.32336e+00	2.20000e+01
1.56000e-03	1.07409e+00	2.20000e+01
2.47000e-03	9.57659e-01	2.20000e+01
3.38000e-03	8.83159e-01	2.20000e+01
4.29000e-03	8.28966e-01	2.20000e+01
1.00000e-03	1.19590e+00	2.20000e+01
2.40000e-03	9.64681e-01	2.20000e+01
3.80000e-03	8.56286e-01	2.20000e+01
5.20000e-03	7.86641e-01	2.20000e+01
6.60000e-03	7.35770e-01	2.20000e+01
1.60000e-03	1.06743e+00	2.20000e+01
3.84000e-03	8.53907e-01	2.20000e+01
6.08000e-03	7.53093e-01	2.20000e+01
8.32000e-03	6.87860e-01	2.20000e+01
1.05600e-02	6.39888e-01	2.20000e+01
2.50000e-03	9.54720e-01	2.20000e+01
6.00000e-03	7.55907e-01	2.20000e+01
9.50000e-03	6.61018e-01	2.20000e+01
1.30000e-02	5.99002e-01	2.20000e+01
1.65000e-02	5.52976e-01	2.20000e+01
4.00000e-03	8.44670e-01	2.20000e+01
9.60000e-03	6.58915e-01	2.20000e+01
1.52000e-02	5.68729e-01	2.20000e+01
2.08000e-02	5.08915e-01	2.20000e+01
2.64000e-02	4.63958e-01	2.20000e+01
