3.10500e-07	7.55165e-02	4.50000e-02
7.45200e-07	7.09174e-02	4.50000e-02
1.17990e-06	6.85422e-02	4.50000e-02
1.61460e-06	6.69357e-02	4.50000e-02
2.04930e-06	6.57225e-02	4.50000e-02
3.31000e-05	3.01577e-01	3.50000e-01
7.94400e-05	2.72036e-01	3.50000e-01
1.25780e-04	2.57128e-01	3.50000e-01
1.72120e-04	2.47195e-01	3.50000e-01
2.18460e-04	2.39780e-01	3.50000e-01
4.48500e-07	1.04938e-01	6.50000e-02
1.07640e-06	9.83096e-02	6.50000e-02
1.70430e-06	9.48894e-02	6.50000e-02
2.33220e-06	9.25776e-02	6.50000e-02
2.96010e-06	9.08327e-02	6.50000e-02
6.50000e-05	2.78675e-01	3.50000e-01
1.56000e-04	2.50288e-01	3.50000e-01
2.47000e-04	2.36007e-01	3.50000e-01
3.38000e-04	2.26511e-01	3.50000e-01
4.29000e-04	2.19432e-01	3.50000e-01
5.10000e-07	1.03956e-01	6.50000e-02
1.22400e-06	9.73491e-02	6.50000e-02
1.93800e-06	9.39401e-02	6.50000e-02
2.65200e-06	9.16358e-02	6.50000e-02
3.36600e-06	8.98965e-02	6.50000e-02
1.10000e-04	2.61434e-01	3.50000e-01
2.64000e-04	2.33975e-01	3.50000e-01
4.18000e-04	2.20198e-01	3.50000e-01
5.72000e-04	2.11053e-01	3.50000e-01
7.26000e-04	2.04244e-01	3.50000e-01
5.85000e-07	1.32498e-01	8.50000e-02
1.40400e-06	1.23852e-01	8.50000e-02
2.22300e-06	1.19395e-01	8.50000e-02
3.04200e-06	1.16385e-01	8.50000e-02
3.86100e-06	1.14113e-01	8.50000e-02
2.50000e-04	2.35638e-01	3.50000e-01
6.00000e-04	2.09678e-01	3.50000e-01
9.50000e-04	1.96715e-01	3.50000e-01
1.30000e-03	1.88135e-01	3.50000e-01
1.65000e-03	1.81761e-01	3.50000e-01
6.70000e-07	1.31144e-01	8.50000e-02
1.60800e-06	1.22530e-01	8.50000e-02
2.54600e-06	1.18090e-01	8.50000e-02
3.48400e-06	1.15090e-01	8.50000e-02
4.42200e-06	1.12828e-01	8.50000e-02
1.25500e-03	1.89087e-01	3.50000e-01
3.01200e-03	1.66246e-01	3.50000e-01
4.76900e-03	1.54961e-01	3.50000e-01
6.52600e-03	1.47541e-01	3.50000e-01
8.28300e-03	1.42055e-01	3.50000e-01
7.80000e-07	1.29634e-01	8.50000e-02
1.87200e-06	1.21055e-01	8.50000e-02
2.96400e-06	1.16633e-01	8.50000e-02
4.05600e-06	1.13646e-01	8.50000e-02
5.14800e-06	1.11392e-01	8.50000e-02
4.41500e-06	4.15436e-01	4.00000e-01
1.05960e-05	3.78253e-01	4.00000e-01
1.67770e-05	3.59391e-01	4.00000e-01
2.29580e-05	3.46782e-01	4.00000e-01
2.91390e-05	3.37344e-01	4.00000e-01
7.55000e-07	1.64738e-01	1.10000e-01
1.81200e-06	1.53591e-01	1.10000e-01
2.86900e-06	1.47852e-01	1.10000e-01
3.92600e-06	1.43979e-01	1.10000e-01
4.98300e-06	1.41058e-01	1.10000e-01
5.50000e-06	4.05951e-01	4.00000e-01
1.32000e-05	3.69176e-01	4.00000e-01
2.09000e-05	3.50535e-01	4.00000e-01
2.86000e-05	3.38078e-01	4.00000e-01
3.63000e-05	3.28757e-01	4.00000e-01
8.65000e-07	1.62987e-01	1.10000e-01
2.07600e-06	1.51884e-01	1.10000e-01
3.28700e-06	1.46168e-01	1.10000e-01
4.49800e-06	1.42310e-01	1.10000e-01
5.70900e-06	1.39402e-01	1.10000e-01
6.65000e-06	3.97837e-01	4.00000e-01
1.59600e-05	3.61418e-01	4.00000e-01
2.52700e-05	3.42968e-01	4.00000e-01
3.45800e-05	3.30644e-01	4.00000e-01
4.38900e-05	3.21425e-01	4.00000e-01
1.01000e-06	1.61001e-01	1.10000e-01
2.42400e-06	1.49948e-01	1.10000e-01
3.83800e-06	1.44257e-01	1.10000e-01
5.25200e-06	1.40417e-01	1.10000e-01
6.66600e-06	1.37522e-01	1.10000e-01
8.50000e-06	3.87461e-01	4.00000e-01
2.04000e-05	3.51506e-01	4.00000e-01
3.23000e-05	3.33306e-01	4.00000e-01
4.42000e-05	3.21155e-01	4.00000e-01
5.61000e-05	3.12070e-01	4.00000e-01
1.21500e-06	1.58645e-01	1.10000e-01
2.91600e-06	1.47650e-01	1.10000e-01
4.61700e-06	1.41991e-01	1.10000e-01
6.31800e-06	1.38171e-01	1.10000e-01
8.01900e-06	1.35292e-01	1.10000e-01
1.10000e-05	3.76700e-01	4.00000e-01
2.64000e-05	3.41236e-01	4.00000e-01
4.18000e-05	3.23301e-01	4.00000e-01
5.72000e-05	3.11335e-01	4.00000e-01
7.26000e-05	3.02392e-01	4.00000e-01
1.03500e-06	2.11978e-01	1.50000e-01
2.48400e-06	1.96886e-01	1.50000e-01
3.93300e-06	1.89133e-01	1.50000e-01
5.38200e-06	1.83906e-01	1.50000e-01
6.83100e-06	1.79970e-01	1.50000e-01
1.84000e-05	3.55657e-01	4.00000e-01
4.41600e-05	3.21190e-01	4.00000e-01
6.99200e-05	3.03794e-01	4.00000e-01
9.56800e-05	2.92202e-01	4.00000e-01
1.21440e-04	2.83547e-01	4.00000e-01
1.18000e-06	2.09691e-01	1.50000e-01
2.83200e-06	1.94662e-01	1.50000e-01
4.48400e-06	1.86941e-01	1.50000e-01
6.13600e-06	1.81737e-01	1.50000e-01
7.78800e-06	1.77818e-01	1.50000e-01
4.41500e-05	3.21199e-01	4.00000e-01
1.05960e-04	2.88481e-01	4.00000e-01
1.67770e-04	2.72031e-01	4.00000e-01
2.29580e-04	2.61097e-01	4.00000e-01
2.91390e-04	2.52948e-01	4.00000e-01
1.38000e-06	2.06972e-01	1.50000e-01
3.31200e-06	1.92019e-01	1.50000e-01
5.24400e-06	1.84337e-01	1.50000e-01
7.17600e-06	1.79160e-01	1.50000e-01
9.10800e-06	1.75261e-01	1.50000e-01
8.80000e-05	2.95272e-01	4.00000e-01
2.11200e-04	2.63983e-01	4.00000e-01
3.34400e-04	2.48307e-01	4.00000e-01
4.57600e-04	2.37910e-01	4.00000e-01
5.80800e-04	2.30174e-01	4.00000e-01
1.65500e-06	2.03834e-01	1.50000e-01
3.97200e-06	1.88967e-01	1.50000e-01
6.28900e-06	1.81331e-01	1.50000e-01
8.60600e-06	1.76185e-01	1.50000e-01
1.09230e-05	1.72310e-01	1.50000e-01
1.47000e-04	2.76710e-01	4.00000e-01
3.52800e-04	2.46514e-01	4.00000e-01
5.58600e-04	2.31429e-01	4.00000e-01
7.64400e-04	2.21441e-01	4.00000e-01
9.70200e-04	2.14020e-01	4.00000e-01
2.07000e-06	1.99995e-01	1.50000e-01
4.96800e-06	1.85235e-01	1.50000e-01
7.86600e-06	1.77655e-01	1.50000e-01
1.07640e-05	1.72548e-01	1.50000e-01
1.36620e-05	1.68702e-01	1.50000e-01
3.15500e-04	2.50262e-01	4.00000e-01
7.57200e-04	2.21739e-01	4.00000e-01
1.19890e-03	2.07556e-01	4.00000e-01
1.64060e-03	1.98192e-01	4.00000e-01
2.08230e-03	1.91249e-01	4.00000e-01
2.51000e-06	1.96709e-01	1.50000e-01
6.02400e-06	1.82042e-01	1.50000e-01
9.53800e-06	1.74510e-01	1.50000e-01
1.30520e-05	1.69437e-01	1.50000e-01
1.65660e-05	1.65617e-01	1.50000e-01
3.66000e-06	5.01139e-01	5.00000e-01
8.78400e-06	4.54877e-01	5.00000e-01
1.39080e-05	4.31480e-01	5.00000e-01
1.90320e-05	4.15867e-01	5.00000e-01
2.41560e-05	4.04195e-01	5.00000e-01
1.57500e-06	2.62259e-01	2.00000e-01
3.78000e-06	2.42430e-01	2.00000e-01
5.98500e-06	2.32268e-01	2.00000e-01
8.19000e-06	2.25430e-01	2.00000e-01
1.03950e-05	2.20286e-01	2.00000e-01
4.30000e-06	4.92459e-01	5.00000e-01
1.03200e-05	4.46602e-01	5.00000e-01
1.63400e-05	4.23422e-01	5.00000e-01
2.23600e-05	4.07959e-01	5.00000e-01
2.83800e-05	3.96403e-01	5.00000e-01
1.84000e-06	2.58692e-01	2.00000e-01
4.41600e-06	2.38972e-01	2.00000e-01
6.99200e-06	2.28868e-01	2.00000e-01
9.56800e-06	2.22069e-01	2.00000e-01
1.21440e-05	2.16956e-01	2.00000e-01
7.90000e-06	4.60365e-01	5.00000e-01
1.89600e-05	4.16054e-01	5.00000e-01
3.00200e-05	3.93704e-01	5.00000e-01
4.10800e-05	3.78817e-01	5.00000e-01
5.21400e-05	3.67702e-01	5.00000e-01
2.20500e-06	2.54565e-01	2.00000e-01
5.29200e-06	2.34972e-01	2.00000e-01
8.37900e-06	2.24936e-01	2.00000e-01
1.14660e-05	2.18184e-01	2.00000e-01
1.45530e-05	2.13106e-01	2.00000e-01
1.06000e-05	4.45234e-01	5.00000e-01
2.54400e-05	4.01682e-01	5.00000e-01
4.02800e-05	3.79741e-01	5.00000e-01
5.51200e-05	3.65136e-01	5.00000e-01
6.99600e-05	3.54239e-01	5.00000e-01
2.76000e-06	2.49482e-01	2.00000e-01
6.62400e-06	2.30048e-01	2.00000e-01
1.04880e-05	2.20095e-01	2.00000e-01
1.43520e-05	2.13401e-01	2.00000e-01
1.82160e-05	2.08368e-01	2.00000e-01
1.38000e-05	4.31872e-01	5.00000e-01
3.31200e-05	3.89008e-01	5.00000e-01
5.24400e-05	3.67437e-01	5.00000e-01
7.17600e-05	3.53088e-01	5.00000e-01
9.10800e-05	3.42387e-01	5.00000e-01
3.34500e-06	2.45162e-01	2.00000e-01
8.02800e-06	2.25863e-01	2.00000e-01
1.27110e-05	2.15983e-01	2.00000e-01
1.73940e-05	2.09339e-01	2.00000e-01
2.20770e-05	2.04345e-01	2.00000e-01
1.99000e-05	4.13671e-01	5.00000e-01
4.77600e-05	3.71772e-01	5.00000e-01
7.56200e-05	3.50721e-01	5.00000e-01
1.03480e-04	3.36732e-01	5.00000e-01
1.31340e-04	3.26308e-01	5.00000e-01
4.24500e-06	2.39848e-01	2.00000e-01
1.01880e-05	2.20718e-01	2.00000e-01
1.61310e-05	2.10928e-01	2.00000e-01
2.20740e-05	2.04348e-01	2.00000e-01
2.80170e-05	1.99402e-01	2.00000e-01
5.00000e-05	3.69643e-01	5.00000e-01
1.20000e-04	3.30235e-01	5.00000e-01
1.90000e-04	3.10523e-01	5.00000e-01
2.60000e-04	2.97462e-01	5.00000e-01
3.30000e-04	2.87749e-01	5.00000e-01
5.50000e-06	2.34124e-01	2.00000e-01
1.32000e-05	2.15179e-01	2.00000e-01
2.09000e-05	2.05488e-01	2.00000e-01
2.86000e-05	1.98977e-01	2.00000e-01
3.63000e-05	1.94084e-01	2.00000e-01
1.25500e-04	3.28283e-01	5.00000e-01
3.01200e-04	2.91447e-01	5.00000e-01
4.76900e-04	2.73117e-01	5.00000e-01
6.52600e-04	2.61009e-01	5.00000e-01
8.28300e-04	2.52027e-01	5.00000e-01
1.99000e-05	2.06514e-01	2.00000e-01
4.77600e-05	1.88515e-01	2.00000e-01
7.56200e-05	1.79338e-01	2.00000e-01
1.03480e-04	1.73186e-01	2.00000e-01
1.31340e-04	1.68571e-01	2.00000e-01
1.84000e-04	3.11878e-01	5.00000e-01
4.41600e-04	2.76136e-01	5.00000e-01
6.99200e-04	2.58391e-01	5.00000e-01
9.56800e-04	2.46687e-01	5.00000e-01
1.21440e-03	2.38013e-01	5.00000e-01
1.25500e-04	1.69447e-01	2.00000e-01
3.01200e-04	1.52936e-01	2.00000e-01
4.76900e-04	1.44579e-01	2.00000e-01
6.52600e-04	1.39002e-01	2.00000e-01
8.28300e-04	1.34835e-01	2.00000e-01
4.00000e-04	2.80049e-01	5.00000e-01
9.60000e-04	2.46564e-01	5.00000e-01
1.52000e-03	2.30023e-01	5.00000e-01
2.08000e-03	2.19146e-01	5.00000e-01
2.64000e-03	2.11103e-01	5.00000e-01
1.97000e-06	3.09737e-01	2.50000e-01
4.72800e-06	2.85230e-01	2.50000e-01
7.48600e-06	2.72702e-01	2.50000e-01
1.02440e-05	2.64284e-01	2.50000e-01
1.30020e-05	2.57960e-01	2.50000e-01
1.60000e-03	2.28221e-01	5.00000e-01
3.84000e-03	1.98856e-01	5.00000e-01
6.08000e-03	1.84491e-01	5.00000e-01
8.32000e-03	1.75101e-01	5.00000e-01
1.05600e-02	1.68187e-01	5.00000e-01
2.30000e-06	3.05342e-01	2.50000e-01
5.52000e-06	2.80982e-01	2.50000e-01
8.74000e-06	2.68532e-01	2.50000e-01
1.19600e-05	2.60169e-01	2.50000e-01
1.51800e-05	2.53886e-01	2.50000e-01
4.76000e-06	5.88576e-01	6.50000e-01
1.14240e-05	5.30645e-01	6.50000e-01
1.80880e-05	5.01511e-01	6.50000e-01
2.47520e-05	4.82138e-01	6.50000e-01
3.14160e-05	4.67692e-01	6.50000e-01
2.76000e-06	3.00200e-01	2.50000e-01
6.62400e-06	2.76014e-01	2.50000e-01
1.04880e-05	2.63657e-01	2.50000e-01
1.43520e-05	2.55358e-01	2.50000e-01
1.82160e-05	2.49125e-01	2.50000e-01
5.60000e-06	5.77584e-01	6.50000e-01
1.34400e-05	5.20240e-01	6.50000e-01
2.12800e-05	4.91421e-01	6.50000e-01
2.91200e-05	4.72264e-01	6.50000e-01
3.69600e-05	4.57985e-01	6.50000e-01
3.45000e-06	2.93956e-01	2.50000e-01
8.28000e-06	2.69984e-01	2.50000e-01
1.31100e-05	2.57742e-01	2.50000e-01
1.79400e-05	2.49522e-01	2.50000e-01
2.27700e-05	2.43350e-01	2.50000e-01
7.90000e-06	5.54668e-01	6.50000e-01
1.89600e-05	4.98576e-01	6.50000e-01
3.00200e-05	4.70427e-01	6.50000e-01
4.10800e-05	4.51733e-01	6.50000e-01
5.21400e-05	4.37809e-01	6.50000e-01
4.18000e-06	2.88628e-01	2.50000e-01
1.00320e-05	2.64842e-01	2.50000e-01
1.58840e-05	2.52699e-01	2.50000e-01
2.17360e-05	2.44548e-01	2.50000e-01
2.75880e-05	2.38429e-01	2.50000e-01
8.20000e-06	5.52215e-01	6.50000e-01
1.96800e-05	4.96260e-01	6.50000e-01
3.11600e-05	4.68184e-01	6.50000e-01
4.26400e-05	4.49540e-01	6.50000e-01
5.41200e-05	4.35654e-01	6.50000e-01
5.30000e-06	2.82095e-01	2.50000e-01
1.27200e-05	2.58539e-01	2.50000e-01
2.01400e-05	2.46519e-01	2.50000e-01
2.75600e-05	2.38455e-01	2.50000e-01
3.49800e-05	2.32402e-01	2.50000e-01
1.99000e-05	4.95570e-01	6.50000e-01
4.77600e-05	4.42905e-01	6.50000e-01
7.56200e-05	4.16588e-01	6.50000e-01
1.03480e-04	3.99158e-01	6.50000e-01
1.31340e-04	3.86200e-01	6.50000e-01
6.90000e-06	2.74907e-01	2.50000e-01
1.65600e-05	2.51609e-01	2.50000e-01
2.62200e-05	2.39728e-01	2.50000e-01
3.58800e-05	2.31761e-01	2.50000e-01
4.55400e-05	2.25782e-01	2.50000e-01
2.99000e-05	4.70669e-01	6.50000e-01
7.17600e-05	4.19542e-01	6.50000e-01
1.13620e-04	3.94047e-01	6.50000e-01
1.55480e-04	3.77183e-01	6.50000e-01
1.97340e-04	3.64659e-01	6.50000e-01
1.15000e-05	2.61208e-01	2.50000e-01
2.76000e-05	2.38417e-01	2.50000e-01
4.37000e-05	2.26812e-01	2.50000e-01
5.98000e-05	2.19035e-01	2.50000e-01
7.59000e-05	2.13205e-01	2.50000e-01
5.00000e-05	4.40238e-01	6.50000e-01
1.20000e-04	3.91078e-01	6.50000e-01
1.90000e-04	3.66633e-01	6.50000e-01
2.60000e-04	3.50490e-01	6.50000e-01
3.30000e-04	3.38517e-01	6.50000e-01
1.99000e-05	2.46830e-01	2.50000e-01
4.77600e-05	2.24597e-01	2.50000e-01
7.56200e-05	2.13295e-01	2.50000e-01
1.03480e-04	2.05730e-01	2.50000e-01
1.31340e-04	2.00064e-01	2.50000e-01
1.25500e-04	3.88653e-01	6.50000e-01
3.01200e-04	3.43073e-01	6.50000e-01
4.76900e-04	3.20531e-01	6.50000e-01
6.52600e-04	3.05695e-01	6.50000e-01
8.28300e-04	2.94717e-01	6.50000e-01
5.50000e-05	2.21098e-01	2.50000e-01
1.32000e-04	1.99946e-01	2.50000e-01
2.09000e-04	1.89235e-01	2.50000e-01
2.86000e-04	1.82086e-01	2.50000e-01
3.63000e-04	1.76740e-01	2.50000e-01
2.39000e-04	3.54781e-01	6.50000e-01
5.73600e-04	3.11744e-01	6.50000e-01
9.08200e-04	2.90546e-01	6.50000e-01
1.24280e-03	2.76630e-01	6.50000e-01
1.57740e-03	2.66351e-01	6.50000e-01
1.25500e-04	2.01140e-01	2.50000e-01
3.01200e-04	1.80918e-01	2.50000e-01
4.76900e-04	1.70718e-01	2.50000e-01
6.52600e-04	1.63926e-01	2.50000e-01
8.28300e-04	1.58857e-01	2.50000e-01
4.00000e-04	3.29044e-01	6.50000e-01
9.60000e-04	2.88052e-01	6.50000e-01
1.52000e-03	2.67933e-01	6.50000e-01
2.08000e-03	2.54751e-01	6.50000e-01
2.64000e-03	2.45030e-01	6.50000e-01
1.97000e-04	1.90598e-01	2.50000e-01
4.72800e-04	1.70907e-01	2.50000e-01
7.48600e-04	1.60998e-01	2.50000e-01
1.02440e-03	1.54410e-01	2.50000e-01
1.30020e-03	1.49499e-01	2.50000e-01
1.60000e-03	2.65746e-01	6.50000e-01
3.84000e-03	2.30272e-01	6.50000e-01
6.08000e-03	2.13032e-01	6.50000e-01
8.32000e-03	2.01803e-01	6.50000e-01
1.05600e-02	1.93558e-01	6.50000e-01
7.90000e-04	1.59857e-01	2.50000e-01
1.89600e-03	1.41904e-01	2.50000e-01
3.00200e-03	1.32945e-01	2.50000e-01
4.10800e-03	1.27020e-01	2.50000e-01
5.21400e-03	1.22620e-01	2.50000e-01
6.20000e-06	6.86289e-01	8.50000e-01
1.48800e-05	6.14140e-01	8.50000e-01
2.35600e-05	5.78095e-01	8.50000e-01
3.22400e-05	5.54223e-01	8.50000e-01
4.09200e-05	5.36476e-01	8.50000e-01
2.56000e-06	3.96009e-01	3.50000e-01
6.14400e-06	3.62402e-01	3.50000e-01
9.72800e-06	3.45298e-01	3.50000e-01
1.33120e-05	3.33839e-01	3.50000e-01
1.68960e-05	3.25248e-01	3.50000e-01
6.90000e-06	6.77231e-01	8.50000e-01
1.65600e-05	6.05636e-01	8.50000e-01
2.62200e-05	5.69887e-01	8.50000e-01
3.58800e-05	5.46218e-01	8.50000e-01
4.55400e-05	5.28626e-01	8.50000e-01
2.56000e-06	3.96009e-01	3.50000e-01
6.14400e-06	3.62402e-01	3.50000e-01
9.72800e-06	3.45298e-01	3.50000e-01
1.33120e-05	3.33839e-01	3.50000e-01
1.68960e-05	3.25248e-01	3.50000e-01
1.00000e-05	6.46331e-01	8.50000e-01
2.40000e-05	5.76670e-01	8.50000e-01
3.80000e-05	5.41950e-01	8.50000e-01
5.20000e-05	5.18988e-01	8.50000e-01
6.60000e-05	5.01935e-01	8.50000e-01
3.05000e-06	3.89180e-01	3.50000e-01
7.32000e-06	3.55840e-01	3.50000e-01
1.15900e-05	3.38878e-01	3.50000e-01
1.58600e-05	3.27518e-01	3.50000e-01
2.01300e-05	3.19003e-01	3.50000e-01
1.00000e-05	6.46331e-01	8.50000e-01
2.40000e-05	5.76670e-01	8.50000e-01
3.80000e-05	5.41950e-01	8.50000e-01
5.20000e-05	5.18988e-01	8.50000e-01
6.60000e-05	5.01935e-01	8.50000e-01
3.31000e-06	3.86009e-01	3.50000e-01
7.94400e-06	3.52793e-01	3.50000e-01
1.25780e-05	3.35898e-01	3.50000e-01
1.72120e-05	3.24585e-01	3.50000e-01
2.18460e-05	3.16105e-01	3.50000e-01
1.99000e-05	5.91191e-01	8.50000e-01
4.77600e-05	5.25155e-01	8.50000e-01
7.56200e-05	4.92359e-01	8.50000e-01
1.03480e-04	4.70717e-01	8.50000e-01
1.31340e-04	4.54672e-01	8.50000e-01
4.14000e-06	3.77392e-01	3.50000e-01
9.93600e-06	3.44520e-01	3.50000e-01
1.57320e-05	3.27810e-01	3.50000e-01
2.15280e-05	3.16623e-01	3.50000e-01
2.73240e-05	3.08242e-01	3.50000e-01
2.50000e-05	5.73534e-01	8.50000e-01
6.00000e-05	5.08711e-01	8.50000e-01
9.50000e-05	4.76557e-01	8.50000e-01
1.30000e-04	4.55355e-01	8.50000e-01
1.65000e-04	4.39644e-01	8.50000e-01
5.00000e-06	3.70192e-01	3.50000e-01
1.20000e-05	3.37611e-01	3.50000e-01
1.90000e-05	3.21057e-01	3.50000e-01
2.60000e-05	3.09979e-01	3.50000e-01
3.30000e-05	3.01682e-01	3.50000e-01
5.00000e-05	5.21826e-01	8.50000e-01
1.20000e-04	4.60708e-01	8.50000e-01
1.90000e-04	4.30513e-01	8.50000e-01
2.60000e-04	4.10650e-01	8.50000e-01
3.30000e-04	3.95958e-01	8.50000e-01
6.35000e-06	3.61162e-01	3.50000e-01
1.52400e-05	3.28953e-01	3.50000e-01
2.41300e-05	3.12599e-01	3.50000e-01
3.30200e-05	3.01661e-01	3.50000e-01
4.19100e-05	2.93470e-01	3.50000e-01
1.25500e-04	4.57706e-01	8.50000e-01
3.01200e-04	4.01544e-01	8.50000e-01
4.76900e-04	3.73955e-01	8.50000e-01
6.52600e-04	3.55870e-01	8.50000e-01
8.28300e-04	3.42526e-01	8.50000e-01
8.25000e-06	3.51389e-01	3.50000e-01
1.98000e-05	3.19590e-01	3.50000e-01
3.13500e-05	3.03458e-01	3.50000e-01
4.29000e-05	2.92673e-01	3.50000e-01
5.44500e-05	2.84601e-01	3.50000e-01
4.00000e-04	3.84359e-01	8.50000e-01
9.60000e-04	3.34441e-01	8.50000e-01
1.52000e-03	3.10108e-01	8.50000e-01
2.08000e-03	2.94231e-01	8.50000e-01
2.64000e-03	2.82555e-01	8.50000e-01
1.60000e-05	3.27203e-01	3.50000e-01
3.84000e-05	2.96462e-01	3.50000e-01
6.08000e-05	2.80903e-01	3.50000e-01
8.32000e-05	2.70517e-01	3.50000e-01
1.05600e-04	2.62752e-01	3.50000e-01
1.60000e-03	3.07471e-01	8.50000e-01
3.84000e-03	2.64885e-01	8.50000e-01
6.08000e-03	2.44330e-01	8.50000e-01
8.32000e-03	2.30996e-01	8.50000e-01
1.05600e-02	2.21231e-01	8.50000e-01
8.80000e-06	8.20497e-01	1.20000e+00
2.11200e-05	7.26681e-01	1.20000e+00
3.34400e-05	6.80269e-01	1.20000e+00
4.57600e-05	6.49711e-01	1.20000e+00
5.80800e-05	6.27091e-01	1.20000e+00
4.00000e-05	1.02730e+00	2.70000e+00
9.60000e-05	8.83150e-01	2.70000e+00
1.52000e-04	8.14008e-01	2.70000e+00
2.08000e-04	7.69300e-01	2.70000e+00
2.64000e-04	7.36633e-01	2.70000e+00
1.00000e-05	8.06358e-01	1.20000e+00
2.40000e-05	7.13574e-01	1.20000e+00
3.80000e-05	6.67705e-01	1.20000e+00
5.20000e-05	6.37517e-01	1.20000e+00
6.60000e-05	6.15179e-01	1.20000e+00
4.00000e-05	1.02730e+00	2.70000e+00
9.60000e-05	8.83150e-01	2.70000e+00
1.52000e-04	8.14008e-01	2.70000e+00
2.08000e-04	7.69300e-01	2.70000e+00
2.64000e-04	7.36633e-01	2.70000e+00
1.00000e-05	8.06358e-01	1.20000e+00
2.40000e-05	7.13574e-01	1.20000e+00
3.80000e-05	6.67705e-01	1.20000e+00
5.20000e-05	6.37517e-01	1.20000e+00
6.60000e-05	6.15179e-01	1.20000e+00
6.50000e-05	9.45309e-01	2.70000e+00
1.56000e-04	8.10230e-01	2.70000e+00
2.47000e-04	7.45641e-01	2.70000e+00
3.38000e-04	7.03951e-01	2.70000e+00
4.29000e-04	6.73528e-01	2.70000e+00
1.60000e-05	7.55667e-01	1.20000e+00
3.84000e-05	6.66682e-01	1.20000e+00
6.08000e-05	6.22809e-01	1.20000e+00
8.32000e-05	5.93981e-01	1.20000e+00
1.05600e-04	5.72674e-01	1.20000e+00
1.00000e-04	8.76830e-01	2.70000e+00
2.40000e-04	7.49558e-01	2.70000e+00
3.80000e-04	6.88870e-01	2.70000e+00
5.20000e-04	6.49759e-01	2.70000e+00
6.60000e-04	6.21251e-01	2.70000e+00
1.60000e-05	7.55667e-01	1.20000e+00
3.84000e-05	6.66682e-01	1.20000e+00
6.08000e-05	6.22809e-01	1.20000e+00
8.32000e-05	5.93981e-01	1.20000e+00
1.05600e-04	5.72674e-01	1.20000e+00
1.60000e-04	8.06561e-01	2.70000e+00
3.84000e-04	6.87534e-01	2.70000e+00
6.08000e-04	6.30947e-01	2.70000e+00
8.32000e-04	5.94541e-01	2.70000e+00
1.05600e-03	5.68036e-01	2.70000e+00
3.15500e-05	6.86037e-01	1.20000e+00
7.57200e-05	6.02544e-01	1.20000e+00
1.19890e-04	5.61545e-01	1.20000e+00
1.64060e-04	5.34671e-01	1.20000e+00
2.08230e-04	5.14843e-01	1.20000e+00
2.50000e-04	7.44000e-01	2.70000e+00
6.00000e-04	6.32523e-01	2.70000e+00
9.50000e-04	5.79674e-01	2.70000e+00
1.30000e-03	5.45727e-01	2.70000e+00
1.65000e-03	5.21040e-01	2.70000e+00
4.00000e-05	6.62706e-01	1.20000e+00
9.60000e-05	5.81130e-01	1.20000e+00
1.52000e-04	5.41130e-01	1.20000e+00
2.08000e-04	5.14934e-01	1.20000e+00
2.64000e-04	4.95619e-01	1.20000e+00
4.00000e-04	6.82347e-01	2.70000e+00
9.60000e-04	5.78513e-01	2.70000e+00
1.52000e-03	5.29431e-01	2.70000e+00
2.08000e-03	4.97956e-01	2.70000e+00
2.64000e-03	4.75092e-01	2.70000e+00
6.50000e-05	6.16594e-01	1.20000e+00
1.56000e-04	5.38926e-01	1.20000e+00
2.47000e-04	5.00960e-01	1.20000e+00
3.38000e-04	4.76140e-01	1.20000e+00
4.29000e-04	4.57864e-01	1.20000e+00
6.50000e-04	6.23045e-01	2.70000e+00
1.56000e-03	5.26763e-01	2.70000e+00
2.47000e-03	4.81385e-01	2.70000e+00
3.38000e-03	4.52334e-01	2.70000e+00
4.29000e-03	4.31256e-01	2.70000e+00
7.90000e-05	5.98679e-01	1.20000e+00
1.89600e-04	5.22576e-01	1.20000e+00
3.00200e-04	4.85421e-01	1.20000e+00
4.10800e-04	4.61150e-01	1.20000e+00
5.21400e-04	4.43287e-01	1.20000e+00
1.00000e-03	5.74007e-01	2.70000e+00
2.40000e-03	4.84124e-01	2.70000e+00
3.80000e-03	4.41872e-01	2.70000e+00
5.20000e-03	4.14862e-01	2.70000e+00
6.60000e-03	3.95284e-01	2.70000e+00
1.99000e-04	5.18574e-01	1.20000e+00
4.77600e-04	4.49803e-01	1.20000e+00
7.56200e-04	4.16431e-01	1.20000e+00
1.03480e-03	3.94710e-01	1.20000e+00
1.31340e-03	3.78765e-01	1.20000e+00
2.50000e-03	4.80238e-01	2.70000e+00
6.00000e-03	4.03014e-01	2.70000e+00
9.50000e-03	3.66905e-01	2.70000e+00
1.30000e-02	3.43891e-01	2.70000e+00
1.65000e-02	3.27244e-01	2.70000e+00
6.50000e-04	4.27216e-01	1.20000e+00
1.56000e-03	3.67558e-01	1.20000e+00
2.47000e-03	3.38842e-01	1.20000e+00
3.38000e-03	3.20240e-01	1.20000e+00
4.29000e-03	3.06632e-01	1.20000e+00
2.50000e-03	3.38111e-01	1.20000e+00
6.00000e-03	2.88244e-01	1.20000e+00
9.50000e-03	2.64467e-01	1.20000e+00
1.30000e-02	2.49148e-01	1.20000e+00
1.65000e-02	2.37984e-01	1.20000e+00
2.03000e-05	1.31171e+00	3.50000e+00
4.87200e-05	1.12545e+00	3.50000e+00
7.71400e-05	1.03633e+00	3.50000e+00
1.05560e-04	9.78790e-01	3.50000e+00
1.33980e-04	9.36789e-01	3.50000e+00
9.25000e-06	9.34429e-01	1.50000e+00
2.22000e-05	8.22780e-01	1.50000e+00
3.51500e-05	7.67868e-01	1.50000e+00
4.81000e-05	7.31841e-01	1.50000e+00
6.10500e-05	7.05240e-01	1.50000e+00
2.16000e-05	1.29777e+00	3.50000e+00
5.18400e-05	1.11307e+00	3.50000e+00
8.20800e-05	1.02473e+00	3.50000e+00
1.12320e-04	9.67712e-01	3.50000e+00
1.42560e-04	9.26096e-01	3.50000e+00
1.10000e-05	9.11597e-01	1.50000e+00
2.64000e-05	8.01777e-01	1.50000e+00
4.18000e-05	7.47821e-01	1.50000e+00
5.72000e-05	7.12441e-01	1.50000e+00
7.26000e-05	6.86331e-01	1.50000e+00
2.30000e-05	1.28378e+00	3.50000e+00
5.52000e-05	1.10065e+00	3.50000e+00
8.74000e-05	1.01311e+00	3.50000e+00
1.19600e-04	9.56606e-01	3.50000e+00
1.51800e-04	9.15378e-01	3.50000e+00
1.60000e-05	8.63464e-01	1.50000e+00
3.84000e-05	7.57592e-01	1.50000e+00
6.08000e-05	7.05692e-01	1.50000e+00
8.32000e-05	6.71707e-01	1.50000e+00
1.05600e-04	6.46650e-01	1.50000e+00
2.56000e-05	1.26020e+00	3.50000e+00
6.14400e-05	1.07974e+00	3.50000e+00
9.72800e-05	9.93523e-01	3.50000e+00
1.33120e-04	9.37904e-01	3.50000e+00
1.68960e-04	8.97331e-01	3.50000e+00
1.60000e-05	8.63464e-01	1.50000e+00
3.84000e-05	7.57592e-01	1.50000e+00
6.08000e-05	7.05692e-01	1.50000e+00
8.32000e-05	6.71707e-01	1.50000e+00
1.05600e-04	6.46650e-01	1.50000e+00
2.65500e-05	1.25225e+00	3.50000e+00
6.37200e-05	1.07269e+00	3.50000e+00
1.00890e-04	9.86929e-01	3.50000e+00
1.38060e-04	9.31609e-01	3.50000e+00
1.75230e-04	8.91258e-01	3.50000e+00
2.50000e-05	8.08343e-01	1.50000e+00
6.00000e-05	7.07153e-01	1.50000e+00
9.50000e-05	6.57686e-01	1.50000e+00
1.30000e-04	6.25346e-01	1.50000e+00
1.65000e-04	6.01530e-01	1.50000e+00
2.86500e-05	1.23577e+00	3.50000e+00
6.87600e-05	1.05809e+00	3.50000e+00
1.08870e-04	9.73267e-01	3.50000e+00
1.48980e-04	9.18567e-01	3.50000e+00
1.89090e-04	8.78677e-01	3.50000e+00
4.00000e-05	7.52879e-01	1.50000e+00
9.60000e-05	6.56587e-01	1.50000e+00
1.52000e-04	6.09654e-01	1.50000e+00
2.08000e-04	5.79024e-01	1.50000e+00
2.64000e-04	5.56496e-01	1.50000e+00
4.00000e-05	1.16549e+00	3.50000e+00
9.60000e-05	9.95929e-01	3.50000e+00
1.52000e-04	9.15154e-01	3.50000e+00
2.08000e-04	8.63128e-01	3.50000e+00
2.64000e-04	8.25219e-01	3.50000e+00
6.50000e-05	6.98357e-01	1.50000e+00
1.56000e-04	6.07074e-01	1.50000e+00
2.47000e-04	5.62720e-01	1.50000e+00
3.38000e-04	5.33828e-01	1.50000e+00
4.29000e-04	5.12606e-01	1.50000e+00
4.00000e-05	1.16549e+00	3.50000e+00
9.60000e-05	9.95929e-01	3.50000e+00
1.52000e-04	9.15154e-01	3.50000e+00
2.08000e-04	8.63128e-01	3.50000e+00
2.64000e-04	8.25219e-01	3.50000e+00
1.00000e-04	6.52318e-01	1.50000e+00
2.40000e-04	5.65424e-01	1.50000e+00
3.80000e-04	5.23322e-01	1.50000e+00
5.20000e-04	4.95942e-01	1.50000e+00
6.60000e-04	4.75854e-01	1.50000e+00
6.50000e-05	1.06886e+00	3.50000e+00
1.56000e-04	9.10751e-01	3.50000e+00
2.47000e-04	8.35663e-01	3.50000e+00
3.38000e-04	7.87383e-01	3.50000e+00
4.29000e-04	7.52246e-01	3.50000e+00
1.60000e-04	6.04567e-01	1.50000e+00
3.84000e-04	5.22391e-01	1.50000e+00
6.08000e-04	4.82699e-01	1.50000e+00
8.32000e-04	4.56932e-01	1.50000e+00
1.05600e-03	4.38053e-01	1.50000e+00
1.00000e-04	9.88529e-01	3.50000e+00
2.40000e-04	8.40207e-01	3.50000e+00
3.80000e-04	7.69955e-01	3.50000e+00
5.20000e-04	7.24852e-01	3.50000e+00
6.60000e-04	6.92062e-01	3.50000e+00
2.50000e-04	5.61588e-01	1.50000e+00
6.00000e-04	4.83810e-01	1.50000e+00
9.50000e-04	4.46355e-01	1.50000e+00
1.30000e-03	4.22083e-01	1.50000e+00
1.65000e-03	4.04321e-01	1.50000e+00
1.60000e-04	9.06476e-01	3.50000e+00
3.84000e-04	7.68412e-01	3.50000e+00
6.08000e-04	7.03206e-01	3.50000e+00
8.32000e-04	6.61411e-01	3.50000e+00
1.05600e-03	6.31059e-01	3.50000e+00
4.00000e-04	5.18770e-01	1.50000e+00
9.60000e-04	4.45528e-01	1.50000e+00
1.52000e-03	4.10368e-01	1.50000e+00
2.08000e-03	3.87626e-01	1.50000e+00
2.64000e-03	3.71005e-01	1.50000e+00
2.50000e-04	8.33760e-01	3.50000e+00
6.00000e-04	7.05019e-01	3.50000e+00
9.50000e-04	6.44377e-01	3.50000e+00
1.30000e-03	6.05566e-01	3.50000e+00
1.65000e-03	5.77411e-01	3.50000e+00
5.00000e-04	4.99306e-01	1.50000e+00
1.20000e-03	4.28178e-01	1.50000e+00
1.90000e-03	3.94086e-01	1.50000e+00
2.60000e-03	3.72052e-01	1.50000e+00
3.30000e-03	3.55960e-01	1.50000e+00
4.00000e-04	7.62424e-01	3.50000e+00
9.60000e-04	6.43049e-01	3.50000e+00
1.52000e-03	5.86974e-01	3.50000e+00
2.08000e-03	5.51140e-01	3.50000e+00
2.64000e-03	5.25173e-01	3.50000e+00
1.60000e-03	4.06580e-01	1.50000e+00
3.84000e-03	3.46019e-01	1.50000e+00
6.08000e-03	3.17220e-01	1.50000e+00
8.32000e-03	2.98691e-01	1.50000e+00
1.05600e-02	2.85202e-01	1.50000e+00
6.50000e-04	6.94124e-01	3.50000e+00
1.56000e-03	5.83933e-01	3.50000e+00
2.47000e-03	5.32315e-01	3.50000e+00
3.38000e-03	4.99380e-01	3.50000e+00
4.29000e-03	4.75540e-01	3.50000e+00
6.50000e-04	4.77122e-01	1.50000e+00
1.56000e-03	4.08447e-01	1.50000e+00
2.47000e-03	3.75588e-01	1.50000e+00
3.38000e-03	3.54374e-01	1.50000e+00
4.29000e-03	3.38891e-01	1.50000e+00
1.00000e-03	6.37890e-01	3.50000e+00
2.40000e-03	5.35425e-01	3.50000e+00
3.80000e-03	4.87542e-01	3.50000e+00
5.20000e-03	4.57030e-01	3.50000e+00
6.60000e-03	4.34965e-01	3.50000e+00
1.23500e-05	1.05866e+00	2.00000e+00
2.96400e-05	9.23746e-01	2.00000e+00
4.69300e-05	8.58007e-01	2.00000e+00
6.42200e-05	8.15110e-01	2.00000e+00
8.15100e-05	7.83564e-01	2.00000e+00
4.00000e-03	4.82434e-01	3.50000e+00
9.60000e-03	4.02169e-01	3.50000e+00
1.52000e-02	3.64934e-01	3.50000e+00
2.08000e-02	3.41303e-01	3.50000e+00
2.64000e-02	3.24262e-01	3.50000e+00
1.46500e-05	1.03134e+00	2.00000e+00
3.51600e-05	8.98910e-01	2.00000e+00
5.56700e-05	8.34453e-01	2.00000e+00
7.61800e-05	7.92420e-01	2.00000e+00
9.66900e-05	7.61522e-01	2.00000e+00
2.61000e-05	1.41458e+00	4.50000e+00
6.26400e-05	1.20501e+00	4.50000e+00
9.91800e-05	1.10556e+00	4.50000e+00
1.35720e-04	1.04163e+00	4.50000e+00
1.72260e-04	9.95121e-01	4.50000e+00
1.63500e-05	1.01403e+00	2.00000e+00
3.92400e-05	8.83197e-01	2.00000e+00
6.21300e-05	8.19560e-01	2.00000e+00
8.50200e-05	7.78079e-01	2.00000e+00
1.07910e-04	7.47596e-01	2.00000e+00
2.96000e-05	1.38278e+00	4.50000e+00
7.10400e-05	1.17708e+00	4.50000e+00
1.12480e-04	1.07953e+00	4.50000e+00
1.53920e-04	1.01686e+00	4.50000e+00
1.95360e-04	9.71280e-01	4.50000e+00
2.50000e-05	9.48984e-01	2.00000e+00
6.00000e-05	8.24271e-01	2.00000e+00
9.50000e-05	7.63776e-01	2.00000e+00
1.30000e-04	7.24406e-01	2.00000e+00
1.65000e-04	6.95507e-01	2.00000e+00
3.09000e-05	1.37205e+00	4.50000e+00
7.41600e-05	1.16766e+00	4.50000e+00
1.17420e-04	1.07076e+00	4.50000e+00
1.60680e-04	1.00851e+00	4.50000e+00
2.03940e-04	9.63247e-01	4.50000e+00
2.50000e-05	9.48984e-01	2.00000e+00
6.00000e-05	8.24271e-01	2.00000e+00
9.50000e-05	7.63776e-01	2.00000e+00
1.30000e-04	7.24406e-01	2.00000e+00
1.65000e-04	6.95507e-01	2.00000e+00
3.41500e-05	1.34734e+00	4.50000e+00
8.19600e-05	1.14598e+00	4.50000e+00
1.29770e-04	1.05058e+00	4.50000e+00
1.77580e-04	9.89314e-01	4.50000e+00
2.25390e-04	9.44771e-01	4.50000e+00
4.00000e-05	8.80472e-01	2.00000e+00
9.60000e-05	7.62437e-01	2.00000e+00
1.52000e-04	7.05356e-01	2.00000e+00
2.08000e-04	6.68272e-01	2.00000e+00
2.64000e-04	6.41086e-01	2.00000e+00
3.66000e-05	1.33043e+00	4.50000e+00
8.78400e-05	1.13115e+00	4.50000e+00
1.39080e-04	1.03678e+00	4.50000e+00
1.90320e-04	9.76192e-01	4.50000e+00
2.41560e-04	9.32147e-01	4.50000e+00
6.50000e-05	8.13491e-01	2.00000e+00
1.56000e-04	7.02227e-01	2.00000e+00
2.47000e-04	6.48590e-01	2.00000e+00
3.38000e-04	6.13808e-01	2.00000e+00
4.29000e-04	5.88343e-01	2.00000e+00
4.09000e-05	1.30368e+00	4.50000e+00
9.81600e-05	1.10772e+00	4.50000e+00
1.55420e-04	1.01497e+00	4.50000e+00
2.12680e-04	9.55458e-01	4.50000e+00
2.69940e-04	9.12203e-01	4.50000e+00
1.00000e-04	7.57232e-01	2.00000e+00
2.40000e-04	6.51852e-01	2.00000e+00
3.80000e-04	6.01194e-01	2.00000e+00
5.20000e-04	5.68398e-01	2.00000e+00
6.60000e-04	5.44414e-01	2.00000e+00
4.09000e-05	1.30368e+00	4.50000e+00
9.81600e-05	1.10772e+00	4.50000e+00
1.55420e-04	1.01497e+00	4.50000e+00
2.12680e-04	9.55458e-01	4.50000e+00
2.69940e-04	9.12203e-01	4.50000e+00
1.60000e-04	6.99188e-01	2.00000e+00
3.84000e-04	6.00076e-01	2.00000e+00
6.08000e-04	5.52578e-01	2.00000e+00
8.32000e-04	5.21882e-01	2.00000e+00
1.05600e-03	4.99463e-01	2.00000e+00
6.50000e-05	1.19675e+00	4.50000e+00
1.56000e-04	1.01425e+00	4.50000e+00
2.47000e-04	9.28119e-01	4.50000e+00
3.38000e-04	8.72935e-01	4.50000e+00
4.29000e-04	8.32873e-01	4.50000e+00
2.50000e-04	6.47224e-01	2.00000e+00
6.00000e-04	5.53905e-01	2.00000e+00
9.50000e-04	5.09314e-01	2.00000e+00
1.30000e-03	4.80545e-01	2.00000e+00
1.65000e-03	4.59558e-01	2.00000e+00
6.50000e-05	1.19675e+00	4.50000e+00
1.56000e-04	1.01425e+00	4.50000e+00
2.47000e-04	9.28119e-01	4.50000e+00
3.38000e-04	8.72935e-01	4.50000e+00
4.29000e-04	8.32873e-01	4.50000e+00
5.00000e-04	5.72421e-01	2.00000e+00
1.20000e-03	4.87761e-01	2.00000e+00
1.90000e-03	4.47491e-01	2.00000e+00
2.60000e-03	4.21576e-01	2.00000e+00
3.30000e-03	4.02706e-01	2.00000e+00
1.00000e-04	1.10384e+00	4.50000e+00
2.40000e-04	9.33322e-01	4.50000e+00
3.80000e-04	8.53054e-01	4.50000e+00
5.20000e-04	8.01698e-01	4.50000e+00
6.60000e-04	7.64453e-01	4.50000e+00
1.60000e-03	4.62225e-01	2.00000e+00
3.84000e-03	3.91075e-01	2.00000e+00
6.08000e-03	3.57483e-01	2.00000e+00
8.32000e-03	3.35957e-01	2.00000e+00
1.05600e-02	3.20330e-01	2.00000e+00
1.60000e-04	1.00934e+00	4.50000e+00
3.84000e-04	8.51295e-01	4.50000e+00
6.08000e-04	7.77102e-01	4.50000e+00
8.32000e-04	7.29705e-01	4.50000e+00
1.05600e-03	6.95366e-01	4.50000e+00
6.50000e-04	5.45925e-01	2.00000e+00
1.56000e-03	4.64429e-01	2.00000e+00
2.47000e-03	4.25729e-01	2.00000e+00
3.38000e-03	4.00849e-01	2.00000e+00
4.29000e-03	3.82745e-01	2.00000e+00
2.50000e-04	9.25942e-01	4.50000e+00
6.00000e-04	7.79160e-01	4.50000e+00
9.50000e-04	7.10425e-01	4.50000e+00
1.30000e-03	6.66576e-01	4.50000e+00
1.65000e-03	6.34838e-01	4.50000e+00
1.54500e-05	1.20320e+00	2.70000e+00
3.70800e-05	1.04056e+00	2.70000e+00
5.87100e-05	9.62070e-01	2.70000e+00
8.03400e-05	9.11133e-01	2.70000e+00
1.01970e-04	8.73822e-01	2.70000e+00
4.00000e-04	8.44469e-01	4.50000e+00
9.60000e-04	7.08922e-01	4.50000e+00
1.52000e-03	6.45611e-01	4.50000e+00
2.08000e-03	6.05278e-01	4.50000e+00
2.64000e-03	5.76115e-01	4.50000e+00
1.83000e-05	1.17039e+00	2.70000e+00
4.39200e-05	1.01111e+00	2.70000e+00
6.95400e-05	9.34315e-01	2.70000e+00
9.51600e-05	8.84515e-01	2.70000e+00
1.20780e-04	8.48053e-01	2.70000e+00
6.50000e-04	7.66792e-01	4.50000e+00
1.56000e-03	6.42184e-01	4.50000e+00
2.47000e-03	5.84130e-01	4.50000e+00
3.38000e-03	5.47200e-01	4.50000e+00
4.29000e-03	5.20523e-01	4.50000e+00
2.04500e-05	1.14921e+00	2.70000e+00
4.90800e-05	9.92121e-01	2.70000e+00
7.77100e-05	9.16438e-01	2.70000e+00
1.06340e-04	8.67379e-01	2.70000e+00
1.34970e-04	8.31468e-01	2.70000e+00
1.00000e-03	7.03088e-01	4.50000e+00
2.40000e-03	5.87622e-01	4.50000e+00
3.80000e-03	5.33947e-01	4.50000e+00
5.20000e-03	4.99844e-01	4.50000e+00
6.60000e-03	4.75230e-01	4.50000e+00
2.04500e-05	1.14921e+00	2.70000e+00
4.90800e-05	9.92121e-01	2.70000e+00
7.77100e-05	9.16438e-01	2.70000e+00
1.06340e-04	8.67379e-01	2.70000e+00
1.34970e-04	8.31468e-01	2.70000e+00
1.60000e-03	6.38859e-01	4.50000e+00
3.84000e-03	5.32776e-01	4.50000e+00
6.08000e-03	4.83578e-01	4.50000e+00
8.32000e-03	4.52360e-01	4.50000e+00
1.05600e-02	4.29848e-01	4.50000e+00
2.50000e-05	1.11164e+00	2.70000e+00
6.00000e-05	9.58472e-01	2.70000e+00
9.50000e-05	8.84777e-01	2.70000e+00
1.30000e-04	8.37041e-01	2.70000e+00
1.65000e-04	8.02119e-01	2.70000e+00
2.50000e-05	1.11164e+00	2.70000e+00
6.00000e-05	9.58472e-01	2.70000e+00
9.50000e-05	8.84777e-01	2.70000e+00
1.30000e-04	8.37041e-01	2.70000e+00
1.65000e-04	8.02119e-01	2.70000e+00
3.77000e-05	1.55271e+00	6.50000e+00
9.04800e-05	1.31006e+00	6.50000e+00
1.43260e-04	1.19617e+00	6.50000e+00
1.96040e-04	1.12341e+00	6.50000e+00
2.48820e-04	1.07070e+00	6.50000e+00
6.96000e-05	1.73896e+00	1.20000e+01
1.67040e-04	1.44808e+00	1.20000e+01
2.64480e-04	1.31362e+00	1.20000e+01
3.61920e-04	1.22846e+00	1.20000e+01
4.59360e-04	1.16712e+00	1.20000e+01
4.01500e-05	1.53408e+00	6.50000e+00
9.63600e-05	1.29393e+00	6.50000e+00
1.52570e-04	1.18124e+00	6.50000e+00
2.08780e-04	1.10928e+00	6.50000e+00
2.64990e-04	1.05715e+00	6.50000e+00
8.05000e-05	1.68727e+00	1.20000e+01
1.93200e-04	1.40422e+00	1.20000e+01
3.05900e-04	1.27347e+00	1.20000e+01
4.18600e-04	1.19068e+00	1.20000e+01
5.31300e-04	1.13107e+00	1.20000e+01
4.27500e-05	1.51571e+00	6.50000e+00
1.02600e-04	1.27802e+00	6.50000e+00
1.62450e-04	1.16653e+00	6.50000e+00
2.22300e-04	1.09535e+00	6.50000e+00
2.82150e-04	1.04379e+00	6.50000e+00
8.05000e-05	1.68727e+00	1.20000e+01
1.93200e-04	1.40422e+00	1.20000e+01
3.05900e-04	1.27347e+00	1.20000e+01
4.18600e-04	1.19068e+00	1.20000e+01
5.31300e-04	1.13107e+00	1.20000e+01
4.76000e-05	1.48466e+00	6.50000e+00
1.14240e-04	1.25116e+00	6.50000e+00
1.80880e-04	1.14171e+00	6.50000e+00
2.47520e-04	1.07184e+00	6.50000e+00
3.14160e-04	1.02125e+00	6.50000e+00
9.10000e-05	1.64478e+00	1.20000e+01
2.18400e-04	1.36820e+00	1.20000e+01
3.45800e-04	1.24051e+00	1.20000e+01
4.73200e-04	1.15968e+00	1.20000e+01
6.00600e-04	1.10149e+00	1.20000e+01
4.93000e-05	1.47464e+00	6.50000e+00
1.18320e-04	1.24250e+00	6.50000e+00
1.87340e-04	1.13370e+00	6.50000e+00
2.56360e-04	1.06426e+00	6.50000e+00
3.25380e-04	1.01398e+00	6.50000e+00
1.00000e-04	1.61275e+00	1.20000e+01
2.40000e-04	1.34106e+00	1.20000e+01
3.80000e-04	1.21568e+00	1.20000e+01
5.20000e-04	1.13633e+00	1.20000e+01
6.60000e-04	1.07921e+00	1.20000e+01
4.93000e-05	1.47464e+00	6.50000e+00
1.18320e-04	1.24250e+00	6.50000e+00
1.87340e-04	1.13370e+00	6.50000e+00
2.56360e-04	1.06426e+00	6.50000e+00
3.25380e-04	1.01398e+00	6.50000e+00
1.00000e-04	1.61275e+00	1.20000e+01
2.40000e-04	1.34106e+00	1.20000e+01
3.80000e-04	1.21568e+00	1.20000e+01
5.20000e-04	1.13633e+00	1.20000e+01
6.60000e-04	1.07921e+00	1.20000e+01
6.50000e-05	1.39766e+00	6.50000e+00
1.56000e-04	1.17601e+00	6.50000e+00
2.47000e-04	1.07229e+00	6.50000e+00
3.38000e-04	1.00615e+00	6.50000e+00
4.29000e-04	9.58291e-01	6.50000e+00
1.60000e-04	1.46130e+00	1.20000e+01
3.84000e-04	1.21295e+00	1.20000e+01
6.08000e-04	1.09857e+00	1.20000e+01
8.32000e-04	1.02626e+00	1.20000e+01
1.05600e-03	9.74246e-01	1.20000e+01
6.50000e-05	1.39766e+00	6.50000e+00
1.56000e-04	1.17601e+00	6.50000e+00
2.47000e-04	1.07229e+00	6.50000e+00
3.38000e-04	1.00615e+00	6.50000e+00
4.29000e-04	9.58291e-01	6.50000e+00
1.60000e-04	1.46130e+00	1.20000e+01
3.84000e-04	1.21295e+00	1.20000e+01
6.08000e-04	1.09857e+00	1.20000e+01
8.32000e-04	1.02626e+00	1.20000e+01
1.05600e-03	9.74246e-01	1.20000e+01
1.00000e-04	1.28451e+00	6.50000e+00
2.40000e-04	1.07854e+00	6.50000e+00
3.80000e-04	9.82383e-01	6.50000e+00
5.20000e-04	9.21142e-01	6.50000e+00
6.60000e-04	8.76867e-01	6.50000e+00
2.50000e-04	1.32947e+00	1.20000e+01
6.00000e-04	1.10172e+00	1.20000e+01
9.50000e-04	9.97017e-01	1.20000e+01
1.30000e-03	9.30886e-01	1.20000e+01
1.65000e-03	8.83351e-01	1.20000e+01
1.00000e-04	1.28451e+00	6.50000e+00
2.40000e-04	1.07854e+00	6.50000e+00
3.80000e-04	9.82383e-01	6.50000e+00
5.20000e-04	9.21142e-01	6.50000e+00
6.60000e-04	8.76867e-01	6.50000e+00
4.00000e-04	1.20237e+00	1.20000e+01
9.60000e-04	9.94741e-01	1.20000e+01
1.52000e-03	8.99454e-01	1.20000e+01
2.08000e-03	8.39332e-01	1.20000e+01
2.64000e-03	7.96145e-01	1.20000e+01
1.60000e-04	1.17008e+00	6.50000e+00
3.84000e-04	9.80283e-01	6.50000e+00
6.08000e-04	8.91890e-01	6.50000e+00
8.32000e-04	8.35671e-01	6.50000e+00
1.05600e-03	7.95064e-01	6.50000e+00
6.50000e-04	1.08279e+00	1.20000e+01
1.56000e-03	8.94328e-01	1.20000e+01
2.47000e-03	8.07990e-01	1.20000e+01
3.38000e-03	7.53567e-01	1.20000e+01
4.29000e-03	7.14499e-01	1.20000e+01
2.50000e-04	1.06968e+00	6.50000e+00
6.00000e-04	8.94336e-01	6.50000e+00
9.50000e-04	8.12859e-01	6.50000e+00
1.30000e-03	7.61102e-01	6.50000e+00
1.65000e-03	7.23750e-01	6.50000e+00
1.00000e-03	9.85914e-01	1.20000e+01
2.40000e-03	8.13157e-01	1.20000e+01
3.80000e-03	7.34132e-01	1.20000e+01
5.20000e-03	6.84358e-01	1.20000e+01
6.60000e-03	6.48649e-01	1.20000e+01
4.00000e-04	9.72130e-01	6.50000e+00
9.60000e-04	8.11082e-01	6.50000e+00
1.52000e-03	7.36418e-01	6.50000e+00
2.08000e-03	6.89047e-01	6.50000e+00
2.64000e-03	6.54891e-01	6.50000e+00
1.60000e-03	8.89358e-01	1.20000e+01
3.84000e-03	7.32417e-01	1.20000e+01
6.08000e-03	6.60740e-01	1.20000e+01
8.32000e-03	6.15632e-01	1.20000e+01
1.05600e-02	5.83289e-01	1.20000e+01
6.50000e-04	8.79645e-01	6.50000e+00
1.56000e-03	7.32387e-01	6.50000e+00
2.47000e-03	6.64270e-01	6.50000e+00
3.38000e-03	6.21107e-01	6.50000e+00
4.29000e-03	5.90010e-01	6.50000e+00
2.50000e-03	8.05830e-01	1.20000e+01
6.00000e-03	6.62711e-01	1.20000e+01
9.50000e-03	5.97438e-01	1.20000e+01
1.30000e-02	5.56393e-01	1.20000e+01
1.65000e-02	5.26979e-01	1.20000e+01
1.00000e-03	8.04187e-01	6.50000e+00
2.40000e-03	6.68358e-01	6.50000e+00
3.80000e-03	6.05649e-01	6.50000e+00
5.20000e-03	5.65955e-01	6.50000e+00
6.60000e-03	5.37378e-01	6.50000e+00
1.60000e-03	7.28477e-01	6.50000e+00
3.84000e-03	6.04284e-01	6.50000e+00
6.08000e-03	5.47063e-01	6.50000e+00
8.32000e-03	5.10882e-01	6.50000e+00
1.05600e-02	4.84855e-01	6.50000e+00
8.70000e-05	1.79081e+00	1.50000e+01
2.08800e-04	1.48547e+00	1.50000e+01
3.30600e-04	1.34497e+00	1.50000e+01
4.52400e-04	1.25620e+00	1.50000e+01
5.74200e-04	1.19237e+00	1.50000e+01
2.50000e-03	6.62560e-01	6.50000e+00
6.00000e-03	5.48641e-01	6.50000e+00
9.50000e-03	4.96250e-01	6.50000e+00
1.30000e-02	4.63157e-01	6.50000e+00
1.65000e-02	4.39368e-01	6.50000e+00
1.00000e-04	1.73871e+00	1.50000e+01
2.40000e-04	1.44154e+00	1.50000e+01
3.80000e-04	1.30487e+00	1.50000e+01
5.20000e-04	1.21854e+00	1.50000e+01
6.60000e-04	1.15648e+00	1.50000e+01
1.00000e-04	1.73871e+00	1.50000e+01
2.40000e-04	1.44154e+00	1.50000e+01
3.80000e-04	1.30487e+00	1.50000e+01
5.20000e-04	1.21854e+00	1.50000e+01
6.60000e-04	1.15648e+00	1.50000e+01
1.14000e-04	1.69096e+00	1.50000e+01
2.73600e-04	1.40129e+00	1.50000e+01
4.33200e-04	1.26814e+00	1.50000e+01
5.92800e-04	1.18406e+00	1.50000e+01
7.52400e-04	1.12363e+00	1.50000e+01
4.93000e-05	1.64170e+00	8.50000e+00
1.18320e-04	1.37660e+00	8.50000e+00
1.87340e-04	1.25306e+00	8.50000e+00
2.56360e-04	1.17445e+00	8.50000e+00
3.25380e-04	1.11767e+00	8.50000e+00
1.23000e-04	1.66381e+00	1.50000e+01
2.95200e-04	1.37842e+00	1.50000e+01
4.67400e-04	1.24728e+00	1.50000e+01
6.39600e-04	1.16449e+00	1.50000e+01
8.11800e-04	1.10498e+00	1.50000e+01
5.25000e-05	1.62129e+00	8.50000e+00
1.26000e-04	1.35908e+00	8.50000e+00
1.99500e-04	1.23693e+00	8.50000e+00
2.73000e-04	1.15923e+00	8.50000e+00
3.46500e-04	1.10310e+00	8.50000e+00
1.60000e-04	1.57288e+00	1.50000e+01
3.84000e-04	1.30190e+00	1.50000e+01
6.08000e-04	1.17751e+00	1.50000e+01
8.32000e-04	1.09901e+00	1.50000e+01
1.05600e-03	1.04262e+00	1.50000e+01
5.60000e-05	1.60056e+00	8.50000e+00
1.34400e-04	1.34131e+00	8.50000e+00
2.12800e-04	1.22058e+00	8.50000e+00
2.91200e-04	1.14379e+00	8.50000e+00
3.69600e-04	1.08833e+00	8.50000e+00
1.60000e-04	1.57288e+00	1.50000e+01
3.84000e-04	1.30190e+00	1.50000e+01
6.08000e-04	1.17751e+00	1.50000e+01
8.32000e-04	1.09901e+00	1.50000e+01
1.05600e-03	1.04262e+00	1.50000e+01
6.20000e-05	1.56834e+00	8.50000e+00
1.48800e-04	1.31370e+00	8.50000e+00
2.35600e-04	1.19517e+00	8.50000e+00
3.22400e-04	1.11981e+00	8.50000e+00
4.09200e-04	1.06539e+00	8.50000e+00
2.50000e-04	1.42889e+00	1.50000e+01
6.00000e-04	1.18093e+00	1.50000e+01
9.50000e-04	1.06730e+00	1.50000e+01
1.30000e-03	9.95656e-01	1.50000e+01
1.65000e-03	9.44219e-01	1.50000e+01
6.45000e-05	1.55598e+00	8.50000e+00
1.54800e-04	1.30311e+00	8.50000e+00
2.45100e-04	1.18543e+00	8.50000e+00
3.35400e-04	1.11062e+00	8.50000e+00
4.25700e-04	1.05660e+00	8.50000e+00
4.00000e-04	1.29038e+00	1.50000e+01
9.60000e-04	1.06483e+00	1.50000e+01
1.52000e-03	9.61638e-01	1.50000e+01
2.08000e-03	8.96633e-01	1.50000e+01
2.64000e-03	8.49991e-01	1.50000e+01
6.95000e-05	1.53286e+00	8.50000e+00
1.66800e-04	1.28332e+00	8.50000e+00
2.64100e-04	1.16723e+00	8.50000e+00
3.61400e-04	1.09344e+00	8.50000e+00
4.58700e-04	1.04017e+00	8.50000e+00
6.50000e-04	1.16037e+00	1.50000e+01
1.56000e-03	9.56092e-01	1.50000e+01
2.47000e-03	8.62779e-01	1.50000e+01
3.38000e-03	8.04050e-01	1.50000e+01
4.29000e-03	7.61936e-01	1.50000e+01
6.95000e-05	1.53286e+00	8.50000e+00
1.66800e-04	1.28332e+00	8.50000e+00
2.64100e-04	1.16723e+00	8.50000e+00
3.61400e-04	1.09344e+00	8.50000e+00
4.58700e-04	1.04017e+00	8.50000e+00
1.00000e-03	1.05527e+00	1.50000e+01
2.40000e-03	8.68358e-01	1.50000e+01
3.80000e-03	7.83095e-01	1.50000e+01
5.20000e-03	7.29472e-01	1.50000e+01
6.60000e-03	6.91039e-01	1.50000e+01
1.00000e-04	1.42443e+00	8.50000e+00
2.40000e-04	1.19061e+00	8.50000e+00
3.80000e-04	1.08203e+00	8.50000e+00
5.20000e-04	1.01309e+00	8.50000e+00
6.60000e-04	9.63345e-01	8.50000e+00
1.60000e-03	9.50716e-01	1.50000e+01
3.84000e-03	7.81247e-01	1.50000e+01
6.08000e-03	7.04048e-01	1.50000e+01
8.32000e-03	6.55534e-01	1.50000e+01
1.05600e-02	6.20782e-01	1.50000e+01
1.00000e-04	1.42443e+00	8.50000e+00
2.40000e-04	1.19061e+00	8.50000e+00
3.80000e-04	1.08203e+00	8.50000e+00
5.20000e-04	1.01309e+00	8.50000e+00
6.60000e-04	9.63345e-01	8.50000e+00
2.50000e-03	8.60446e-01	1.50000e+01
6.00000e-03	7.06169e-01	1.50000e+01
9.50000e-03	6.35981e-01	1.50000e+01
1.30000e-02	5.91904e-01	1.50000e+01
1.65000e-02	5.60345e-01	1.50000e+01
1.60000e-04	1.29432e+00	8.50000e+00
3.84000e-04	1.07966e+00	8.50000e+00
6.08000e-04	9.80213e-01	8.50000e+00
8.32000e-04	9.17140e-01	8.50000e+00
1.05600e-03	8.71673e-01	8.50000e+00
4.00000e-03	7.74080e-01	1.50000e+01
9.60000e-03	6.34461e-01	1.50000e+01
1.52000e-02	5.71025e-01	1.50000e+01
2.08000e-02	5.31215e-01	1.50000e+01
2.64000e-02	5.02727e-01	1.50000e+01
2.50000e-04	1.18058e+00	8.50000e+00
6.00000e-04	9.82960e-01	8.50000e+00
9.50000e-04	8.91589e-01	8.50000e+00
1.30000e-03	8.33704e-01	8.50000e+00
1.65000e-03	7.92008e-01	8.50000e+00
4.00000e-04	1.07048e+00	8.50000e+00
9.60000e-04	8.89599e-01	8.50000e+00
1.52000e-03	8.06142e-01	8.50000e+00
2.08000e-03	7.53330e-01	8.50000e+00
2.64000e-03	7.15319e-01	8.50000e+00
1.04500e-04	1.82615e+00	1.80000e+01
2.50800e-04	1.51046e+00	1.80000e+01
3.97100e-04	1.36569e+00	1.80000e+01
5.43400e-04	1.27437e+00	1.80000e+01
6.89700e-04	1.20880e+00	1.80000e+01
6.50000e-04	9.66463e-01	8.50000e+00
1.56000e-03	8.01644e-01	8.50000e+00
2.47000e-03	7.25751e-01	8.50000e+00
3.38000e-03	6.77779e-01	8.50000e+00
4.29000e-03	6.43277e-01	8.50000e+00
1.18500e-04	1.77737e+00	1.80000e+01
2.84400e-04	1.46950e+00	1.80000e+01
4.50300e-04	1.32838e+00	1.80000e+01
6.16200e-04	1.23939e+00	1.80000e+01
7.82100e-04	1.17550e+00	1.80000e+01
1.00000e-03	8.81881e-01	8.50000e+00
2.40000e-03	7.30299e-01	8.50000e+00
3.80000e-03	6.60623e-01	8.50000e+00
5.20000e-03	6.16621e-01	8.50000e+00
6.60000e-03	5.84996e-01	8.50000e+00
1.34000e-04	1.73083e+00	1.80000e+01
3.21600e-04	1.43045e+00	1.80000e+01
5.09200e-04	1.29282e+00	1.80000e+01
6.96800e-04	1.20605e+00	1.80000e+01
8.84400e-04	1.14377e+00	1.80000e+01
1.60000e-03	7.97281e-01	8.50000e+00
3.84000e-03	6.59108e-01	8.50000e+00
6.08000e-03	5.95709e-01	8.50000e+00
8.32000e-03	5.55712e-01	8.50000e+00
1.05600e-02	5.26985e-01	8.50000e+00
1.34000e-04	1.73083e+00	1.80000e+01
3.21600e-04	1.43045e+00	1.80000e+01
5.09200e-04	1.29282e+00	1.80000e+01
6.96800e-04	1.20605e+00	1.80000e+01
8.84400e-04	1.14377e+00	1.80000e+01
2.50000e-03	7.23848e-01	8.50000e+00
6.00000e-03	5.97455e-01	8.50000e+00
9.50000e-03	5.39557e-01	8.50000e+00
1.30000e-02	5.03063e-01	8.50000e+00
1.65000e-02	4.76868e-01	8.50000e+00
1.64000e-04	1.65677e+00	1.80000e+01
3.93600e-04	1.36835e+00	1.80000e+01
6.23200e-04	1.23629e+00	1.80000e+01
8.52800e-04	1.15308e+00	1.80000e+01
1.08240e-03	1.09335e+00	1.80000e+01
1.64000e-04	1.65677e+00	1.80000e+01
3.93600e-04	1.36835e+00	1.80000e+01
6.23200e-04	1.23629e+00	1.80000e+01
8.52800e-04	1.15308e+00	1.80000e+01
1.08240e-03	1.09335e+00	1.80000e+01
6.50000e-05	1.65138e+00	1.00000e+01
1.56000e-04	1.37933e+00	1.00000e+01
2.47000e-04	1.25312e+00	1.00000e+01
3.38000e-04	1.17302e+00	1.00000e+01
4.29000e-04	1.11525e+00	1.00000e+01
2.50000e-04	1.51152e+00	1.80000e+01
6.00000e-04	1.24673e+00	1.80000e+01
9.50000e-04	1.12567e+00	1.80000e+01
1.30000e-03	1.04944e+00	1.80000e+01
1.65000e-03	9.94756e-01	1.80000e+01
1.00000e-04	1.51211e+00	1.00000e+01
2.40000e-04	1.26070e+00	1.00000e+01
3.80000e-04	1.14431e+00	1.00000e+01
5.20000e-04	1.07053e+00	1.00000e+01
6.60000e-04	1.01735e+00	1.00000e+01
2.50000e-04	1.51152e+00	1.80000e+01
6.00000e-04	1.24673e+00	1.80000e+01
9.50000e-04	1.12567e+00	1.80000e+01
1.30000e-03	1.04944e+00	1.80000e+01
1.65000e-03	9.94756e-01	1.80000e+01
1.60000e-04	1.37209e+00	1.00000e+01
3.84000e-04	1.14178e+00	1.00000e+01
6.08000e-04	1.03538e+00	1.00000e+01
8.32000e-04	9.68007e-01	1.00000e+01
1.05600e-03	9.19492e-01	1.00000e+01
4.00000e-04	1.36350e+00	1.80000e+01
9.60000e-04	1.12304e+00	1.80000e+01
1.52000e-03	1.01327e+00	1.80000e+01
2.08000e-03	9.44206e-01	1.80000e+01
2.64000e-03	8.94692e-01	1.80000e+01
2.50000e-04	1.24995e+00	1.00000e+01
6.00000e-04	1.03832e+00	1.00000e+01
9.50000e-04	9.40738e-01	1.00000e+01
1.30000e-03	8.79013e-01	1.00000e+01
1.65000e-03	8.34598e-01	1.00000e+01
6.50000e-04	1.22481e+00	1.80000e+01
1.56000e-03	1.00738e+00	1.80000e+01
2.47000e-03	9.08265e-01	1.80000e+01
3.38000e-03	8.45958e-01	1.80000e+01
4.29000e-03	8.01314e-01	1.80000e+01
4.00000e-04	1.13194e+00	1.00000e+01
9.60000e-04	9.38615e-01	1.00000e+01
1.52000e-03	8.49649e-01	1.00000e+01
2.08000e-03	7.93432e-01	1.00000e+01
2.64000e-03	7.53009e-01	1.00000e+01
1.00000e-03	1.11286e+00	1.80000e+01
2.40000e-03	9.14186e-01	1.80000e+01
3.80000e-03	8.23740e-01	1.80000e+01
5.20000e-03	7.66919e-01	1.80000e+01
6.60000e-03	7.26225e-01	1.80000e+01
6.50000e-04	1.02069e+00	1.00000e+01
1.56000e-03	8.44858e-01	1.00000e+01
2.47000e-03	7.64100e-01	1.00000e+01
3.38000e-03	7.13121e-01	1.00000e+01
4.29000e-03	6.76492e-01	1.00000e+01
1.60000e-03	1.00166e+00	1.80000e+01
3.84000e-03	8.21781e-01	1.80000e+01
6.08000e-03	7.39997e-01	1.80000e+01
8.32000e-03	6.88655e-01	1.80000e+01
1.05600e-02	6.51902e-01	1.80000e+01
1.00000e-03	9.30380e-01	1.00000e+01
2.40000e-03	7.68936e-01	1.00000e+01
3.80000e-03	6.94903e-01	1.00000e+01
5.20000e-03	6.48212e-01	1.00000e+01
6.60000e-03	6.14682e-01	1.00000e+01
2.50000e-03	9.05789e-01	1.80000e+01
6.00000e-03	7.42243e-01	1.80000e+01
9.50000e-03	6.67974e-01	1.80000e+01
1.30000e-02	6.21379e-01	1.80000e+01
1.65000e-02	5.88040e-01	1.80000e+01
2.50000e-03	7.62077e-01	1.00000e+01
6.00000e-03	6.27889e-01	1.00000e+01
9.50000e-03	5.66553e-01	1.00000e+01
1.30000e-02	5.27937e-01	1.00000e+01
1.65000e-02	5.00240e-01	1.00000e+01
4.00000e-03	8.14185e-01	1.80000e+01
9.60000e-03	6.66366e-01	1.80000e+01
1.52000e-02	5.99320e-01	1.80000e+01
2.08000e-02	5.57284e-01	1.80000e+01
2.64000e-02	5.27221e-01	1.80000e+01
1.45000e-04	1.80768e+00	2.20000e+01
3.48000e-04	1.49038e+00	2.20000e+01
5.51000e-04	1.34541e+00	2.20000e+01
7.54000e-04	1.25416e+00	2.20000e+01
9.57000e-04	1.18871e+00	2.20000e+01
1.60000e-04	1.76910e+00	2.20000e+01
3.84000e-04	1.45815e+00	2.20000e+01
6.08000e-04	1.31612e+00	2.20000e+01
8.32000e-04	1.22674e+00	2.20000e+01
1.05600e-03	1.16264e+00	2.20000e+01
1.72500e-04	1.74014e+00	2.20000e+01
4.14000e-04	1.43396e+00	2.20000e+01
6.55500e-04	1.29414e+00	2.20000e+01
8.97000e-04	1.20616e+00	2.20000e+01
1.13850e-03	1.14308e+00	2.20000e+01
1.94000e-04	1.69580e+00	2.20000e+01
4.65600e-04	1.39694e+00	2.20000e+01
7.37200e-04	1.26051e+00	2.20000e+01
1.00880e-03	1.17468e+00	2.20000e+01
1.28040e-03	1.11315e+00	2.20000e+01
2.50000e-04	1.60361e+00	2.20000e+01
6.00000e-04	1.32003e+00	2.20000e+01
9.50000e-04	1.19068e+00	2.20000e+01
1.30000e-03	1.10934e+00	2.20000e+01
1.65000e-03	1.05104e+00	2.20000e+01
2.50000e-04	1.60361e+00	2.20000e+01
6.00000e-04	1.32003e+00	2.20000e+01
9.50000e-04	1.19068e+00	2.20000e+01
1.30000e-03	1.10934e+00	2.20000e+01
1.65000e-03	1.05104e+00	2.20000e+01
2.96000e-04	1.54482e+00	2.20000e+01
7.10400e-04	1.27103e+00	2.20000e+01
1.12480e-03	1.14621e+00	2.20000e+01
1.53920e-03	1.06773e+00	2.20000e+01
1.95360e-03	1.01150e+00	2.20000e+01
4.00000e-04	1.44498e+00	2.20000e+01
9.60000e-04	1.18788e+00	2.20000e+01
1.52000e-03	1.07077e+00	2.20000e+01
2.08000e-03	9.97185e-01	2.20000e+01
2.64000e-03	9.44472e-01	2.20000e+01
6.50000e-04	1.29659e+00	2.20000e+01
1.56000e-03	1.06449e+00	2.20000e+01
2.47000e-03	9.58917e-01	2.20000e+01
3.38000e-03	8.92625e-01	2.20000e+01
4.29000e-03	8.45162e-01	2.20000e+01
1.00000e-03	1.17701e+00	2.20000e+01
2.40000e-03	9.65221e-01	2.20000e+01
3.80000e-03	8.69001e-01	2.20000e+01
5.20000e-03	8.08618e-01	2.20000e+01
6.60000e-03	7.65405e-01	2.20000e+01
1.60000e-03	1.05840e+00	2.20000e+01
3.84000e-03	8.66918e-01	2.20000e+01
6.08000e-03	7.80026e-01	2.20000e+01
8.32000e-03	7.25533e-01	2.20000e+01
1.05600e-02	6.86553e-01	2.20000e+01
2.50000e-03	9.56282e-01	2.20000e+01
6.00000e-03	7.82411e-01	2.20000e+01
9.50000e-03	7.03596e-01	2.20000e+01
1.30000e-02	6.54199e-01	2.20000e+01
1.65000e-02	6.18878e-01	2.20000e+01
4.00000e-03	8.58842e-01	2.20000e+01
9.60000e-03	7.01892e-01	2.20000e+01
1.52000e-02	6.30826e-01	2.20000e+01
2.08000e-02	5.86311e-01	2.20000e+01
2.64000e-02	5.54495e-01	2.20000e+01
