3.10500e-07	7.69809e-02	4.50000e-02
7.45200e-07	7.23814e-02	4.50000e-02
1.17990e-06	7.00201e-02	4.50000e-02
1.61460e-06	6.84495e-02	4.50000e-02
2.04930e-06	6.72812e-02	4.50000e-02
3.31000e-05	3.02904e-01	3.50000e-01
7.94400e-05	2.75971e-01	3.50000e-01
1.25780e-04	2.62581e-01	3.50000e-01
1.72120e-04	2.53650e-01	3.50000e-01
2.18460e-04	2.46928e-01	3.50000e-01
4.48500e-07	1.06588e-01	6.50000e-02
1.07640e-06	9.99718e-02	6.50000e-02
1.70430e-06	9.65999e-02	6.50000e-02
2.33220e-06	9.43650e-02	6.50000e-02
2.96010e-06	9.27031e-02	6.50000e-02
6.50000e-05	2.81971e-01	3.50000e-01
1.56000e-04	2.56437e-01	3.50000e-01
2.47000e-04	2.43481e-01	3.50000e-01
3.38000e-04	2.34712e-01	3.50000e-01
4.29000e-04	2.28089e-01	3.50000e-01
5.10000e-07	1.05609e-01	6.50000e-02
1.22400e-06	9.90185e-02	6.50000e-02
1.93800e-06	9.56774e-02	6.50000e-02
2.65200e-06	9.34655e-02	6.50000e-02
3.36600e-06	9.18192e-02	6.50000e-02
1.10000e-04	2.66442e-01	3.50000e-01
2.64000e-04	2.41616e-01	3.50000e-01
4.18000e-04	2.28808e-01	3.50000e-01
5.72000e-04	2.20175e-01	3.50000e-01
7.26000e-04	2.13711e-01	3.50000e-01
5.85000e-07	1.34136e-01	8.50000e-02
1.40400e-06	1.25531e-01	8.50000e-02
2.22300e-06	1.21174e-01	8.50000e-02
3.04200e-06	1.18292e-01	8.50000e-02
3.86100e-06	1.16149e-01	8.50000e-02
2.50000e-04	2.43143e-01	3.50000e-01
6.00000e-04	2.18872e-01	3.50000e-01
9.50000e-04	2.06550e-01	3.50000e-01
1.30000e-03	1.98377e-01	3.50000e-01
1.65000e-03	1.92273e-01	3.50000e-01
6.70000e-07	1.32788e-01	8.50000e-02
1.60800e-06	1.24229e-01	8.50000e-02
2.54600e-06	1.19918e-01	8.50000e-02
3.48400e-06	1.17068e-01	8.50000e-02
4.42200e-06	1.14944e-01	8.50000e-02
1.25500e-03	1.99286e-01	3.50000e-01
3.01200e-03	1.76981e-01	3.50000e-01
4.76900e-03	1.65081e-01	3.50000e-01
6.52600e-03	1.56761e-01	3.50000e-01
8.28300e-03	1.50343e-01	3.50000e-01
7.80000e-07	1.31282e-01	8.50000e-02
1.87200e-06	1.22785e-01	8.50000e-02
2.96400e-06	1.18528e-01	8.50000e-02
4.05600e-06	1.15710e-01	8.50000e-02
5.14800e-06	1.13605e-01	8.50000e-02
4.41500e-06	4.08492e-01	4.00000e-01
1.05960e-05	3.74535e-01	4.00000e-01
1.67770e-05	3.57434e-01	4.00000e-01
2.29580e-05	3.45927e-01	4.00000e-01
2.91390e-05	3.37281e-01	4.00000e-01
7.55000e-07	1.66146e-01	1.10000e-01
1.81200e-06	1.55100e-01	1.10000e-01
2.86900e-06	1.49547e-01	1.10000e-01
3.92600e-06	1.45879e-01	1.10000e-01
4.98300e-06	1.43147e-01	1.10000e-01
5.50000e-06	3.99725e-01	4.00000e-01
1.32000e-05	3.66318e-01	4.00000e-01
2.09000e-05	3.49358e-01	4.00000e-01
2.86000e-05	3.37954e-01	4.00000e-01
3.63000e-05	3.29409e-01	4.00000e-01
8.65000e-07	1.64405e-01	1.10000e-01
2.07600e-06	1.53434e-01	1.10000e-01
3.28700e-06	1.47945e-01	1.10000e-01
4.49800e-06	1.44315e-01	1.10000e-01
5.70900e-06	1.41605e-01	1.10000e-01
6.65000e-06	3.92298e-01	4.00000e-01
1.59600e-05	3.59277e-01	4.00000e-01
2.52700e-05	3.42436e-01	4.00000e-01
3.45800e-05	3.31139e-01	4.00000e-01
4.38900e-05	3.22700e-01	4.00000e-01
1.01000e-06	1.62429e-01	1.10000e-01
2.42400e-06	1.51558e-01	1.10000e-01
3.83800e-06	1.46141e-01	1.10000e-01
5.25200e-06	1.42550e-01	1.10000e-01
6.66600e-06	1.39861e-01	1.10000e-01
8.50000e-06	3.82870e-01	4.00000e-01
2.04000e-05	3.50245e-01	4.00000e-01
3.23000e-05	3.33578e-01	4.00000e-01
4.42000e-05	3.22454e-01	4.00000e-01
5.61000e-05	3.14176e-01	4.00000e-01
1.21500e-06	1.60087e-01	1.10000e-01
2.91600e-06	1.49355e-01	1.10000e-01
4.61700e-06	1.44016e-01	1.10000e-01
6.31800e-06	1.40463e-01	1.10000e-01
8.01900e-06	1.37793e-01	1.10000e-01
1.10000e-05	3.73130e-01	4.00000e-01
2.64000e-05	3.40849e-01	4.00000e-01
4.18000e-05	3.24415e-01	4.00000e-01
5.72000e-05	3.13509e-01	4.00000e-01
7.26000e-05	3.05417e-01	4.00000e-01
1.03500e-06	2.12647e-01	1.50000e-01
2.48400e-06	1.97819e-01	1.50000e-01
3.93300e-06	1.90432e-01	1.50000e-01
5.38200e-06	1.85550e-01	1.50000e-01
6.83100e-06	1.81905e-01	1.50000e-01
1.84000e-05	3.54032e-01	4.00000e-01
4.41600e-05	3.22485e-01	4.00000e-01
6.99200e-05	3.06683e-01	4.00000e-01
9.56800e-05	2.96260e-01	4.00000e-01
1.21440e-04	2.88513e-01	4.00000e-01
1.18000e-06	2.10381e-01	1.50000e-01
2.83200e-06	1.95680e-01	1.50000e-01
4.48400e-06	1.88377e-01	1.50000e-01
6.13600e-06	1.83539e-01	1.50000e-01
7.78800e-06	1.79918e-01	1.50000e-01
4.41500e-05	3.22493e-01	4.00000e-01
1.05960e-04	2.92927e-01	4.00000e-01
1.67770e-04	2.78196e-01	4.00000e-01
2.29580e-04	2.68316e-01	4.00000e-01
2.91390e-04	2.60862e-01	4.00000e-01
1.38000e-06	2.07690e-01	1.50000e-01
3.31200e-06	1.93159e-01	1.50000e-01
5.24400e-06	1.85950e-01	1.50000e-01
7.17600e-06	1.81157e-01	1.50000e-01
9.10800e-06	1.77558e-01	1.50000e-01
8.80000e-05	2.99013e-01	4.00000e-01
2.11200e-04	2.70936e-01	4.00000e-01
3.34400e-04	2.56576e-01	4.00000e-01
4.57600e-04	2.46874e-01	4.00000e-01
5.80800e-04	2.39582e-01	4.00000e-01
1.65500e-06	2.04595e-01	1.50000e-01
3.97200e-06	1.90276e-01	1.50000e-01
6.28900e-06	1.83163e-01	1.50000e-01
8.60600e-06	1.78411e-01	1.50000e-01
1.09230e-05	1.74830e-01	1.50000e-01
1.47000e-04	2.82394e-01	4.00000e-01
3.52800e-04	2.54912e-01	4.00000e-01
5.58600e-04	2.40768e-01	4.00000e-01
7.64400e-04	2.31310e-01	4.00000e-01
9.70200e-04	2.24268e-01	4.00000e-01
2.07000e-06	2.00835e-01	1.50000e-01
4.96800e-06	1.86785e-01	1.50000e-01
7.86600e-06	1.79767e-01	1.50000e-01
1.07640e-05	1.75050e-01	1.50000e-01
1.36620e-05	1.71485e-01	1.50000e-01
3.15500e-04	2.58385e-01	4.00000e-01
7.57200e-04	2.31593e-01	4.00000e-01
1.19890e-03	2.18129e-01	4.00000e-01
1.64060e-03	2.09201e-01	4.00000e-01
2.08230e-03	2.02503e-01	4.00000e-01
2.51000e-06	1.97649e-01	1.50000e-01
6.02400e-06	1.83821e-01	1.50000e-01
9.53800e-06	1.76864e-01	1.50000e-01
1.30520e-05	1.72167e-01	1.50000e-01
1.65660e-05	1.68614e-01	1.50000e-01
3.66000e-06	4.89281e-01	5.00000e-01
8.78400e-06	4.46875e-01	5.00000e-01
1.39080e-05	4.25801e-01	5.00000e-01
1.90320e-05	4.11687e-01	5.00000e-01
2.41560e-05	4.01083e-01	5.00000e-01
1.57500e-06	2.61612e-01	2.00000e-01
3.78000e-06	2.42467e-01	2.00000e-01
5.98500e-06	2.32996e-01	2.00000e-01
8.19000e-06	2.26703e-01	2.00000e-01
1.03950e-05	2.21978e-01	2.00000e-01
4.30000e-06	4.81183e-01	5.00000e-01
1.03200e-05	4.39420e-01	5.00000e-01
1.63400e-05	4.18526e-01	5.00000e-01
2.23600e-05	4.04507e-01	5.00000e-01
2.83800e-05	3.93984e-01	5.00000e-01
1.84000e-06	2.58112e-01	2.00000e-01
4.41600e-06	2.39221e-01	2.00000e-01
6.99200e-06	2.29862e-01	2.00000e-01
9.56800e-06	2.23616e-01	2.00000e-01
1.21440e-05	2.18914e-01	2.00000e-01
7.90000e-06	4.51828e-01	5.00000e-01
1.89600e-05	4.11856e-01	5.00000e-01
3.00200e-05	3.91523e-01	5.00000e-01
4.10800e-05	3.77949e-01	5.00000e-01
5.21400e-05	3.67847e-01	5.00000e-01
2.20500e-06	2.54087e-01	2.00000e-01
5.29200e-06	2.35498e-01	2.00000e-01
8.37900e-06	2.26249e-01	2.00000e-01
1.14660e-05	2.20045e-01	2.00000e-01
1.45530e-05	2.15363e-01	2.00000e-01
1.06000e-05	4.38189e-01	5.00000e-01
2.54400e-05	3.98795e-01	5.00000e-01
4.02800e-05	3.78791e-01	5.00000e-01
5.51200e-05	3.65523e-01	5.00000e-01
6.99600e-05	3.55687e-01	5.00000e-01
2.76000e-06	2.49177e-01	2.00000e-01
6.62400e-06	2.30948e-01	2.00000e-01
1.04880e-05	2.21802e-01	2.00000e-01
1.43520e-05	2.15636e-01	2.00000e-01
1.82160e-05	2.10977e-01	2.00000e-01
1.38000e-05	4.26154e-01	5.00000e-01
3.31200e-05	3.87239e-01	5.00000e-01
5.24400e-05	3.67607e-01	5.00000e-01
7.17600e-05	3.54652e-01	5.00000e-01
9.10800e-05	3.45061e-01	5.00000e-01
3.34500e-06	2.45052e-01	2.00000e-01
8.02800e-06	2.27101e-01	2.00000e-01
1.27110e-05	2.18018e-01	2.00000e-01
1.73940e-05	2.11877e-01	2.00000e-01
2.20770e-05	2.07240e-01	2.00000e-01
1.99000e-05	4.09695e-01	5.00000e-01
4.77600e-05	3.71541e-01	5.00000e-01
7.56200e-05	3.52525e-01	5.00000e-01
1.03480e-04	3.40012e-01	5.00000e-01
1.31340e-04	3.30724e-01	5.00000e-01
4.24500e-06	2.40041e-01	2.00000e-01
1.01880e-05	2.22375e-01	2.00000e-01
1.61310e-05	2.13349e-01	2.00000e-01
2.20740e-05	2.07243e-01	2.00000e-01
2.80170e-05	2.02644e-01	2.00000e-01
5.00000e-05	3.69608e-01	5.00000e-01
1.20000e-04	3.34222e-01	5.00000e-01
1.90000e-04	3.16625e-01	5.00000e-01
2.60000e-04	3.04833e-01	5.00000e-01
3.30000e-04	2.95949e-01	5.00000e-01
5.50000e-06	2.34712e-01	2.00000e-01
1.32000e-05	2.17276e-01	2.00000e-01
2.09000e-05	2.08303e-01	2.00000e-01
2.86000e-05	2.02249e-01	2.00000e-01
3.63000e-05	1.97706e-01	2.00000e-01
1.25500e-04	3.32483e-01	5.00000e-01
3.01200e-04	2.99344e-01	5.00000e-01
4.76900e-04	2.82368e-01	5.00000e-01
6.52600e-04	2.70991e-01	5.00000e-01
8.28300e-04	2.62510e-01	5.00000e-01
1.99000e-05	2.09255e-01	2.00000e-01
4.77600e-05	1.92562e-01	2.00000e-01
7.56200e-05	1.84168e-01	2.00000e-01
1.03480e-04	1.78584e-01	2.00000e-01
1.31340e-04	1.74395e-01	2.00000e-01
1.84000e-04	3.17840e-01	5.00000e-01
4.41600e-04	2.85188e-01	5.00000e-01
6.99200e-04	2.68521e-01	5.00000e-01
9.56800e-04	2.57461e-01	5.00000e-01
1.21440e-03	2.49256e-01	5.00000e-01
1.25500e-04	1.75192e-01	2.00000e-01
3.01200e-04	1.59957e-01	2.00000e-01
4.76900e-04	1.52021e-01	2.00000e-01
6.52600e-04	1.46674e-01	2.00000e-01
8.28300e-04	1.42667e-01	2.00000e-01
4.00000e-04	2.88830e-01	5.00000e-01
9.60000e-04	2.57345e-01	5.00000e-01
1.52000e-03	2.41680e-01	5.00000e-01
2.08000e-03	2.31271e-01	5.00000e-01
2.64000e-03	2.23422e-01	5.00000e-01
1.97000e-06	3.07463e-01	2.50000e-01
4.72800e-06	2.84093e-01	2.50000e-01
7.48600e-06	2.72542e-01	2.50000e-01
1.02440e-05	2.64843e-01	2.50000e-01
1.30020e-05	2.59053e-01	2.50000e-01
1.60000e-03	2.39966e-01	5.00000e-01
3.84000e-03	2.11022e-01	5.00000e-01
6.08000e-03	1.95491e-01	5.00000e-01
8.32000e-03	1.84659e-01	5.00000e-01
1.05600e-02	1.76327e-01	5.00000e-01
2.30000e-06	3.03192e-01	2.50000e-01
5.52000e-06	2.80154e-01	2.50000e-01
8.74000e-06	2.68727e-01	2.50000e-01
1.19600e-05	2.61077e-01	2.50000e-01
1.51800e-05	2.55312e-01	2.50000e-01
4.76000e-06	5.71293e-01	6.50000e-01
1.14240e-05	5.18944e-01	6.50000e-01
1.80880e-05	4.92821e-01	6.50000e-01
2.47520e-05	4.75345e-01	6.50000e-01
3.14160e-05	4.62265e-01	6.50000e-01
2.76000e-06	2.98235e-01	2.50000e-01
6.62400e-06	2.75579e-01	2.50000e-01
1.04880e-05	2.64270e-01	2.50000e-01
1.43520e-05	2.56665e-01	2.50000e-01
1.82160e-05	2.50926e-01	2.50000e-01
5.60000e-06	5.61226e-01	6.50000e-01
1.34400e-05	5.09629e-01	6.50000e-01
2.12800e-05	4.83731e-01	6.50000e-01
2.91200e-05	4.66408e-01	6.50000e-01
3.69600e-05	4.53465e-01	6.50000e-01
3.45000e-06	2.92283e-01	2.50000e-01
8.28000e-06	2.70055e-01	2.50000e-01
1.31100e-05	2.58853e-01	2.50000e-01
1.79400e-05	2.51292e-01	2.50000e-01
2.27700e-05	2.45589e-01	2.50000e-01
7.90000e-06	5.40482e-01	6.50000e-01
1.89600e-05	4.90180e-01	6.50000e-01
3.00200e-05	4.64744e-01	6.50000e-01
4.10800e-05	4.47801e-01	6.50000e-01
5.21400e-05	4.35210e-01	6.50000e-01
4.18000e-06	2.87265e-01	2.50000e-01
1.00320e-05	2.65353e-01	2.50000e-01
1.58840e-05	2.54219e-01	2.50000e-01
2.17360e-05	2.46697e-01	2.50000e-01
2.75880e-05	2.41032e-01	2.50000e-01
8.20000e-06	5.38277e-01	6.50000e-01
1.96800e-05	4.88094e-01	6.50000e-01
3.11600e-05	4.62710e-01	6.50000e-01
4.26400e-05	4.45815e-01	6.50000e-01
5.41200e-05	4.33266e-01	6.50000e-01
5.30000e-06	2.81183e-01	2.50000e-01
1.27200e-05	2.59584e-01	2.50000e-01
2.01400e-05	2.48520e-01	2.50000e-01
2.75600e-05	2.41056e-01	2.50000e-01
3.49800e-05	2.35454e-01	2.50000e-01
1.99000e-05	4.87472e-01	6.50000e-01
4.77600e-05	4.39812e-01	6.50000e-01
7.56200e-05	4.16144e-01	6.50000e-01
1.03480e-04	4.00613e-01	6.50000e-01
1.31340e-04	3.89116e-01	6.50000e-01
6.90000e-06	2.74563e-01	2.50000e-01
1.65600e-05	2.53216e-01	2.50000e-01
2.62200e-05	2.42236e-01	2.50000e-01
3.58800e-05	2.34861e-01	2.50000e-01
4.55400e-05	2.29349e-01	2.50000e-01
2.99000e-05	4.64962e-01	6.50000e-01
7.17600e-05	4.18787e-01	6.50000e-01
1.13620e-04	3.96076e-01	6.50000e-01
1.55480e-04	3.81115e-01	6.50000e-01
1.97340e-04	3.69964e-01	6.50000e-01
1.15000e-05	2.62029e-01	2.50000e-01
2.76000e-05	2.41022e-01	2.50000e-01
4.37000e-05	2.30296e-01	2.50000e-01
5.98000e-05	2.23169e-01	2.50000e-01
7.59000e-05	2.17867e-01	2.50000e-01
5.00000e-05	4.37403e-01	6.50000e-01
1.20000e-04	3.93442e-01	6.50000e-01
1.90000e-04	3.71726e-01	6.50000e-01
2.60000e-04	3.57242e-01	6.50000e-01
3.30000e-04	3.46364e-01	6.50000e-01
1.99000e-05	2.48807e-01	2.50000e-01
4.77600e-05	2.28260e-01	2.50000e-01
7.56200e-05	2.17948e-01	2.50000e-01
1.03480e-04	2.11108e-01	2.50000e-01
1.31340e-04	2.05990e-01	2.50000e-01
1.25500e-04	3.91291e-01	6.50000e-01
3.01200e-04	3.50518e-01	6.50000e-01
4.76900e-04	3.29778e-01	6.50000e-01
6.52600e-04	3.15916e-01	6.50000e-01
8.28300e-04	3.05599e-01	6.50000e-01
5.50000e-05	2.25054e-01	2.50000e-01
1.32000e-04	2.05883e-01	2.50000e-01
2.09000e-04	1.96132e-01	2.50000e-01
2.86000e-04	1.89516e-01	2.50000e-01
3.63000e-04	1.84504e-01	2.50000e-01
2.39000e-04	3.61111e-01	6.50000e-01
5.73600e-04	3.21583e-01	6.50000e-01
9.08200e-04	3.01673e-01	6.50000e-01
1.24280e-03	2.88561e-01	6.50000e-01
1.57740e-03	2.78852e-01	6.50000e-01
1.25500e-04	2.06962e-01	2.50000e-01
3.01200e-04	1.88426e-01	2.50000e-01
4.76900e-04	1.78798e-01	2.50000e-01
6.52600e-04	1.72317e-01	2.50000e-01
8.28300e-04	1.67468e-01	2.50000e-01
4.00000e-04	3.37663e-01	6.50000e-01
9.60000e-04	2.99324e-01	6.50000e-01
1.52000e-03	2.80349e-01	6.50000e-01
2.08000e-03	2.67805e-01	6.50000e-01
2.64000e-03	2.58390e-01	6.50000e-01
1.97000e-04	1.97382e-01	2.50000e-01
4.72800e-04	1.78978e-01	2.50000e-01
7.48600e-04	1.69517e-01	2.50000e-01
1.02440e-03	1.63208e-01	2.50000e-01
1.30020e-03	1.58492e-01	2.50000e-01
1.60000e-03	2.78279e-01	6.50000e-01
3.84000e-03	2.43588e-01	6.50000e-01
6.08000e-03	2.25126e-01	6.50000e-01
8.32000e-03	2.12269e-01	6.50000e-01
1.05600e-02	2.02381e-01	6.50000e-01
7.90000e-04	1.68425e-01	2.50000e-01
1.89600e-03	1.51116e-01	2.50000e-01
3.00200e-03	1.42109e-01	2.50000e-01
4.10800e-03	1.35843e-01	2.50000e-01
5.21400e-03	1.30994e-01	2.50000e-01
6.20000e-06	6.62669e-01	8.50000e-01
1.48800e-05	5.98167e-01	8.50000e-01
2.35600e-05	5.65922e-01	8.50000e-01
3.22400e-05	5.44445e-01	8.50000e-01
4.09200e-05	5.28455e-01	8.50000e-01
2.56000e-06	3.89949e-01	3.50000e-01
6.14400e-06	3.58439e-01	3.50000e-01
9.72800e-06	3.42863e-01	3.50000e-01
1.33120e-05	3.32457e-01	3.50000e-01
1.68960e-05	3.24627e-01	3.50000e-01
6.90000e-06	6.54500e-01	8.50000e-01
1.65600e-05	5.90581e-01	8.50000e-01
2.62200e-05	5.58546e-01	8.50000e-01
3.58800e-05	5.37232e-01	8.50000e-01
4.55400e-05	5.21387e-01	8.50000e-01
2.56000e-06	3.89949e-01	3.50000e-01
6.14400e-06	3.58439e-01	3.50000e-01
9.72800e-06	3.42863e-01	3.50000e-01
1.33120e-05	3.32457e-01	3.50000e-01
1.68960e-05	3.24627e-01	3.50000e-01
1.00000e-05	6.26844e-01	8.50000e-01
2.40000e-05	5.64643e-01	8.50000e-01
3.80000e-05	5.33386e-01	8.50000e-01
5.20000e-05	5.12722e-01	8.50000e-01
6.60000e-05	4.97443e-01	8.50000e-01
3.05000e-06	3.83421e-01	3.50000e-01
7.32000e-06	3.52443e-01	3.50000e-01
1.15900e-05	3.37036e-01	3.50000e-01
1.58600e-05	3.26699e-01	3.50000e-01
2.01300e-05	3.18914e-01	3.50000e-01
1.00000e-05	6.26844e-01	8.50000e-01
2.40000e-05	5.64643e-01	8.50000e-01
3.80000e-05	5.33386e-01	8.50000e-01
5.20000e-05	5.12722e-01	8.50000e-01
6.60000e-05	4.97443e-01	8.50000e-01
3.31000e-06	3.80410e-01	3.50000e-01
7.94400e-06	3.49670e-01	3.50000e-01
1.25780e-05	3.34329e-01	3.50000e-01
1.72120e-05	3.24021e-01	3.50000e-01
2.18460e-05	3.16257e-01	3.50000e-01
1.99000e-05	5.77665e-01	8.50000e-01
4.77600e-05	5.18265e-01	8.50000e-01
7.56200e-05	4.88899e-01	8.50000e-01
1.03480e-04	4.69683e-01	8.50000e-01
1.31340e-04	4.55495e-01	8.50000e-01
4.14000e-06	3.72303e-01	3.50000e-01
9.93600e-06	3.42156e-01	3.50000e-01
1.57320e-05	3.26965e-01	3.50000e-01
2.15280e-05	3.16732e-01	3.50000e-01
2.73240e-05	3.09033e-01	3.50000e-01
2.50000e-05	5.61825e-01	8.50000e-01
6.00000e-05	5.03505e-01	8.50000e-01
9.50000e-05	4.74856e-01	8.50000e-01
1.30000e-04	4.56099e-01	8.50000e-01
1.65000e-04	4.42207e-01	8.50000e-01
5.00000e-06	3.65608e-01	3.50000e-01
1.20000e-05	3.35884e-01	3.50000e-01
1.90000e-05	3.20795e-01	3.50000e-01
2.60000e-05	3.10631e-01	3.50000e-01
3.30000e-05	3.03000e-01	3.50000e-01
5.00000e-05	5.15272e-01	8.50000e-01
1.20000e-04	4.60829e-01	8.50000e-01
1.90000e-04	4.34110e-01	8.50000e-01
2.60000e-04	4.16375e-01	8.50000e-01
3.30000e-04	4.03100e-01	8.50000e-01
6.35000e-06	3.57303e-01	3.50000e-01
1.52400e-05	3.28007e-01	3.50000e-01
2.41300e-05	3.13038e-01	3.50000e-01
3.30200e-05	3.02981e-01	3.50000e-01
4.19100e-05	2.95460e-01	3.50000e-01
1.25500e-04	4.58176e-01	8.50000e-01
3.01200e-04	4.08165e-01	8.50000e-01
4.76900e-04	3.82927e-01	8.50000e-01
6.52600e-04	3.66116e-01	8.50000e-01
8.28300e-04	3.53629e-01	8.50000e-01
8.25000e-06	3.48394e-01	3.50000e-01
1.98000e-05	3.19452e-01	3.50000e-01
3.13500e-05	3.04634e-01	3.50000e-01
4.29000e-05	2.94730e-01	3.50000e-01
5.44500e-05	2.87355e-01	3.50000e-01
4.00000e-04	3.92508e-01	8.50000e-01
9.60000e-04	3.46045e-01	8.50000e-01
1.52000e-03	3.23172e-01	8.50000e-01
2.08000e-03	3.08124e-01	8.50000e-01
2.64000e-03	2.96878e-01	8.50000e-01
1.60000e-05	3.26411e-01	3.50000e-01
3.84000e-05	2.98205e-01	3.50000e-01
6.08000e-05	2.83992e-01	3.50000e-01
8.32000e-05	2.74602e-01	3.50000e-01
1.05600e-04	2.67625e-01	3.50000e-01
1.60000e-03	3.20685e-01	8.50000e-01
3.84000e-03	2.79291e-01	8.50000e-01
6.08000e-03	2.57480e-01	8.50000e-01
8.32000e-03	2.42331e-01	8.50000e-01
1.05600e-02	2.30689e-01	8.50000e-01
8.80000e-06	7.88479e-01	1.20000e+00
2.11200e-05	7.05196e-01	1.20000e+00
3.34400e-05	6.63725e-01	1.20000e+00
4.57600e-05	6.36362e-01	1.20000e+00
5.80800e-05	6.16152e-01	1.20000e+00
4.00000e-05	9.96186e-01	2.70000e+00
9.60000e-05	8.67455e-01	2.70000e+00
1.52000e-04	8.06068e-01	2.70000e+00
2.08000e-04	7.66219e-01	2.70000e+00
2.64000e-04	7.36880e-01	2.70000e+00
1.00000e-05	7.75916e-01	1.20000e+00
2.40000e-05	6.93508e-01	1.20000e+00
3.80000e-05	6.52473e-01	1.20000e+00
5.20000e-05	6.25459e-01	1.20000e+00
6.60000e-05	6.05539e-01	1.20000e+00
4.00000e-05	9.96186e-01	2.70000e+00
9.60000e-05	8.67455e-01	2.70000e+00
1.52000e-04	8.06068e-01	2.70000e+00
2.08000e-04	7.66219e-01	2.70000e+00
2.64000e-04	7.36880e-01	2.70000e+00
1.00000e-05	7.75916e-01	1.20000e+00
2.40000e-05	6.93508e-01	1.20000e+00
3.80000e-05	6.52473e-01	1.20000e+00
5.20000e-05	6.25459e-01	1.20000e+00
6.60000e-05	6.05539e-01	1.20000e+00
6.50000e-05	9.22801e-01	2.70000e+00
1.56000e-04	8.02709e-01	2.70000e+00
2.47000e-04	7.44994e-01	2.70000e+00
3.38000e-04	7.07257e-01	2.70000e+00
4.29000e-04	6.79408e-01	2.70000e+00
1.60000e-05	7.30969e-01	1.20000e+00
3.84000e-05	6.51557e-01	1.20000e+00
6.08000e-05	6.12334e-01	1.20000e+00
8.32000e-05	5.86719e-01	1.20000e+00
1.05600e-04	5.67883e-01	1.20000e+00
1.00000e-04	8.61841e-01	2.70000e+00
2.40000e-04	7.48516e-01	2.70000e+00
3.80000e-04	6.93486e-01	2.70000e+00
5.20000e-04	6.57469e-01	2.70000e+00
6.60000e-04	6.30973e-01	2.70000e+00
1.60000e-05	7.30969e-01	1.20000e+00
3.84000e-05	6.51557e-01	1.20000e+00
6.08000e-05	6.12334e-01	1.20000e+00
8.32000e-05	5.86719e-01	1.20000e+00
1.05600e-04	5.67883e-01	1.20000e+00
1.60000e-04	7.99447e-01	2.70000e+00
3.84000e-04	6.92263e-01	2.70000e+00
6.08000e-04	6.40004e-01	2.70000e+00
8.32000e-04	6.06013e-01	2.70000e+00
1.05600e-03	5.81151e-01	2.70000e+00
3.15500e-05	6.68889e-01	1.20000e+00
7.57200e-05	5.94311e-01	1.20000e+00
1.19890e-04	5.58068e-01	1.20000e+00
1.64060e-04	5.34374e-01	1.20000e+00
2.08230e-04	5.16828e-01	1.20000e+00
2.50000e-04	7.43518e-01	2.70000e+00
6.00000e-04	6.41471e-01	2.70000e+00
9.50000e-04	5.92076e-01	2.70000e+00
1.30000e-03	5.60165e-01	2.70000e+00
1.65000e-03	5.36848e-01	2.70000e+00
4.00000e-05	6.47996e-01	1.20000e+00
9.60000e-05	5.75350e-01	1.20000e+00
1.52000e-04	5.40073e-01	1.20000e+00
2.08000e-04	5.16909e-01	1.20000e+00
2.64000e-04	4.99693e-01	1.20000e+00
4.00000e-04	6.87509e-01	2.70000e+00
9.60000e-04	5.90987e-01	2.70000e+00
1.52000e-03	5.44788e-01	2.70000e+00
2.08000e-03	5.14884e-01	2.70000e+00
2.64000e-03	4.92851e-01	2.70000e+00
6.50000e-05	6.06798e-01	1.20000e+00
1.56000e-04	5.38129e-01	1.20000e+00
2.47000e-04	5.04469e-01	1.20000e+00
3.38000e-04	4.82155e-01	1.20000e+00
4.29000e-04	4.65512e-01	1.20000e+00
6.50000e-04	6.32646e-01	2.70000e+00
1.56000e-03	5.42265e-01	2.70000e+00
2.47000e-03	4.98952e-01	2.70000e+00
3.38000e-03	4.70471e-01	2.70000e+00
4.29000e-03	4.49168e-01	2.70000e+00
7.90000e-05	5.90883e-01	1.20000e+00
1.89600e-04	5.23683e-01	1.20000e+00
3.00200e-04	4.90536e-01	1.20000e+00
4.10800e-04	4.68517e-01	1.20000e+00
5.21400e-04	4.52109e-01	1.20000e+00
1.00000e-03	5.86758e-01	2.70000e+00
2.40000e-03	5.01598e-01	2.70000e+00
3.80000e-03	4.59978e-01	2.70000e+00
5.20000e-03	4.32104e-01	2.70000e+00
6.60000e-03	4.11044e-01	2.70000e+00
1.99000e-04	5.20138e-01	1.20000e+00
4.77600e-04	4.58113e-01	1.20000e+00
7.56200e-04	4.27182e-01	1.20000e+00
1.03480e-03	4.06886e-01	1.20000e+00
1.31340e-03	3.91946e-01	1.20000e+00
2.50000e-03	4.97843e-01	2.70000e+00
6.00000e-03	4.19455e-01	2.70000e+00
9.50000e-03	3.78962e-01	2.70000e+00
1.30000e-02	3.51344e-01	2.70000e+00
1.65000e-02	3.30252e-01	2.70000e+00
6.50000e-04	4.37223e-01	1.20000e+00
1.56000e-03	3.81417e-01	1.20000e+00
2.47000e-03	3.54144e-01	1.20000e+00
3.38000e-03	3.35953e-01	1.20000e+00
4.29000e-03	3.22176e-01	1.20000e+00
2.50000e-03	3.53440e-01	1.20000e+00
6.00000e-03	3.02689e-01	1.20000e+00
9.50000e-03	2.75652e-01	1.20000e+00
1.30000e-02	2.56968e-01	1.20000e+00
1.65000e-02	2.42615e-01	1.20000e+00
2.03000e-05	1.26255e+00	3.50000e+00
4.87200e-05	1.09440e+00	3.50000e+00
7.71400e-05	1.01418e+00	3.50000e+00
1.05560e-04	9.62630e-01	3.50000e+00
1.33980e-04	9.25050e-01	3.50000e+00
9.25000e-06	8.94787e-01	1.50000e+00
2.22000e-05	7.95825e-01	1.50000e+00
3.51500e-05	7.46848e-01	1.50000e+00
4.81000e-05	7.14669e-01	1.50000e+00
6.10500e-05	6.90965e-01	1.50000e+00
2.16000e-05	1.24999e+00	3.50000e+00
5.18400e-05	1.08323e+00	3.50000e+00
8.20800e-05	1.00378e+00	3.50000e+00
1.12320e-04	9.52718e-01	3.50000e+00
1.42560e-04	9.15477e-01	3.50000e+00
1.10000e-05	8.74551e-01	1.50000e+00
2.64000e-05	7.77118e-01	1.50000e+00
4.18000e-05	7.28937e-01	1.50000e+00
5.72000e-05	6.97374e-01	1.50000e+00
7.26000e-05	6.74168e-01	1.50000e+00
2.30000e-05	1.23739e+00	3.50000e+00
5.52000e-05	1.07204e+00	3.50000e+00
8.74000e-05	9.93358e-01	3.50000e+00
1.19600e-04	9.42782e-01	3.50000e+00
1.51800e-04	9.05876e-01	3.50000e+00
1.60000e-05	8.31941e-01	1.50000e+00
3.84000e-05	7.37666e-01	1.50000e+00
6.08000e-05	6.91367e-01	1.50000e+00
8.32000e-05	6.61212e-01	1.50000e+00
1.05600e-04	6.39080e-01	1.50000e+00
2.56000e-05	1.21612e+00	3.50000e+00
6.14400e-05	1.05319e+00	3.50000e+00
9.72800e-05	9.75817e-01	3.50000e+00
1.33120e-04	9.26048e-01	3.50000e+00
1.68960e-04	8.89691e-01	3.50000e+00
1.60000e-05	8.31941e-01	1.50000e+00
3.84000e-05	7.37666e-01	1.50000e+00
6.08000e-05	6.91367e-01	1.50000e+00
8.32000e-05	6.61212e-01	1.50000e+00
1.05600e-04	6.39080e-01	1.50000e+00
2.65500e-05	1.20894e+00	3.50000e+00
6.37200e-05	1.04685e+00	3.50000e+00
1.00890e-04	9.69914e-01	3.50000e+00
1.38060e-04	9.20413e-01	3.50000e+00
1.75230e-04	8.84237e-01	3.50000e+00
2.50000e-05	7.82971e-01	1.50000e+00
6.00000e-05	6.92667e-01	1.50000e+00
9.50000e-05	6.48818e-01	1.50000e+00
1.30000e-04	6.20303e-01	1.50000e+00
1.65000e-04	5.99307e-01	1.50000e+00
2.86500e-05	1.19406e+00	3.50000e+00
6.87600e-05	1.03373e+00	3.50000e+00
1.08870e-04	9.57688e-01	3.50000e+00
1.48980e-04	9.08734e-01	3.50000e+00
1.89090e-04	8.72926e-01	3.50000e+00
4.00000e-05	7.33456e-01	1.50000e+00
9.60000e-05	6.47848e-01	1.50000e+00
1.52000e-04	6.06474e-01	1.50000e+00
2.08000e-04	5.79394e-01	1.50000e+00
2.64000e-04	5.59324e-01	1.50000e+00
4.00000e-05	1.13056e+00	3.50000e+00
9.60000e-05	9.77970e-01	3.50000e+00
1.52000e-04	9.05675e-01	3.50000e+00
2.08000e-04	8.58917e-01	3.50000e+00
2.64000e-04	8.24587e-01	3.50000e+00
6.50000e-05	6.84845e-01	1.50000e+00
1.56000e-04	6.04199e-01	1.50000e+00
2.47000e-04	5.64887e-01	1.50000e+00
3.38000e-04	5.38930e-01	1.50000e+00
4.29000e-04	5.19628e-01	1.50000e+00
4.00000e-05	1.13056e+00	3.50000e+00
9.60000e-05	9.77970e-01	3.50000e+00
1.52000e-04	9.05675e-01	3.50000e+00
2.08000e-04	8.58917e-01	3.50000e+00
2.64000e-04	8.24587e-01	3.50000e+00
1.00000e-04	6.44080e-01	1.50000e+00
2.40000e-04	5.67299e-01	1.50000e+00
3.80000e-04	5.29401e-01	1.50000e+00
5.20000e-04	5.04331e-01	1.50000e+00
6.60000e-04	4.85750e-01	1.50000e+00
6.50000e-05	1.04341e+00	3.50000e+00
1.56000e-04	9.01729e-01	3.50000e+00
2.47000e-04	8.34072e-01	3.50000e+00
3.38000e-04	7.90017e-01	3.50000e+00
4.29000e-04	7.57607e-01	3.50000e+00
1.60000e-04	6.01987e-01	1.50000e+00
3.84000e-04	5.28554e-01	1.50000e+00
6.08000e-04	4.92096e-01	1.50000e+00
8.32000e-04	4.68141e-01	1.50000e+00
1.05600e-03	4.50507e-01	1.50000e+00
1.00000e-04	9.71346e-01	3.50000e+00
2.40000e-04	8.38193e-01	3.50000e+00
3.80000e-04	7.73979e-01	3.50000e+00
5.20000e-04	7.32141e-01	3.50000e+00
6.60000e-04	7.01464e-01	3.50000e+00
2.50000e-04	5.63876e-01	1.50000e+00
6.00000e-04	4.93125e-01	1.50000e+00
9.50000e-04	4.58268e-01	1.50000e+00
1.30000e-03	4.35552e-01	1.50000e+00
1.65000e-03	4.18863e-01	1.50000e+00
1.60000e-04	8.97896e-01	3.50000e+00
3.84000e-04	7.72556e-01	3.50000e+00
6.08000e-04	7.11910e-01	3.50000e+00
8.32000e-04	6.72642e-01	3.50000e+00
1.05600e-03	6.44009e-01	3.50000e+00
4.00000e-04	5.25256e-01	1.50000e+00
9.60000e-04	4.57495e-01	1.50000e+00
1.52000e-03	4.24555e-01	1.50000e+00
2.08000e-03	4.03065e-01	1.50000e+00
2.64000e-03	3.87130e-01	1.50000e+00
2.50000e-04	8.32346e-01	3.50000e+00
6.00000e-04	7.13608e-01	3.50000e+00
9.50000e-04	6.56583e-01	3.50000e+00
1.30000e-03	6.19895e-01	3.50000e+00
1.65000e-03	5.93161e-01	3.50000e+00
5.00000e-04	5.07429e-01	1.50000e+00
1.20000e-03	4.41265e-01	1.50000e+00
1.90000e-03	4.09196e-01	1.50000e+00
2.60000e-03	3.88142e-01	1.50000e+00
3.30000e-03	3.72409e-01	1.50000e+00
4.00000e-04	7.67026e-01	3.50000e+00
9.60000e-04	6.55329e-01	3.50000e+00
1.52000e-03	6.02258e-01	3.50000e+00
2.08000e-03	5.68035e-01	3.50000e+00
2.64000e-03	5.42886e-01	3.50000e+00
1.60000e-03	4.20991e-01	1.50000e+00
3.84000e-03	3.62466e-01	1.50000e+00
6.08000e-03	3.32311e-01	1.50000e+00
8.32000e-03	3.11577e-01	1.50000e+00
1.05600e-02	2.95711e-01	1.50000e+00
6.50000e-04	7.03398e-01	3.50000e+00
1.56000e-03	5.99367e-01	3.50000e+00
2.47000e-03	5.49843e-01	3.50000e+00
3.38000e-03	5.17410e-01	3.50000e+00
4.29000e-03	4.93233e-01	3.50000e+00
6.50000e-04	4.86926e-01	1.50000e+00
1.56000e-03	4.22748e-01	1.50000e+00
2.47000e-03	3.91552e-01	1.50000e+00
3.38000e-03	3.70836e-01	1.50000e+00
4.29000e-03	3.55206e-01	1.50000e+00
1.00000e-03	6.50460e-01	3.50000e+00
2.40000e-03	5.52863e-01	3.50000e+00
3.80000e-03	5.05492e-01	3.50000e+00
5.20000e-03	4.73925e-01	3.50000e+00
6.60000e-03	4.50172e-01	3.50000e+00
1.23500e-05	1.01346e+00	2.00000e+00
2.96400e-05	8.93606e-01	2.00000e+00
4.69300e-05	8.34910e-01	2.00000e+00
6.42200e-05	7.96697e-01	2.00000e+00
8.15100e-05	7.68702e-01	2.00000e+00
4.00000e-03	5.00298e-01	3.50000e+00
9.60000e-03	4.13128e-01	3.50000e+00
1.52000e-02	3.67929e-01	3.50000e+00
2.08000e-02	3.36813e-01	3.50000e+00
2.64000e-02	3.12633e-01	3.50000e+00
1.46500e-05	9.89256e-01	2.00000e+00
3.51600e-05	8.71433e-01	2.00000e+00
5.56700e-05	8.13910e-01	2.00000e+00
7.61800e-05	7.76551e-01	2.00000e+00
9.66900e-05	7.49200e-01	2.00000e+00
2.61000e-05	1.36854e+00	4.50000e+00
6.26400e-05	1.17723e+00	4.50000e+00
9.91800e-05	1.08701e+00	4.50000e+00
1.35720e-04	1.02918e+00	4.50000e+00
1.72260e-04	9.87033e-01	4.50000e+00
1.63500e-05	9.73917e-01	2.00000e+00
3.92400e-05	8.57399e-01	2.00000e+00
6.21300e-05	8.00654e-01	2.00000e+00
8.50200e-05	7.63846e-01	2.00000e+00
1.07910e-04	7.36897e-01	2.00000e+00
2.96000e-05	1.33949e+00	4.50000e+00
7.10400e-05	1.15184e+00	4.50000e+00
1.12480e-04	1.06346e+00	4.50000e+00
1.53920e-04	1.00675e+00	4.50000e+00
1.95360e-04	9.65360e-01	4.50000e+00
2.50000e-05	9.16110e-01	2.00000e+00
6.00000e-05	8.04845e-01	2.00000e+00
9.50000e-05	7.51192e-01	2.00000e+00
1.30000e-04	7.16426e-01	2.00000e+00
1.65000e-04	6.90897e-01	2.00000e+00
3.09000e-05	1.32969e+00	4.50000e+00
7.41600e-05	1.14328e+00	4.50000e+00
1.17420e-04	1.05553e+00	4.50000e+00
1.60680e-04	9.99185e-01	4.50000e+00
2.03940e-04	9.58042e-01	4.50000e+00
2.50000e-05	9.16110e-01	2.00000e+00
6.00000e-05	8.04845e-01	2.00000e+00
9.50000e-05	7.51192e-01	2.00000e+00
1.30000e-04	7.16426e-01	2.00000e+00
1.65000e-04	6.90897e-01	2.00000e+00
3.41500e-05	1.30710e+00	4.50000e+00
8.19600e-05	1.12362e+00	4.50000e+00
1.29770e-04	1.03727e+00	4.50000e+00
1.77580e-04	9.81760e-01	4.50000e+00
2.25390e-04	9.41179e-01	4.50000e+00
4.00000e-05	8.54966e-01	2.00000e+00
9.60000e-05	7.50008e-01	2.00000e+00
1.52000e-04	6.99603e-01	2.00000e+00
2.08000e-04	6.66747e-01	2.00000e+00
2.64000e-04	6.42476e-01	2.00000e+00
3.66000e-05	1.29165e+00	4.50000e+00
8.78400e-05	1.11018e+00	4.50000e+00
1.39080e-04	1.02479e+00	4.50000e+00
1.90320e-04	9.69831e-01	4.50000e+00
2.41560e-04	9.29626e-01	4.50000e+00
6.50000e-05	7.95258e-01	2.00000e+00
1.56000e-04	6.96839e-01	2.00000e+00
2.47000e-04	6.49196e-01	2.00000e+00
3.38000e-04	6.17893e-01	2.00000e+00
4.29000e-04	5.94704e-01	2.00000e+00
4.09000e-05	1.26720e+00	4.50000e+00
9.81600e-05	1.08896e+00	4.50000e+00
1.55420e-04	1.00504e+00	4.50000e+00
2.12680e-04	9.50939e-01	4.50000e+00
2.69940e-04	9.11319e-01	4.50000e+00
1.00000e-04	7.45408e-01	2.00000e+00
2.40000e-04	6.52112e-01	2.00000e+00
3.80000e-04	6.06436e-01	2.00000e+00
5.20000e-04	5.76380e-01	2.00000e+00
6.60000e-04	5.54184e-01	2.00000e+00
4.09000e-05	1.26720e+00	4.50000e+00
9.81600e-05	1.08896e+00	4.50000e+00
1.55420e-04	1.00504e+00	4.50000e+00
2.12680e-04	9.50939e-01	4.50000e+00
2.69940e-04	9.11319e-01	4.50000e+00
1.60000e-04	6.94152e-01	2.00000e+00
3.84000e-04	6.05417e-01	2.00000e+00
6.08000e-04	5.61757e-01	2.00000e+00
8.32000e-04	5.33208e-01	2.00000e+00
1.05600e-03	5.12256e-01	2.00000e+00
6.50000e-05	1.16971e+00	4.50000e+00
1.56000e-04	1.00438e+00	4.50000e+00
2.47000e-04	9.25934e-01	4.50000e+00
3.38000e-04	8.75051e-01	4.50000e+00
4.29000e-04	8.37729e-01	4.50000e+00
2.50000e-04	6.47974e-01	2.00000e+00
6.00000e-04	5.62986e-01	2.00000e+00
9.50000e-04	5.21471e-01	2.00000e+00
1.30000e-03	4.94526e-01	2.00000e+00
1.65000e-03	4.74781e-01	2.00000e+00
6.50000e-05	1.16971e+00	4.50000e+00
1.56000e-04	1.00438e+00	4.50000e+00
2.47000e-04	9.25934e-01	4.50000e+00
3.38000e-04	8.75051e-01	4.50000e+00
4.29000e-04	8.37729e-01	4.50000e+00
5.00000e-04	5.80087e-01	2.00000e+00
1.20000e-03	5.01294e-01	2.00000e+00
1.90000e-03	4.63366e-01	2.00000e+00
2.60000e-03	4.38570e-01	2.00000e+00
3.30000e-03	4.20111e-01	2.00000e+00
1.00000e-04	1.08545e+00	4.50000e+00
2.40000e-04	9.30702e-01	4.50000e+00
3.80000e-04	8.56570e-01	4.50000e+00
5.20000e-04	8.08473e-01	4.50000e+00
6.60000e-04	7.73313e-01	4.50000e+00
1.60000e-03	4.77296e-01	2.00000e+00
3.84000e-03	4.08482e-01	2.00000e+00
6.08000e-03	3.73401e-01	2.00000e+00
8.32000e-03	3.49435e-01	2.00000e+00
1.05600e-02	3.31163e-01	2.00000e+00
1.60000e-04	9.99929e-01	4.50000e+00
3.84000e-04	8.54932e-01	4.50000e+00
6.08000e-04	7.85276e-01	4.50000e+00
8.32000e-04	7.40365e-01	4.50000e+00
1.05600e-03	7.07712e-01	4.50000e+00
6.50000e-04	5.55587e-01	2.00000e+00
1.56000e-03	4.79373e-01	2.00000e+00
2.47000e-03	4.42579e-01	2.00000e+00
3.38000e-03	4.18269e-01	2.00000e+00
4.29000e-03	4.00009e-01	2.00000e+00
2.50000e-04	9.23938e-01	4.50000e+00
6.00000e-04	7.87220e-01	4.50000e+00
9.50000e-04	7.22041e-01	4.50000e+00
1.30000e-03	6.80276e-01	4.50000e+00
1.65000e-03	6.49926e-01	4.50000e+00
1.54500e-05	1.15351e+00	2.70000e+00
3.70800e-05	1.00808e+00	2.70000e+00
5.87100e-05	9.37773e-01	2.70000e+00
8.03400e-05	8.92338e-01	2.70000e+00
1.01970e-04	8.59170e-01	2.70000e+00
4.00000e-04	8.48565e-01	4.50000e+00
9.60000e-04	7.20612e-01	4.50000e+00
1.52000e-03	6.60245e-01	4.50000e+00
2.08000e-03	6.21464e-01	4.50000e+00
2.64000e-03	5.93044e-01	4.50000e+00
1.83000e-05	1.12427e+00	2.70000e+00
4.39200e-05	9.81671e-01	2.70000e+00
6.95400e-05	9.12991e-01	2.70000e+00
9.51600e-05	8.68668e-01	2.70000e+00
1.20780e-04	8.36297e-01	2.70000e+00
6.50000e-04	7.75527e-01	4.50000e+00
1.56000e-03	6.56964e-01	4.50000e+00
2.47000e-03	6.00900e-01	4.50000e+00
3.38000e-03	5.64327e-01	4.50000e+00
4.29000e-03	5.37150e-01	4.50000e+00
2.04500e-05	1.10537e+00	2.70000e+00
4.90800e-05	9.64661e-01	2.70000e+00
7.77100e-05	8.97061e-01	2.70000e+00
1.06340e-04	8.53449e-01	2.70000e+00
1.34970e-04	8.21576e-01	2.70000e+00
1.00000e-03	7.15062e-01	4.50000e+00
2.40000e-03	6.04311e-01	4.50000e+00
3.80000e-03	5.50920e-01	4.50000e+00
5.20000e-03	5.15506e-01	4.50000e+00
6.60000e-03	4.88959e-01	4.50000e+00
2.04500e-05	1.10537e+00	2.70000e+00
4.90800e-05	9.64661e-01	2.70000e+00
7.77100e-05	8.97061e-01	2.70000e+00
1.06340e-04	8.53449e-01	2.70000e+00
1.34970e-04	8.21576e-01	2.70000e+00
1.60000e-03	6.53780e-01	4.50000e+00
3.84000e-03	5.49727e-01	4.50000e+00
6.08000e-03	4.98066e-01	4.50000e+00
8.32000e-03	4.63419e-01	4.50000e+00
1.05600e-02	4.37344e-01	4.50000e+00
2.50000e-05	1.07178e+00	2.70000e+00
6.00000e-05	9.34557e-01	2.70000e+00
9.50000e-05	8.68900e-01	2.70000e+00
1.30000e-04	8.26524e-01	2.70000e+00
1.65000e-04	7.95495e-01	2.70000e+00
2.50000e-05	1.07178e+00	2.70000e+00
6.00000e-05	9.34557e-01	2.70000e+00
9.50000e-05	8.68900e-01	2.70000e+00
1.30000e-04	8.26524e-01	2.70000e+00
1.65000e-04	7.95495e-01	2.70000e+00
