    2.700  0.000063  0.869136  0.832185   1.75   1.75   4.66   2.00   1.85  -0.08   0.00   0.19   0.13   0.21   1.42   1.87   2.94   0.29
    2.700  0.000161  0.744350  0.740216   1.05   1.05   2.39   1.82   1.40   0.29   0.00  -0.23   0.10   0.20  -0.31   0.08   0.37  -0.15
    2.700  0.000400  0.649970  0.649312   1.08   1.08   3.94   3.61   1.20   0.34   0.00  -0.27   0.13   0.36  -0.44   0.72   0.09  -0.04
    2.700  0.000632  0.606939  0.606826   1.54   1.54   4.34   3.36   1.13   0.34   0.00  -0.48   0.55  -0.20   0.06   2.35   0.05  -0.12
    2.700  0.002000  0.477483  0.477374   0.91   0.91   4.20   2.74   1.09   0.14   0.00  -0.20   0.48  -0.15  -0.05   0.80   0.01   2.82
    3.500  0.000063  1.177075  1.075643   2.74   2.74  12.72   3.92   2.57   0.60   0.00   0.82  -0.13   0.40   2.57   4.32  10.65   0.07
    3.500  0.000102  0.978518  0.950515   2.01   2.01   3.56   2.00   1.72   0.34   0.00   0.75   0.15   0.13   0.84   0.82   1.89   0.08
    3.500  0.000161  0.891477  0.882231   1.96   1.96   2.48   1.93   1.41   0.06   0.00   0.32  -0.15   0.26   0.27   0.12   0.36   0.02
    3.500  0.000253  0.832791  0.829399   1.87   1.87   2.39   1.75   1.28  -0.45   0.00  -0.48   0.09   0.39  -0.56  -0.22   0.19  -0.17
    3.500  0.000400  0.788297  0.787155   1.91   1.91   2.65   2.08   1.19  -0.28   0.00  -0.38  -0.27   0.33  -0.46   0.77   0.00   0.31
    3.500  0.000632  0.700706  0.700258   1.88   1.88   2.96   2.47   1.14   0.20   0.00   0.41   0.34   0.27  -0.07   0.97   0.02   0.12
    3.500  0.002000  0.553627  0.553627   0.86   0.86   2.51   1.37   1.09  -0.06   0.00  -0.30   0.50  -0.06   0.02   0.84   0.02   1.47
    3.500  0.008000  0.471997  0.471997   1.03   1.03   6.32   1.61   1.06  -0.16   0.00  -0.53   0.72  -0.14  -0.08  -0.18   0.00   5.95
    4.500  0.000102  1.189312  1.125479   2.01   2.01   5.84   1.26   2.05  -0.41   0.00   0.26  -0.07   0.18   1.66   1.93   4.64  -0.14
    4.500  0.000161  1.013153  0.994083   2.00   2.00   2.17   0.74   1.55   0.64   0.00   0.32   0.12   0.17   0.34   0.75   0.73  -0.05
    4.500  0.000253  0.929054  0.922550   1.97   1.97   2.64   1.89   1.34  -0.03   0.00  -0.49   0.11   0.16  -0.34   1.11   0.06   0.05
    4.500  0.000400  0.884209  0.881854   2.20   2.20   2.44   1.91   1.22  -0.35   0.00  -0.37  -0.09  -0.19  -0.59   0.27   0.01  -0.32
    4.500  0.000632  0.803575  0.802788   2.18   2.18   2.03   1.35   1.15  -0.43   0.00  -0.15   0.19   0.35  -0.22   0.69   0.04   0.24
    6.500  0.000102  1.391595  1.209608   2.37   2.37  10.23   0.99   2.49   0.31   0.00   0.25  -0.25   0.45   2.48   2.42   9.23   0.21
    6.500  0.000161  1.213123  1.159464   1.52   1.52   3.62   0.44   1.81  -0.03   0.00   0.61   0.07   0.14   0.65   0.95   2.82   0.03
    6.500  0.000253  1.094461  1.077639   1.49   1.49   1.88   0.48   1.46   0.40   0.00   0.49   0.08   0.34   0.32   0.45   0.58  -0.03
    6.500  0.000400  0.977320  0.971802   1.53   1.53   1.75   0.85   1.29  -0.14   0.00  -0.37  -0.07   0.29  -0.61  -0.20   0.15  -0.04
    6.500  0.000632  0.900359  0.898443   1.58   1.58   3.08   2.74   1.19  -0.24   0.00  -0.21   0.21   0.30  -0.45   0.35   0.04   0.00
    6.500  0.001020  0.828479  0.827936   1.57   1.57   2.11   1.56   1.13   0.29   0.00  -0.26   0.31   0.23   0.05   0.64   0.04  -0.05
    6.500  0.001610  0.740112  0.739897   1.77   1.77   2.54   1.97   1.10  -0.66   0.00  -0.38  -0.49  -0.31  -0.08   0.40   0.05   0.56
    6.500  0.002530  0.666265  0.666158   1.24   1.24   1.86   1.14   1.08   0.20   0.00   0.30   0.56   0.03   0.03   0.59   0.00   0.47
    6.500  0.005000  0.575782  0.575782   0.94   0.94   4.14   0.85   1.06   0.18   0.00  -0.31   0.40  -0.01   0.08   0.04   0.00   3.87
    6.500  0.021000  0.486909  0.486909   1.15   1.15   8.68   1.89   1.05  -0.25   0.00  -0.75   0.78  -0.42  -0.03  -0.49   0.00   8.31
    8.500  0.000161  1.322712  1.211893   2.47   2.47   9.95   1.68   2.39   0.64   0.00  -0.96   0.16   0.36   1.79   1.83   9.07  -0.04
    8.500  0.000253  1.222754  1.188296   1.60   1.60   2.65   0.90   1.64   0.56   0.00   0.59  -0.08   0.21   0.39   0.24   1.61   0.20
    8.500  0.000400  1.077929  1.066657   1.64   1.64   1.98   0.92   1.38   0.59   0.00  -0.44   0.08   0.18  -0.36   0.10   0.63  -0.18
    8.500  0.000632  0.976538  0.973021   1.63   1.63   2.76   1.90   1.23   1.41   0.00   0.25  -0.09   0.39  -0.30  -0.17   0.14   0.34
    8.500  0.001020  0.876609  0.875470   1.62   1.62   1.58   0.78   1.15  -0.43   0.00  -0.41  -0.15   0.16  -0.32   0.02   0.10  -0.23
    8.500  0.001610  0.813088  0.812768   1.79   1.79   1.64   0.98   1.10   0.27   0.00  -0.08   0.30   0.05  -0.09   0.48   0.06  -0.31
   10.000  0.000161  1.400457  1.230430   4.25   4.25  12.78   1.41   2.72  -0.74   0.00  -0.56  -0.15   0.50   3.08   1.27  11.90   0.12
   10.000  0.000253  1.290911  1.237295   2.08   2.08   4.48   1.33   1.89   0.27   0.00  -0.30  -0.19  -0.10   0.66  -0.07   3.76   0.05
   10.000  0.000400  1.115027  1.099127   1.91   1.91   2.33   1.12   1.48   0.80   0.00  -0.22   0.11   0.29  -0.48   0.17   0.95  -0.02
   10.000  0.000632  1.020829  1.015949   1.77   1.77   1.93   1.19   1.28   0.37   0.00  -0.12  -0.16   0.35  -0.56  -0.06   0.18  -0.10
   10.000  0.001020  0.935424  0.933758   1.83   1.83   1.88   1.31   1.17   0.24   0.00  -0.36  -0.16   0.19  -0.36  -0.20   0.01  -0.03
   10.000  0.001610  0.851773  0.851139   2.12   2.12   2.04   1.21   1.11   1.14   0.00   0.25  -0.27   0.15   0.09   0.01   0.04  -0.11
   10.000  0.002530  0.761076  0.760866   2.04   2.04   2.36   1.77   1.08   0.86   0.00  -0.17   0.37  -0.19  -0.09   0.43   0.04  -0.36
   10.000  0.005000  0.624404  0.624404   1.12   1.12   2.91   0.77   1.06   0.76   0.00  -0.17   0.61  -0.14   0.03   0.14   0.01   2.40
   10.000  0.021000  0.502634  0.502634   1.06   1.06   6.84   1.27   1.04   0.69   0.00  -0.69   0.87  -0.17   0.06  -0.22   0.00   6.50
   12.000  0.000253  1.410067  1.321872   2.61   2.61   7.47   0.96   2.21   1.26   0.00  -0.95   0.22   0.29   0.98   0.54   6.78   0.24
   12.000  0.000400  1.217390  1.191035   2.30   2.30   2.72   0.87   1.61   0.59   0.00   0.22  -0.16  -0.06   0.13   0.26   1.87  -0.01
   12.000  0.000632  1.077680  1.069638   2.05   2.05   2.28   1.59   1.34   0.32   0.00  -0.10  -0.19   0.20  -0.56   0.49   0.32   0.15
   12.000  0.001020  0.985158  0.982582   1.96   1.96   1.93   1.09   1.20   0.75   0.00  -0.22   0.15   0.41  -0.47   0.26   0.04  -0.11
   12.000  0.001610  0.899536  0.898695   2.22   2.22   1.60   0.68   1.13   0.83   0.00  -0.24   0.13   0.17  -0.14   0.10   0.08   0.10
   12.000  0.002530  0.793544  0.793337   2.11   2.11   1.90   1.01   1.08   0.59   0.00   0.35   0.26  -0.14   0.00   0.08   0.01   0.92
   15.000  0.000253  1.559271  1.396601   2.94   2.94   7.59   1.46   2.34   0.67   0.00   0.53   0.16   0.21   2.01   0.69   6.68  -0.15
   15.000  0.000400  1.302827  1.257694   2.27   2.27   3.73   1.51   1.78   0.44   0.00  -0.33  -0.16   0.26   0.13   0.76   2.73  -0.01
   15.000  0.000632  1.150817  1.136880   1.98   1.98   2.18   0.88   1.43   1.03   0.00  -0.19  -0.07   0.27  -0.16   0.33   0.76  -0.21
   15.000  0.001020  1.059345  1.055219   1.89   1.89   1.87   1.07   1.25   0.29   0.00  -0.23  -0.29   0.33  -0.59   0.25   0.15   0.14
   15.000  0.001610  0.945139  0.943796   2.18   2.18   1.59   0.74   1.15   0.62   0.00  -0.46   0.09   0.04  -0.15   0.08   0.05  -0.10
   15.000  0.002530  0.836628  0.836217   2.12   2.12   1.65   0.94   1.10   0.56   0.00  -0.34   0.35  -0.09  -0.07   0.11   0.01  -0.25
   15.000  0.005000  0.705929  0.705929   1.52   1.52   1.46   0.77   1.06   0.27   0.00  -0.10   0.54  -0.06   0.02   0.16   0.01   0.09
   15.000  0.021000  0.519319  0.519319   1.03   1.03   6.89   1.04   1.04   0.66   0.00  -0.59   0.49  -0.15   0.08  -0.19   0.00   6.65
   18.000  0.000500  1.324623  1.283959   1.94   1.94   4.14   0.68   1.94   0.42   0.00  -0.49   0.11   0.26   0.39   0.22   3.49   0.09
   18.000  0.000800  1.169161  1.157004   2.23   2.23   2.37   0.89   1.43   1.40   0.00  -0.11  -0.07   0.28  -0.57   0.06   0.53   0.30
   18.000  0.001300  1.041476  1.038410   2.02   2.02   2.22   1.47   1.24   0.82   0.00  -0.35  -0.08   0.37  -0.39   0.32   0.09   0.14
   18.000  0.002100  0.930020  0.928985   2.28   2.28   1.61   0.87   1.15   0.16   0.00   0.02  -0.17  -0.18  -0.18   0.44   0.04  -0.46
   18.000  0.003200  0.851166  0.850743   2.44   2.44   1.84   1.01   1.10   0.86   0.00  -0.51   0.21   0.17   0.05   0.23   0.08   0.19
   18.000  0.005000  0.739317  0.739214   1.71   1.71   1.72   0.65   1.06   0.94   0.00  -0.19   0.41  -0.16   0.03  -0.06   0.01   0.55
   22.000  0.000500  1.425161  1.357247   2.55   2.55   3.95   1.22   1.99   0.47   0.00  -1.02   0.13   0.23   0.59   0.66   2.83  -0.01
   22.000  0.000800  1.286816  1.266824   2.20   2.20   1.93   0.65   1.54  -0.12   0.00   0.27  -0.09   0.35  -0.10   0.25   0.63  -0.49
   22.000  0.001300  1.071105  1.065138   2.26   2.26   2.28   1.40   1.30   0.99   0.00  -0.15  -0.17   0.39  -0.55   0.01   0.18   0.12
   22.000  0.002100  1.002779  1.001084   2.72   2.72   1.96   0.77   1.19   0.83   0.00  -0.96   0.19  -0.30  -0.20   0.30   0.04  -0.05
   22.000  0.003200  0.905374  0.904838   2.55   2.55   1.74   1.18   1.12   0.25   0.00   0.07  -0.41   0.11  -0.13   0.26   0.07   0.08
   22.000  0.005000  0.771006  0.770903   2.37   2.37   1.69   0.89   1.08   0.40   0.00  -0.28   0.30  -0.23  -0.08   0.23   0.01  -0.68
   22.000  0.008000  0.656300  0.656300   2.43   2.43   1.74   0.93   1.06   0.37   0.00  -0.69   0.51  -0.26   0.04   0.32   0.00   0.11
   22.000  0.013000  0.581271  0.581271   1.95   1.95   5.60   1.83   1.04   0.90   0.00  -0.29   0.41   0.07  -0.06   0.02   0.00   5.09
   22.000  0.032000  0.511832  0.511939   1.82   1.82   6.90   1.61   1.04   0.90   0.00  -0.69   1.40  -0.32   0.08  -0.27   0.00   6.37
   27.000  0.000500  1.620285  1.497170   3.32   3.32   4.01   1.47   2.12   0.69   0.00   0.11   0.19   0.22   1.29   0.95   2.49   0.30
   27.000  0.000800  1.325290  1.293614   2.45   2.45   2.17   0.83   1.69   0.40   0.00   0.10   0.10   0.27   0.21   0.36   0.86  -0.04
   27.000  0.001300  1.190134  1.180721   2.27   2.27   2.66   1.83   1.38   1.14   0.00  -0.20   0.07   0.24  -0.61   0.14   0.21  -0.03
   27.000  0.002100  1.097916  1.095161   2.82   2.82   1.72   0.97   1.23   0.53   0.00   0.22  -0.15   0.31  -0.15   0.00   0.08  -0.02
   27.000  0.003200  0.902310  0.901495   2.74   2.74   2.14   1.53   1.15   0.77   0.00   0.08   0.18  -0.24  -0.04   0.48   0.05   0.00
   27.000  0.005000  0.803971  0.803766   2.55   2.55   2.48   1.53   1.10   0.97   0.00  -1.09   0.20  -0.52  -0.07   0.30   0.00  -0.22
   27.000  0.008000  0.731316  0.731316   2.63   2.63   2.66   1.35   1.06   1.21   0.00  -0.40   0.72  -0.23   0.09   0.09   0.00   1.38
   27.000  0.013000  0.633545  0.633649   2.03   2.03   2.88   1.39   1.05   0.58   0.00  -0.41   0.29   0.05   0.10  -0.12   0.00   2.16
   35.000  0.000800  1.466542  1.403556   1.48   1.48   2.89   0.66   1.89   0.36   0.01  -0.95  -0.02   0.04   0.32   1.05   1.44  -0.01
   35.000  0.001300  1.241395  1.225115   1.36   1.36   1.79   0.33   1.49   0.47   0.00  -0.28  -0.07   0.43  -0.46   0.28   0.29   0.05
   35.000  0.002100  1.112872  1.107638   1.63   1.63   1.63   0.43   1.29   0.55   0.00  -0.47  -0.15   0.32  -0.36   0.14   0.03  -0.07
   35.000  0.003200  0.962816  0.961280   1.66   1.66   1.64   0.74   1.19   0.59   0.00   0.35   0.07   0.11  -0.14  -0.39   0.01  -0.23
   35.000  0.005000  0.864672  0.864253   1.55   1.55   1.47   0.35   1.12   0.63   0.00  -0.56   0.18   0.07   0.10  -0.14   0.02  -0.07
   35.000  0.008000  0.727042  0.727042   1.58   1.58   1.79   0.72   1.08   0.74   0.00  -0.42   0.48  -0.43  -0.04   0.06   0.00  -0.60
   35.000  0.013000  0.646255  0.646358   1.87   1.87   2.23   0.90   1.05   0.54   0.00  -0.31   0.86  -0.10  -0.11   0.01   0.00   1.37
   35.000  0.021000  0.554799  0.554898   1.78   1.78   2.79   1.05   1.05   0.99   0.00  -0.53  -0.28  -0.18   0.24  -0.18   0.00   2.03
   35.000  0.032000  0.495781  0.495879   1.11   1.11   7.58   0.98   1.04   0.85   0.00  -1.16   0.90  -0.24   0.07  -0.22   0.00   7.24
   45.000  0.000800  1.603672  1.482377   1.81   1.81   3.59   1.45   2.05   0.42  -0.03   0.32  -0.09   0.26   1.65   0.14   1.87   0.04
   45.000  0.001300  1.326997  1.297372   1.34   1.34   2.11   0.34   1.62   0.46   0.00  -0.73   0.03   0.34  -0.78   0.17   0.45  -0.01
   45.000  0.002100  1.139010  1.130925   1.70   1.70   1.66   0.39   1.37   0.49   0.00  -0.20   0.09   0.56  -0.27  -0.12   0.15   0.09
   45.000  0.003200  1.000724  0.998104   1.52   1.52   1.55   0.52   1.24   0.61   0.00  -0.23   0.20   0.12  -0.23  -0.04   0.01  -0.24
   45.000  0.005000  0.910152  0.909312   1.42   1.42   1.30   0.43   1.15   0.24   0.00  -0.18   0.15   0.06  -0.17  -0.16   0.01   0.12
   45.000  0.008000  0.777432  0.777328   1.44   1.44   1.49   0.44   1.09   0.54   0.00  -0.46  -0.40  -0.28  -0.10   0.27   0.00   0.14
   45.000  0.013000  0.660936  0.661037   1.71   1.71   1.73   0.83   1.06   0.17   0.00  -0.85   0.58  -0.24  -0.06  -0.13   0.00  -0.12
   45.000  0.021000  0.587236  0.587441   1.68   1.68   2.13   0.35   1.05   0.38   0.00  -0.62   0.27   0.04   0.09  -0.35   0.00   1.61
   60.000  0.001300  1.450091  1.387452   1.31   1.31   2.18   0.55   1.80   0.53  -0.11  -0.44   0.12   0.14  -0.06   0.42   0.72  -0.02
   60.000  0.002100  1.229704  1.213294   1.49   1.49   1.81   0.46   1.48   0.38   0.00  -0.23  -0.16   0.35  -0.45   0.42   0.36  -0.14
   60.000  0.003200  1.079370  1.074235   1.49   1.49   1.51   0.40   1.31   0.35   0.00   0.16  -0.07   0.36  -0.27  -0.17   0.08  -0.14
   60.000  0.005000  0.901728  0.900347   1.36   1.36   1.47   0.49   1.19   0.41   0.00   0.36   0.19   0.32  -0.07   0.18   0.01   0.12
   60.000  0.008000  0.809394  0.809086   1.42   1.42   1.55   0.66   1.11   0.47   0.00  -0.58   0.25  -0.27   0.06   0.19   0.00   0.07
   60.000  0.013000  0.688754  0.688855   1.70   1.70   1.90   0.84   1.07   0.68   0.00  -0.58   0.73  -0.29   0.12   0.20   0.00  -0.55
   60.000  0.021000  0.598172  0.598374   1.62   1.62   2.38   1.13   1.05   0.63   0.00  -0.69   0.21  -0.10   0.11  -0.02   0.00   1.53
   60.000  0.032000  0.536418  0.536520   1.97   1.97   3.30   1.26   1.04   0.49   0.00  -0.61   0.69   0.03   0.21  -0.16   0.00   2.66
   60.000  0.050000  0.511578  0.511794   1.54   1.54   6.80   1.95   1.03  -0.04   0.00  -0.83   0.92  -0.35  -0.10  -0.12   0.00   6.30
   70.000  0.001300  1.530909  1.438159   1.77   1.77   2.22   0.60   1.94   0.25  -0.27  -0.45   0.15   0.14   0.30  -0.27   0.54   0.02
   70.000  0.002100  1.261783  1.238322   1.73   1.73   1.92   0.33   1.63   0.40  -0.10   0.32   0.05   0.42  -0.32   0.36   0.48   0.08
   70.000  0.003200  1.093596  1.086522   1.67   1.67   1.62   0.46   1.40   0.48  -0.02  -0.20  -0.13   0.30  -0.27   0.00   0.06  -0.05
   70.000  0.005000  0.986186  0.984084   1.55   1.55   1.50   0.43   1.25   0.54   0.00  -0.29   0.16   0.20  -0.09  -0.16   0.01   0.20
   70.000  0.008000  0.815385  0.814980   1.62   1.62   1.38   0.48   1.14   0.18   0.00  -0.41   0.22   0.12  -0.06  -0.18   0.00  -0.27
   70.000  0.013000  0.707971  0.708073   1.90   1.90   1.65   0.51   1.08   0.27   0.00  -0.58   0.78  -0.34  -0.05   0.15   0.00  -0.38
   70.000  0.021000  0.620393  0.620496   1.78   1.78   1.63   0.67   1.05   0.38   0.00  -0.57   0.59  -0.22   0.07   0.04   0.00   0.47
   70.000  0.032000  0.556538  0.556642   2.11   2.11   2.78   0.92   1.04   0.28   0.00  -0.26  -0.19   0.32  -0.06  -0.22   0.00   2.34
   70.000  0.050000  0.500335  0.500439   1.63   1.63   6.24   0.90   1.04   0.35   0.00  -0.68   0.51  -0.23   0.19  -0.08   0.00   6.01
   90.000  0.002100  1.276908  1.235591   1.98   1.98   2.17   0.35   1.81   0.20  -0.38  -0.83  -0.03   0.36  -0.23   0.23   0.47   0.03
   90.000  0.003200  1.181574  1.168005   1.85   1.85   1.72   0.22   1.52   0.43  -0.35   0.26   0.08   0.41  -0.20  -0.06   0.05   0.06
   90.000  0.005000  1.032382  1.028578   1.68   1.68   1.69   0.56   1.32   0.15  -0.06  -0.74  -0.09   0.13  -0.17  -0.27   0.00  -0.30
   90.000  0.008000  0.897241  0.896382   1.75   1.75   1.49   0.23   1.18   0.68  -0.01  -0.44  -0.17  -0.12  -0.25   0.03   0.01   0.11
   90.000  0.013000  0.748751  0.748751   2.06   2.06   1.61   0.97   1.10   0.38   0.01  -0.24   0.33  -0.28  -0.10   0.19   0.00   0.05
   90.000  0.021000  0.621373  0.621575   1.91   1.91   1.90   0.60   1.06   0.39  -0.01  -0.33   0.92  -0.27   0.19   0.06   0.00  -0.96
   90.000  0.032000  0.534766  0.534962   2.29   2.29   2.88   1.23   1.05   0.57   0.01  -0.29   0.48   0.19   0.04  -0.15   0.01   2.24
   90.000  0.050000  0.483949  0.484149   2.11   2.11   6.30   0.93   1.04   0.19   0.00   0.19   0.09   0.18   0.06  -0.20   0.00   6.13
   90.000  0.080000  0.435271  0.435474   1.96   1.96   2.83   0.90   1.03   0.24  -0.01  -0.58   0.75  -0.14   0.14  -0.04   0.00   2.26
   90.000  0.180000  0.339495  0.339697   3.07   3.07   5.32   3.04   1.03   0.66   0.00  -3.11   1.55  -1.35  -0.66   0.02   0.00  -1.79
  120.000  0.002100  1.403936  1.316639   2.23   2.23   2.46   0.77   1.97  -0.03   0.62  -0.87   0.15   0.14   0.28  -0.56   0.03  -0.06
  120.000  0.003200  1.198474  1.173232   1.93   1.93   2.05   0.73   1.67   0.30   0.05  -0.69  -0.04   0.31  -0.41   0.02   0.10  -0.03
  120.000  0.005000  1.045287  1.038113   1.72   1.72   1.81   0.50   1.41   0.54  -0.71   0.09  -0.16   0.37  -0.22  -0.16   0.08   0.04
  120.000  0.008000  0.909741  0.907959   1.77   1.77   1.42   0.42   1.23   0.42  -0.31  -0.15   0.11  -0.02  -0.09  -0.10   0.00   0.04
  120.000  0.013000  0.759748  0.759543   2.00   2.00   1.75   0.54   1.13   0.29   0.04  -1.09   0.23  -0.17  -0.07  -0.09   0.00   0.38
  120.000  0.021000  0.663825  0.664035   1.87   1.87   1.77   0.71   1.07   0.38  -0.08  -0.16   1.00  -0.43   0.11  -0.20   0.00  -0.25
  120.000  0.032000  0.578819  0.579132   2.30   2.30   2.19   0.88   1.04   0.38  -0.05  -0.48   0.12   0.12   0.40  -0.13   0.00  -1.53
  120.000  0.050000  0.472025  0.472314   2.08   2.08   5.13   0.77   1.04   0.67  -0.05   0.12  -0.27  -0.25   0.14  -0.10   0.00   4.90
  120.000  0.080000  0.436479  0.436681   1.93   1.93   4.68   0.66   1.03   0.41   0.01  -0.93   0.58  -0.18   0.03  -0.09   0.00   4.36
  120.000  0.180000  0.328099  0.328296   2.74   2.74   8.80   3.23   1.02   0.64  -0.05  -2.24  -1.32  -0.90  -0.57   0.03   0.00  -7.59
  150.000  0.003200  1.238387  1.194086   2.13   2.13   2.26   0.58   1.87   0.03   0.36  -0.88  -0.08   0.10   0.31  -0.53   0.07   0.00
  150.000  0.005000  1.049440  1.037480   1.89   1.89   1.82   0.48   1.53   0.11   0.41  -0.23   0.10   0.49  -0.32  -0.35   0.00  -0.14
  150.000  0.008000  0.890038  0.887145   1.85   1.85   1.60   0.66   1.30   0.30  -0.30  -0.39   0.05  -0.23   0.09  -0.20   0.00   0.00
  150.000  0.013000  0.805061  0.804529   2.14   2.14   1.96   0.45   1.16   0.45  -0.98  -0.96   0.18  -0.22  -0.08  -0.25   0.00  -0.27
  150.000  0.021000  0.660385  0.660590   1.97   1.97   1.89   0.63   1.09   0.49  -0.68  -0.41   0.72  -0.42   0.08   0.03   0.00   0.66
  150.000  0.032000  0.573297  0.573602   2.38   2.38   1.70   0.75   1.05   0.30  -0.71  -0.04   0.66  -0.17  -0.11  -0.26   0.00   0.28
  150.000  0.050000  0.514766  0.515182   2.21   2.21   2.35   1.32   1.04   0.58  -0.52  -0.45  -0.36   0.19   0.19  -0.09   0.00   1.29
  150.000  0.080000  0.430842  0.431238   2.01   2.01   5.00   1.01   1.03   0.52  -0.52  -0.45   0.61   0.08   0.07  -0.07   0.00   4.66
  150.000  0.180000  0.326229  0.326426   2.68   2.68   6.43   2.30   1.02   0.53  -0.55  -2.50  -1.33  -0.98  -0.37   0.00   0.00  -5.03
  200.000  0.003200  1.247744  1.162162   3.81   3.81   3.25   2.00   2.02   0.00   0.76  -1.22   0.23   0.31   0.37  -0.35   0.07   0.03
  200.000  0.005000  1.087499  1.064635   2.26   2.26   2.09   0.43   1.70   0.00   0.61  -0.79  -0.07   0.38  -0.33  -0.01   0.00   0.19
  200.000  0.008000  0.904862  0.899175   2.23   2.23   1.77   0.57   1.39   0.06   0.53   0.63   0.07   0.38  -0.19   0.06   0.00   0.01
  200.000  0.013000  0.795235  0.794111   2.20   2.20   1.48   0.24   1.20   0.06   0.32  -0.50   0.23  -0.49   0.02  -0.13   0.00  -0.21
  200.000  0.021000  0.658873  0.658973   2.73   2.73   1.77   0.70   1.10  -0.13   0.67   0.53   0.42  -0.70  -0.09  -0.10   0.00   0.07
  200.000  0.032000  0.569595  0.569893   2.81   2.81   1.93   0.52   1.05  -0.05   0.34  -0.77   0.75  -0.48   0.17  -0.02   0.00   0.91
  200.000  0.050000  0.507820  0.508226   2.77   2.77   2.43   0.49   1.03   0.34  -0.26  -0.56  -0.42  -0.25  -0.17  -0.13   0.00   1.95
  200.000  0.080000  0.433410  0.433808   2.45   2.45   2.73   0.50   1.03  -0.27  -0.74   0.13   0.45   0.37   0.28  -0.10   0.00   2.26
  200.000  0.180000  0.339356  0.339770   2.88   2.88   3.69   0.61   1.02   0.30  -0.06  -2.43  -1.23  -0.92  -0.27   0.00   0.00  -1.94
  250.000  0.005000  1.105390  1.066088   3.03   3.03   2.86   1.29   1.88   0.00   0.58  -1.57   0.06   0.35  -0.20   0.05   0.00   0.04
  250.000  0.008000  0.936948  0.927039   2.58   2.58   1.73   0.52   1.51   0.00   0.48  -0.20  -0.09   0.36  -0.15  -0.11   0.00   0.03
  250.000  0.013000  0.823526  0.821452   2.69   2.69   1.84   0.92   1.26   0.02   0.40   0.49   0.28   0.53   0.07  -0.13   0.00   0.42
  250.000  0.021000  0.644055  0.643958   3.52   3.52   1.79   0.63   1.12   0.03  -0.37  -0.82  -0.31  -0.33  -0.15  -0.02   0.00  -0.72
  250.000  0.032000  0.612077  0.612499   3.39   3.39   2.31   1.03   1.06   0.12   0.86  -0.74   0.91  -0.96  -0.03   0.06   0.00  -0.30
  250.000  0.050000  0.516427  0.516939   3.16   3.16   1.76   1.12   1.04   0.08   0.53   0.34   0.43  -0.10   0.14  -0.18   0.00  -0.34
  250.000  0.080000  0.444637  0.445145   2.77   2.77   5.11   0.31   1.03   0.09   0.97  -0.62  -0.23   0.17  -0.26  -0.07   0.00   4.85
  250.000  0.180000  0.340316  0.340734   3.21   3.21   5.63   1.11   1.02   0.06   0.50  -0.97   1.28  -0.18   0.27  -0.02   0.00  -5.15
  350.000  0.005000  1.196136  1.103183   4.37   4.37   3.47   2.70   2.00   0.00  -0.16  -0.60  -0.24   0.34   0.40  -0.02   0.00  -0.25
  350.000  0.008000  1.011458  0.988003   2.85   2.85   2.08   0.43   1.65   0.00   0.17  -0.76  -0.14   0.78   0.12  -0.37   0.04  -0.21
  350.000  0.013000  0.829480  0.824306   2.87   2.87   1.66   0.54   1.34   0.00   0.65  -0.33  -0.12   0.07  -0.13  -0.29   0.00   0.05
  350.000  0.021000  0.680117  0.679323   3.59   3.59   1.93   1.13   1.18   0.00   0.83  -0.41   0.22  -0.35  -0.14   0.05   0.00  -0.01
  350.000  0.032000  0.638958  0.639175   3.56   3.56   2.03   0.84   1.08   0.00   0.56   0.48   0.84  -0.81   0.14  -0.22   0.00  -0.52
  350.000  0.050000  0.525786  0.526405   3.38   3.38   1.92   0.56   1.04   0.00   0.81  -0.80   0.29  -0.47  -0.12  -0.09   0.00   0.82
  350.000  0.080000  0.441066  0.441669   3.17   3.17   2.61   0.64   1.03   0.00   0.52  -0.72  -0.48  -0.17   0.04  -0.08   0.00   2.08
  350.000  0.180000  0.327571  0.328180   3.55   3.55   1.60   0.36   1.02   0.00   0.23  -0.81   0.65  -0.33   0.26   0.00   0.00  -0.29
  450.000  0.008000  0.995247  0.953771   3.51   3.51   2.43   1.44   1.82   0.00  -0.20  -0.11  -0.10   0.58  -0.08  -0.12   0.27  -0.10
  450.000  0.013000  0.864165  0.854225   2.97   2.97   1.66   0.57   1.42   0.00   0.41  -0.38   0.15   0.26  -0.12  -0.07   0.00   0.07
  450.000  0.021000  0.703917  0.702097   3.56   3.56   1.59   0.80   1.20   0.00   0.23   0.55   0.12   0.16   0.07   0.07   0.00   0.20
  450.000  0.032000  0.578785  0.578785   4.25   4.25   1.83   0.25   1.10   0.00   0.68  -0.70   0.72  -0.61  -0.10   0.00   0.00  -0.49
  450.000  0.050000  0.510711  0.511308   3.44   3.44   1.54   0.53   1.04   0.00   0.34  -0.38   0.64  -0.50   0.10  -0.26   0.00   0.02
  450.000  0.080000  0.438539  0.439336   3.62   3.62   2.27   1.14   1.03   0.00   0.54  -0.53  -0.69  -0.13  -0.05  -0.06   0.00   1.31
  450.000  0.130000  0.364504  0.365191   3.79   3.79   2.31   0.99   1.02   0.00   0.85  -0.25   0.19   0.16   0.11   0.00   0.00   1.57
  450.000  0.250000  0.263018  0.263631   4.53   4.53   7.69   1.66   1.02   0.00   0.86  -2.45  -0.81  -0.74  -0.32   0.00   0.00  -6.88
  650.000  0.008000  1.022789  0.926231   4.64   4.64   3.20   1.82   1.94   0.00   0.21  -1.55  -0.11   0.05   0.46  -0.71   0.00  -0.03
  650.000  0.013000  0.850388  0.826507   3.31   3.31   1.88   0.71   1.52   0.00   0.41  -0.35  -0.14   0.55  -0.20  -0.21   0.08   0.12
  650.000  0.021000  0.727848  0.722326   3.81   3.81   1.70   0.88   1.21   0.00   0.41  -0.55   0.19   0.35  -0.05   0.12   0.00  -0.06
  650.000  0.032000  0.604119  0.603024   4.01   4.01   1.87   0.90   1.08   0.00   0.29  -0.36   0.22  -0.10   0.12   0.10   0.00   1.10
  650.000  0.050000  0.474590  0.474864   4.28   4.28   2.13   1.00   1.03   0.00   0.44  -0.45   1.06  -0.95  -0.06  -0.02   0.00  -0.24
  650.000  0.080000  0.454631  0.455558   3.89   3.89   1.55   0.76   1.02   0.00  -0.29  -0.38  -0.31   0.12   0.17  -0.06   0.00   0.63
  650.000  0.130000  0.355751  0.356714   4.23   4.23   3.17   1.35   1.02   0.00   0.34  -0.78   0.35   0.16   0.11  -0.01   0.00   2.51
  650.000  0.250000  0.248759  0.249644   4.82   4.82   3.40   1.68   1.02   0.00   0.73  -1.83  -0.43  -0.55  -0.07   0.00   0.00   1.82
  650.000  0.400000  0.151232  0.151675   9.54   9.54  14.50   0.76   1.01   0.00   1.10  -5.62  -3.87  -1.30  -1.28   0.00   0.00 -12.55
  800.000  0.013000  0.887169  0.846523   4.47   4.47   2.35   1.02   1.70   0.00   0.33  -1.03  -0.04   0.38  -0.18  -0.36   0.00  -0.38
  800.000  0.021000  0.674504  0.665417   7.50   7.50   1.60   0.57   1.26   0.00   0.10   0.58  -0.11   0.36  -0.17   0.11   0.00  -0.35
  800.000  0.032000  0.649876  0.647223   4.95   4.95   1.44   0.59   1.07   0.00   0.52  -0.40  -0.06  -0.28   0.03  -0.10   0.00  -0.22
  800.000  0.050000  0.451244  0.451157   5.01   5.01   2.28   1.33   1.02   0.00   0.28   0.33   1.13  -0.76   0.03   0.04   0.00   0.56
  800.000  0.080000  0.418920  0.419773   5.78   5.78   2.58   1.03   1.02   0.00   0.86  -1.36   0.62  -0.43  -0.07   0.04   0.00   1.19
  800.000  0.130000  0.368693  0.369794   5.21   5.21   2.49   0.80   1.01   0.00   0.56  -0.67  -0.51   0.03  -0.05   0.02   0.00  -1.87
  800.000  0.250000  0.259360  0.260395   5.86   5.86   1.85   0.39   1.01   0.00  -0.11  -0.54   0.35  -0.21   0.17   0.00   0.00   1.31
  800.000  0.400000  0.113690  0.114198  11.36  11.36  13.52   2.18   1.01   0.00   0.76  -5.27  -3.11  -0.76  -0.76   0.00   0.00 -11.74
 1200.000  0.014000  0.959538  0.871554   5.51   5.51   2.90   1.05   1.74   0.00   0.19  -1.96   0.09   0.46   0.29  -0.28   0.00  -0.02
 1200.000  0.021000  0.706692  0.680551   5.11   5.11   1.80   0.76   1.35   0.00   0.19  -0.61  -0.08   0.55  -0.11   0.33   0.00   0.02
 1200.000  0.032000  0.570898  0.563001   5.00   5.00   1.95   1.50   1.07   0.00   0.27   0.52   0.17   0.07   0.07   0.16   0.00  -0.08
 1200.000  0.050000  0.492523  0.490369   4.64   4.64   1.59   1.02   1.02   0.00   0.38  -0.19   0.44  -0.17  -0.16  -0.05   0.00  -0.22
 1200.000  0.080000  0.433882  0.434078   5.26   5.26   1.50   0.41   1.01   0.00  -0.12  -0.29   0.74  -0.57   0.17  -0.22   0.00  -0.08
 1200.000  0.130000  0.334515  0.335610   5.80   5.80   3.14   0.57   1.01   0.00   0.32  -0.59   0.49   0.07  -0.14  -0.01   0.00   2.80
 1200.000  0.250000  0.252903  0.254343   5.41   5.41   2.03   1.04   1.01   0.00   0.50  -1.29  -0.34  -0.10   0.07   0.00   0.00   0.05
 1200.000  0.400000  0.147912  0.148935   8.13   8.13  10.33   2.88   1.01   0.00   0.32  -3.13  -2.45  -0.74  -0.15   0.00   0.00  -9.00
 1200.000  0.650000  0.020550  0.020697  35.56  35.56  25.12  17.54   1.01   0.00  -0.86 -13.32  -5.26  -1.55  -2.22   0.00   0.00 -10.45
 1500.000  0.021000  0.709611  0.666084   7.94   7.94   6.15   5.83   1.47   0.00   0.32   1.05  -0.01   0.32  -0.38   0.21   0.00  -0.48
 1500.000  0.032000  0.554246  0.540184  10.32  10.32   1.99   1.26   1.09   0.00   0.24  -0.17   0.19   0.54   0.02   0.32   0.00  -0.80
 1500.000  0.050000  0.522664  0.517619   5.80   5.80   1.77   1.15   1.01   0.00   0.28  -0.41  -0.22  -0.22  -0.10  -0.36   0.00   0.55
 1500.000  0.080000  0.477465  0.476495   5.67   5.67   2.64   1.03   1.01   0.00   0.49  -0.60   0.76  -1.01  -0.07   0.10   0.00  -1.64
 1500.000  0.130000  0.300201  0.301023  11.76  11.76   1.91   1.24   1.01   0.00   0.18   0.07  -0.07  -0.25   0.15   0.05   0.00   0.99
 1500.000  0.180000  0.311419  0.312928   7.32   7.32   5.94   1.17   1.01   0.00   0.25  -0.93   0.60   0.32  -0.10   0.00   0.00   5.61
 1500.000  0.250000  0.268420  0.270183   8.65   8.65   3.00   2.17   1.01   0.00   0.15  -1.71  -0.54  -0.12   0.09   0.00   0.00   0.00
 1500.000  0.400000  0.144825  0.146070  12.64  12.64  13.68   1.93   1.01   0.00   0.42  -3.94  -1.73  -0.86  -0.18   0.00   0.00 -12.76
 1500.000  0.650000  0.012202  0.012316  30.86  30.86  18.99   8.84   1.01   0.00   0.84  -7.60  -6.00  -1.04  -0.42   0.00   0.00  13.63
 2000.000  0.032000  0.617047  0.585746   8.28   8.28   3.42   3.05   1.13   0.00   0.37  -0.38  -0.06   0.52  -0.15  -0.41   0.00   0.60
 2000.000  0.050000  0.487082  0.475989   7.40   7.40   2.02   1.44   1.01   0.00   0.28  -0.83   0.06   0.02   0.07  -0.21   0.00  -0.41
 2000.000  0.080000  0.448084  0.444246   7.10   7.10   2.02   1.10   1.01   0.00   0.33  -0.30   0.76  -0.62   0.09  -0.11   0.00   0.81
 2000.000  0.130000  0.340242  0.340242   8.34   8.34   3.90   1.93   1.01   0.00   0.29  -0.56   0.37  -0.43  -0.07  -0.03   0.00  -3.12
 2000.000  0.180000  0.280412  0.281600   9.07   9.07   2.57   1.82   1.01   0.00   0.38  -1.18  -0.66   0.11  -0.10   0.00   0.00  -0.54
 2000.000  0.250000  0.231818  0.233553  10.36  10.36   5.27   2.31   1.01   0.00   0.35  -0.89  -0.44  -0.20   0.08   0.00   0.00   4.50
 2000.000  0.400000  0.168507  0.170392  13.80  13.80  10.12   2.04   1.01   0.00  -0.15  -4.00  -2.54  -0.48  -0.18   0.00   0.00  -8.64
 3000.000  0.050000  0.578277  0.542175   8.67   8.67   2.14   1.58   1.01   0.00   0.12   0.86  -0.09   0.43  -0.17   0.21   0.00  -0.06
 3000.000  0.080000  0.452480  0.438108   8.53   8.53   2.16   0.83   1.01   0.00   0.25  -0.38  -0.11  -0.32  -0.03  -0.18   0.00  -1.61
 3000.000  0.130000  0.328775  0.325044  13.88  13.88   4.44   1.40   1.01   0.00   0.34   0.61   1.31  -0.96  -0.07  -0.04   0.00   3.69
 3000.000  0.180000  0.243114  0.242714  11.69  11.69   3.77   1.39   1.01   0.00   0.31  -1.02  -0.53  -0.10   0.06   0.00   0.00  -3.14
 3000.000  0.250000  0.192228  0.193367  17.75  17.75   4.24   2.21   1.01   0.00  -0.24  -1.25  -0.50  -0.12  -0.22   0.65   0.00  -3.12
 3000.000  0.400000  0.087760  0.088986  21.68  21.68   9.10   6.67   1.01   0.00   0.48  -4.26  -1.25  -0.56   0.37   0.00   0.00   4.11
 3000.000  0.650000  0.015535  0.015843  33.92  33.92  15.28   8.11   1.01   0.00  -0.07 -10.76  -7.01  -0.68  -0.19   0.00   0.00   1.06
 5000.000  0.080000  0.422013  0.376010   9.03   9.03   2.68   2.15   1.03   0.00   0.18  -0.90   0.04   0.53   0.02   0.07   0.61  -0.03
 5000.000  0.130000  0.302290  0.283987  11.65  11.65   2.04   0.77   1.01   0.00   0.36   1.25   0.62  -0.59  -0.03   0.00   0.00   0.32
 5000.000  0.180000  0.287911  0.278289  11.32  11.32   5.24   2.42   1.01   0.00   0.14  -0.69   0.31  -0.48   0.06   0.00   0.00   4.45
 5000.000  0.250000  0.226103  0.223463  13.16  13.16   3.55   2.58   1.01   0.00   0.17  -2.15   0.48   0.13  -0.19   0.00   0.00   0.12
 5000.000  0.400000  0.124929  0.126419  18.34  18.34   5.44   1.60   1.01   0.00  -0.26  -2.89  -1.63  -0.34   0.27   0.00   0.00  -3.84
 8000.000  0.130000  0.293193  0.241099  14.53  14.53   4.24   4.04   1.01   0.00   0.32  -0.71  -0.10  -0.14   0.03   0.04   0.00   0.00
 8000.000  0.180000  0.310750  0.272235  15.38  15.38   5.65   3.64   1.01   0.00   0.33  -0.46   1.01  -0.77  -0.07   0.00   0.00   3.96
 8000.000  0.250000  0.214400  0.198991  18.11  18.11  10.84   0.61   1.01   0.00   0.51  -1.62  -0.92  -0.13   0.10   0.00   0.00 -10.60
 8000.000  0.400000  0.120651  0.118954  23.78  23.78   6.82   0.83   1.01   0.00  -0.20  -4.08  -1.62  -0.37  -0.24   0.00   0.00   5.03
 8000.000  0.650000  0.035257  0.036230  30.58  30.58  14.16   5.73   1.01   0.00  -0.62  -8.08  -4.15  -0.24   0.06   0.00   0.00  -9.15
12000.000  0.180000  0.330172  0.238162  20.09  20.09   3.70   3.12   1.01   0.00   0.16  -1.67   0.20   0.26   0.05   0.02   0.00   0.12
12000.000  0.250000  0.213779  0.171521  25.92  25.92   4.11   3.72   1.01   0.00   0.11  -0.57   0.43  -0.29  -0.07   0.00   0.00   1.18
12000.000  0.400000  0.091652  0.084125  37.96  37.96   3.29   0.79   1.01   0.00   0.48  -2.69  -1.20   0.02  -0.07   0.00   0.00   0.54
20000.000  0.250000  0.292842  0.161485  35.42  35.42   5.21   4.84   1.01   0.00   0.72  -1.47  -0.04   0.13   0.04   0.00   0.00  -0.09
20000.000  0.400000  0.112441  0.079997  79.09  47.92  13.90  12.60   1.01   0.00  -0.46  -4.67  -1.37  -0.48  -0.10   0.00   0.00  -3.03
30000.000  0.400000  0.085575  0.039420 229.92  82.78   6.82   4.59   1.01   0.00   0.47  -4.86  -0.40   0.18   0.04   0.00   0.00  -0.57
