3.10500e-07	8.62222e-02	4.50000e-02
7.45200e-07	8.24476e-02	4.50000e-02
1.17990e-06	8.05372e-02	4.50000e-02
1.61460e-06	7.92573e-02	4.50000e-02
2.04930e-06	7.82964e-02	4.50000e-02
3.31000e-05	3.07659e-01	3.50000e-01
7.94400e-05	2.83196e-01	3.50000e-01
1.25780e-04	2.70590e-01	3.50000e-01
1.72120e-04	2.62062e-01	3.50000e-01
2.18460e-04	2.55616e-01	3.50000e-01
4.48500e-07	1.15391e-01	6.50000e-02
1.07640e-06	1.09985e-01	6.50000e-02
1.70430e-06	1.07243e-01	6.50000e-02
2.33220e-06	1.05404e-01	6.50000e-02
2.96010e-06	1.04023e-01	6.50000e-02
6.50000e-05	2.88746e-01	3.50000e-01
1.56000e-04	2.64730e-01	3.50000e-01
2.47000e-04	2.52306e-01	3.50000e-01
3.38000e-04	2.43880e-01	3.50000e-01
4.29000e-04	2.37497e-01	3.50000e-01
5.10000e-07	1.14581e-01	6.50000e-02
1.22400e-06	1.09212e-01	6.50000e-02
1.93800e-06	1.06487e-01	6.50000e-02
2.65200e-06	1.04658e-01	6.50000e-02
3.36600e-06	1.03283e-01	6.50000e-02
1.10000e-04	2.74253e-01	3.50000e-01
2.64000e-04	2.50515e-01	3.50000e-01
4.18000e-04	2.38192e-01	3.50000e-01
5.72000e-04	2.29814e-01	3.50000e-01
7.26000e-04	2.23456e-01	3.50000e-01
5.85000e-07	1.41960e-01	8.50000e-02
1.40400e-06	1.34933e-01	8.50000e-02
2.22300e-06	1.31365e-01	8.50000e-02
3.04200e-06	1.28970e-01	8.50000e-02
3.86100e-06	1.27170e-01	8.50000e-02
2.50000e-04	2.51981e-01	3.50000e-01
6.00000e-04	2.28539e-01	3.50000e-01
9.50000e-04	2.16287e-01	3.50000e-01
1.30000e-03	2.07919e-01	3.50000e-01
1.65000e-03	2.01544e-01	3.50000e-01
6.70000e-07	1.40849e-01	8.50000e-02
1.60800e-06	1.33871e-01	8.50000e-02
2.54600e-06	1.30325e-01	8.50000e-02
3.48400e-06	1.27944e-01	8.50000e-02
4.42200e-06	1.26152e-01	8.50000e-02
1.25500e-03	2.08859e-01	3.50000e-01
3.01200e-03	1.85348e-01	3.50000e-01
4.76900e-03	1.72816e-01	3.50000e-01
6.52600e-03	1.64147e-01	3.50000e-01
8.28300e-03	1.57482e-01	3.50000e-01
7.80000e-07	1.39614e-01	8.50000e-02
1.87200e-06	1.32690e-01	8.50000e-02
2.96400e-06	1.29167e-01	8.50000e-02
4.05600e-06	1.26800e-01	8.50000e-02
5.14800e-06	1.25017e-01	8.50000e-02
4.41500e-06	4.03452e-01	4.00000e-01
1.05960e-05	3.73372e-01	4.00000e-01
1.67770e-05	3.58076e-01	4.00000e-01
2.29580e-05	3.47809e-01	4.00000e-01
2.91390e-05	3.40093e-01	4.00000e-01
7.55000e-07	1.72444e-01	1.10000e-01
1.81200e-06	1.63408e-01	1.10000e-01
2.86900e-06	1.58815e-01	1.10000e-01
3.92600e-06	1.55731e-01	1.10000e-01
4.98300e-06	1.53411e-01	1.10000e-01
5.50000e-06	3.95778e-01	4.00000e-01
1.32000e-05	3.66018e-01	4.00000e-01
2.09000e-05	3.50869e-01	4.00000e-01
2.86000e-05	3.40695e-01	4.00000e-01
3.63000e-05	3.33044e-01	4.00000e-01
8.65000e-07	1.71013e-01	1.10000e-01
2.07600e-06	1.62039e-01	1.10000e-01
3.28700e-06	1.57473e-01	1.10000e-01
4.49800e-06	1.54405e-01	1.10000e-01
5.70900e-06	1.52097e-01	1.10000e-01
6.65000e-06	3.89215e-01	4.00000e-01
1.59600e-05	3.59722e-01	4.00000e-01
2.52700e-05	3.44695e-01	4.00000e-01
3.45800e-05	3.34596e-01	4.00000e-01
4.38900e-05	3.26999e-01	4.00000e-01
1.01000e-06	1.69395e-01	1.10000e-01
2.42400e-06	1.60489e-01	1.10000e-01
3.83800e-06	1.55953e-01	1.10000e-01
5.25200e-06	1.52902e-01	1.10000e-01
6.66600e-06	1.50606e-01	1.10000e-01
8.50000e-06	3.80824e-01	4.00000e-01
2.04000e-05	3.51660e-01	4.00000e-01
3.23000e-05	3.36782e-01	4.00000e-01
4.42000e-05	3.26776e-01	4.00000e-01
5.61000e-05	3.19244e-01	4.00000e-01
1.21500e-06	1.67483e-01	1.10000e-01
2.91600e-06	1.58655e-01	1.10000e-01
4.61700e-06	1.54152e-01	1.10000e-01
6.31800e-06	1.51121e-01	1.10000e-01
8.01900e-06	1.48837e-01	1.10000e-01
1.10000e-05	3.72114e-01	4.00000e-01
2.64000e-05	3.43279e-01	4.00000e-01
4.18000e-05	3.28549e-01	4.00000e-01
5.72000e-05	3.18634e-01	4.00000e-01
7.26000e-05	3.11166e-01	4.00000e-01
1.03500e-06	2.16380e-01	1.50000e-01
2.48400e-06	2.04174e-01	1.50000e-01
3.93300e-06	1.97965e-01	1.50000e-01
5.38200e-06	1.93794e-01	1.50000e-01
6.83100e-06	1.90656e-01	1.50000e-01
1.84000e-05	3.55039e-01	4.00000e-01
4.41600e-05	3.26805e-01	4.00000e-01
6.99200e-05	3.12340e-01	4.00000e-01
9.56800e-05	3.02588e-01	4.00000e-01
1.21440e-04	2.95235e-01	4.00000e-01
1.18000e-06	2.14516e-01	1.50000e-01
2.83200e-06	2.02390e-01	1.50000e-01
4.48400e-06	1.96216e-01	1.50000e-01
6.13600e-06	1.92065e-01	1.50000e-01
7.78800e-06	1.88941e-01	1.50000e-01
4.41500e-05	3.26812e-01	4.00000e-01
1.05960e-04	2.99435e-01	4.00000e-01
1.67770e-04	2.85342e-01	4.00000e-01
2.29580e-04	2.75814e-01	4.00000e-01
2.91390e-04	2.68614e-01	4.00000e-01
1.38000e-06	2.12308e-01	1.50000e-01
3.31200e-06	2.00273e-01	1.50000e-01
5.24400e-06	1.94138e-01	1.50000e-01
7.17600e-06	1.90011e-01	1.50000e-01
9.10800e-06	1.86903e-01	1.50000e-01
8.80000e-05	3.05181e-01	4.00000e-01
2.11200e-04	2.78342e-01	4.00000e-01
3.34400e-04	2.64472e-01	4.00000e-01
4.57600e-04	2.55069e-01	4.00000e-01
5.80800e-04	2.47950e-01	4.00000e-01
1.65500e-06	2.09768e-01	1.50000e-01
3.97200e-06	1.97833e-01	1.50000e-01
6.28900e-06	1.91741e-01	1.50000e-01
8.60600e-06	1.87640e-01	1.50000e-01
1.09230e-05	1.84550e-01	1.50000e-01
1.47000e-04	2.89378e-01	4.00000e-01
3.52800e-04	2.62863e-01	4.00000e-01
5.58600e-04	2.49112e-01	4.00000e-01
7.64400e-04	2.39768e-01	4.00000e-01
9.70200e-04	2.32679e-01	4.00000e-01
2.07000e-06	2.06672e-01	1.50000e-01
4.96800e-06	1.94854e-01	1.50000e-01
7.86600e-06	1.88811e-01	1.50000e-01
1.07640e-05	1.84740e-01	1.50000e-01
1.36620e-05	1.81670e-01	1.50000e-01
3.15500e-04	2.66221e-01	4.00000e-01
7.57200e-04	2.40050e-01	4.00000e-01
1.19890e-03	2.26389e-01	4.00000e-01
1.64060e-03	2.17065e-01	4.00000e-01
2.08230e-03	2.09966e-01	4.00000e-01
2.51000e-06	2.04032e-01	1.50000e-01
6.02400e-06	1.92308e-01	1.50000e-01
9.53800e-06	1.86305e-01	1.50000e-01
1.30520e-05	1.82257e-01	1.50000e-01
1.65660e-05	1.79204e-01	1.50000e-01
3.66000e-06	4.79399e-01	5.00000e-01
8.78400e-06	4.41839e-01	5.00000e-01
1.39080e-05	4.22820e-01	5.00000e-01
1.90320e-05	4.10088e-01	5.00000e-01
2.41560e-05	4.00538e-01	5.00000e-01
1.57500e-06	2.62838e-01	2.00000e-01
3.78000e-06	2.46845e-01	2.00000e-01
5.98500e-06	2.38702e-01	2.00000e-01
8.19000e-06	2.33228e-01	2.00000e-01
1.03950e-05	2.29109e-01	2.00000e-01
4.30000e-06	4.72345e-01	5.00000e-01
1.03200e-05	4.35118e-01	5.00000e-01
1.63400e-05	4.16254e-01	5.00000e-01
2.23600e-05	4.03621e-01	5.00000e-01
2.83800e-05	3.94142e-01	5.00000e-01
1.84000e-06	2.59946e-01	2.00000e-01
4.41600e-06	2.44072e-01	2.00000e-01
6.99200e-06	2.35980e-01	2.00000e-01
9.56800e-06	2.30537e-01	2.00000e-01
1.21440e-05	2.26440e-01	2.00000e-01
7.90000e-06	4.46294e-01	5.00000e-01
1.89600e-05	4.10241e-01	5.00000e-01
3.00200e-05	3.91923e-01	5.00000e-01
4.10800e-05	3.79635e-01	5.00000e-01
5.21400e-05	3.70404e-01	5.00000e-01
2.20500e-06	2.56610e-01	2.00000e-01
5.29200e-06	2.40867e-01	2.00000e-01
8.37900e-06	2.32832e-01	2.00000e-01
1.14660e-05	2.27424e-01	2.00000e-01
1.45530e-05	2.23351e-01	2.00000e-01
1.06000e-05	4.34007e-01	5.00000e-01
2.54400e-05	3.98477e-01	5.00000e-01
4.02800e-05	3.80401e-01	5.00000e-01
5.51200e-05	3.68264e-01	5.00000e-01
6.99600e-05	3.59141e-01	5.00000e-01
2.76000e-06	2.52513e-01	2.00000e-01
6.62400e-06	2.36924e-01	2.00000e-01
1.04880e-05	2.28955e-01	2.00000e-01
1.43520e-05	2.23588e-01	2.00000e-01
1.82160e-05	2.19543e-01	2.00000e-01
1.38000e-05	4.23139e-01	5.00000e-01
3.31200e-05	3.88055e-01	5.00000e-01
5.24400e-05	3.70183e-01	5.00000e-01
7.17600e-05	3.58174e-01	5.00000e-01
9.10800e-05	3.49142e-01	5.00000e-01
3.34500e-06	2.49039e-01	2.00000e-01
8.02800e-06	2.33574e-01	2.00000e-01
1.27110e-05	2.25659e-01	2.00000e-01
1.73940e-05	2.20324e-01	2.00000e-01
2.20770e-05	2.16302e-01	2.00000e-01
1.99000e-05	4.08294e-01	5.00000e-01
4.77600e-05	3.73791e-01	5.00000e-01
7.56200e-05	3.56182e-01	5.00000e-01
1.03480e-04	3.44339e-01	5.00000e-01
1.31340e-04	3.35424e-01	5.00000e-01
4.24500e-06	2.44774e-01	2.00000e-01
1.01880e-05	2.29455e-01	2.00000e-01
1.61310e-05	2.21602e-01	2.00000e-01
2.20740e-05	2.16304e-01	2.00000e-01
2.80170e-05	2.12307e-01	2.00000e-01
5.00000e-05	3.72020e-01	5.00000e-01
1.20000e-04	3.38792e-01	5.00000e-01
1.90000e-04	3.21758e-01	5.00000e-01
2.60000e-04	3.10271e-01	5.00000e-01
3.30000e-04	3.01608e-01	5.00000e-01
5.50000e-06	2.40188e-01	2.00000e-01
1.32000e-05	2.25014e-01	2.00000e-01
2.09000e-05	2.17224e-01	2.00000e-01
2.86000e-05	2.11962e-01	2.00000e-01
3.63000e-05	2.07990e-01	2.00000e-01
1.25500e-04	3.37119e-01	5.00000e-01
3.01200e-04	3.04919e-01	5.00000e-01
4.76900e-04	2.88331e-01	5.00000e-01
6.52600e-04	2.77106e-01	5.00000e-01
8.28300e-04	2.68617e-01	5.00000e-01
1.99000e-05	2.18050e-01	2.00000e-01
4.77600e-05	2.03443e-01	2.00000e-01
7.56200e-05	1.95877e-01	2.00000e-01
1.03480e-04	1.90739e-01	2.00000e-01
1.31340e-04	1.86845e-01	2.00000e-01
1.84000e-04	3.22939e-01	5.00000e-01
4.41600e-04	2.91094e-01	5.00000e-01
6.99200e-04	2.74647e-01	5.00000e-01
9.56800e-04	2.63497e-01	5.00000e-01
1.21440e-03	2.55054e-01	5.00000e-01
1.25500e-04	1.87587e-01	2.00000e-01
3.01200e-04	1.73321e-01	2.00000e-01
4.76900e-04	1.65822e-01	2.00000e-01
6.52600e-04	1.60684e-01	2.00000e-01
8.28300e-04	1.56761e-01	2.00000e-01
4.00000e-04	2.94657e-01	5.00000e-01
9.60000e-04	2.63379e-01	5.00000e-01
1.52000e-03	2.47121e-01	5.00000e-01
2.08000e-03	2.36049e-01	5.00000e-01
2.64000e-03	2.27633e-01	5.00000e-01
1.97000e-06	3.06139e-01	2.50000e-01
4.72800e-06	2.86366e-01	2.50000e-01
7.48600e-06	2.76301e-01	2.50000e-01
1.02440e-05	2.69539e-01	2.50000e-01
1.30020e-05	2.64452e-01	2.50000e-01
1.60000e-03	2.45310e-01	5.00000e-01
3.84000e-03	2.14371e-01	5.00000e-01
6.08000e-03	1.97985e-01	5.00000e-01
8.32000e-03	1.86675e-01	5.00000e-01
1.05600e-02	1.77986e-01	5.00000e-01
2.30000e-06	3.02578e-01	2.50000e-01
5.52000e-06	2.82952e-01	2.50000e-01
8.74000e-06	2.72952e-01	2.50000e-01
1.19600e-05	2.66229e-01	2.50000e-01
1.51800e-05	2.61171e-01	2.50000e-01
4.76000e-06	5.58957e-01	6.50000e-01
1.14240e-05	5.11709e-01	6.50000e-01
1.80880e-05	4.87865e-01	6.50000e-01
2.47520e-05	4.71936e-01	6.50000e-01
3.14160e-05	4.60007e-01	6.50000e-01
2.76000e-06	2.98422e-01	2.50000e-01
6.62400e-06	2.78962e-01	2.50000e-01
1.04880e-05	2.69035e-01	2.50000e-01
1.43520e-05	2.62357e-01	2.50000e-01
1.82160e-05	2.57330e-01	2.50000e-01
5.60000e-06	5.49995e-01	6.50000e-01
1.34400e-05	5.03205e-01	6.50000e-01
2.12800e-05	4.79577e-01	6.50000e-01
2.91200e-05	4.63788e-01	6.50000e-01
3.69600e-05	4.51960e-01	6.50000e-01
3.45000e-06	2.93387e-01	2.50000e-01
8.28000e-06	2.74119e-01	2.50000e-01
1.31100e-05	2.64276e-01	2.50000e-01
1.79400e-05	2.57651e-01	2.50000e-01
2.27700e-05	2.52661e-01	2.50000e-01
7.90000e-06	5.31313e-01	6.50000e-01
1.89600e-05	4.85456e-01	6.50000e-01
3.00200e-05	4.62270e-01	6.50000e-01
4.10800e-05	4.46763e-01	6.50000e-01
5.21400e-05	4.35139e-01	6.50000e-01
4.18000e-06	2.89098e-01	2.50000e-01
1.00320e-05	2.69987e-01	2.50000e-01
1.58840e-05	2.60214e-01	2.50000e-01
2.17360e-05	2.53631e-01	2.50000e-01
2.75880e-05	2.48669e-01	2.50000e-01
8.20000e-06	5.29312e-01	6.50000e-01
1.96800e-05	4.83554e-01	6.50000e-01
3.11600e-05	4.60414e-01	6.50000e-01
4.26400e-05	4.44937e-01	6.50000e-01
5.41200e-05	4.33334e-01	6.50000e-01
5.30000e-06	2.83846e-01	2.50000e-01
1.27200e-05	2.64918e-01	2.50000e-01
2.01400e-05	2.55225e-01	2.50000e-01
2.75600e-05	2.48690e-01	2.50000e-01
3.49800e-05	2.43762e-01	2.50000e-01
1.99000e-05	4.82987e-01	6.50000e-01
4.77600e-05	4.39401e-01	6.50000e-01
7.56200e-05	4.17279e-01	6.50000e-01
1.03480e-04	4.02449e-01	6.50000e-01
1.31340e-04	3.91316e-01	6.50000e-01
6.90000e-06	2.78072e-01	2.50000e-01
1.65600e-05	2.59335e-01	2.50000e-01
2.62200e-05	2.49725e-01	2.50000e-01
3.58800e-05	2.43239e-01	2.50000e-01
4.55400e-05	2.38345e-01	2.50000e-01
2.99000e-05	4.62470e-01	6.50000e-01
7.17600e-05	4.19777e-01	6.50000e-01
1.13620e-04	3.98070e-01	6.50000e-01
1.55480e-04	3.83506e-01	6.50000e-01
1.97340e-04	3.72564e-01	6.50000e-01
1.15000e-05	2.67066e-01	2.50000e-01
2.76000e-05	2.48660e-01	2.50000e-01
4.37000e-05	2.39189e-01	2.50000e-01
5.98000e-05	2.32785e-01	2.50000e-01
7.59000e-05	2.27946e-01	2.50000e-01
5.00000e-05	4.37173e-01	6.50000e-01
1.20000e-04	3.95519e-01	6.50000e-01
1.90000e-04	3.74296e-01	6.50000e-01
2.60000e-04	3.60039e-01	6.50000e-01
3.30000e-04	3.49318e-01	6.50000e-01
1.99000e-05	2.55476e-01	2.50000e-01
4.77600e-05	2.37371e-01	2.50000e-01
7.56200e-05	2.28021e-01	2.50000e-01
1.03480e-04	2.21685e-01	2.50000e-01
1.31340e-04	2.16889e-01	2.50000e-01
1.25500e-04	3.93431e-01	6.50000e-01
3.01200e-04	3.53413e-01	6.50000e-01
4.76900e-04	3.32939e-01	6.50000e-01
6.52600e-04	3.19145e-01	6.50000e-01
8.28300e-04	3.08746e-01	6.50000e-01
5.50000e-05	2.34490e-01	2.50000e-01
1.32000e-04	2.16788e-01	2.50000e-01
2.09000e-04	2.07583e-01	2.50000e-01
2.86000e-04	2.01318e-01	2.50000e-01
3.63000e-04	1.96562e-01	2.50000e-01
2.39000e-04	3.63850e-01	6.50000e-01
5.73600e-04	3.24803e-01	6.50000e-01
9.08200e-04	3.04748e-01	6.50000e-01
1.24280e-03	2.91197e-01	6.50000e-01
1.57740e-03	2.80959e-01	6.50000e-01
1.25500e-04	2.17803e-01	2.50000e-01
3.01200e-04	2.00285e-01	2.50000e-01
4.76900e-04	1.91117e-01	2.50000e-01
6.52600e-04	1.84851e-01	2.50000e-01
8.28300e-04	1.80077e-01	2.50000e-01
4.00000e-04	3.40735e-01	6.50000e-01
9.60000e-04	3.02344e-01	6.50000e-01
1.52000e-03	2.82548e-01	6.50000e-01
2.08000e-03	2.69134e-01	6.50000e-01
2.64000e-03	2.58975e-01	6.50000e-01
1.97000e-04	2.08765e-01	2.50000e-01
4.72800e-04	1.91289e-01	2.50000e-01
7.48600e-04	1.82105e-01	2.50000e-01
1.02440e-03	1.75810e-01	2.50000e-01
1.30020e-03	1.71003e-01	2.50000e-01
1.60000e-03	2.80350e-01	6.50000e-01
3.84000e-03	2.43033e-01	6.50000e-01
6.08000e-03	2.23437e-01	6.50000e-01
8.32000e-03	2.09969e-01	6.50000e-01
1.05600e-02	1.99646e-01	6.50000e-01
7.90000e-04	1.81026e-01	2.50000e-01
1.89600e-03	1.63343e-01	2.50000e-01
3.00200e-03	1.53896e-01	2.50000e-01
4.10800e-03	1.47358e-01	2.50000e-01
5.21400e-03	1.42333e-01	2.50000e-01
6.20000e-06	6.48558e-01	8.50000e-01
1.48800e-05	5.89331e-01	8.50000e-01
2.35600e-05	5.59569e-01	8.50000e-01
3.22400e-05	5.39741e-01	8.50000e-01
4.09200e-05	5.24921e-01	8.50000e-01
2.56000e-06	3.84156e-01	3.50000e-01
6.14400e-06	3.56975e-01	3.50000e-01
9.72800e-06	3.43168e-01	3.50000e-01
1.33120e-05	3.33905e-01	3.50000e-01
1.68960e-05	3.26946e-01	3.50000e-01
6.90000e-06	6.41134e-01	8.50000e-01
1.65600e-05	5.82325e-01	8.50000e-01
2.62200e-05	5.52763e-01	8.50000e-01
3.58800e-05	5.33065e-01	8.50000e-01
4.55400e-05	5.18340e-01	8.50000e-01
2.56000e-06	3.84156e-01	3.50000e-01
6.14400e-06	3.56975e-01	3.50000e-01
9.72800e-06	3.43168e-01	3.50000e-01
1.33120e-05	3.33905e-01	3.50000e-01
1.68960e-05	3.26946e-01	3.50000e-01
1.00000e-05	6.15792e-01	8.50000e-01
2.40000e-05	5.58388e-01	8.50000e-01
3.80000e-05	5.29500e-01	8.50000e-01
5.20000e-05	5.10236e-01	8.50000e-01
6.60000e-05	4.95826e-01	8.50000e-01
3.05000e-06	3.78618e-01	3.50000e-01
7.32000e-06	3.51678e-01	3.50000e-01
1.15900e-05	3.37980e-01	3.50000e-01
1.58600e-05	3.28786e-01	3.50000e-01
2.01300e-05	3.21876e-01	3.50000e-01
1.00000e-05	6.15792e-01	8.50000e-01
2.40000e-05	5.58388e-01	8.50000e-01
3.80000e-05	5.29500e-01	8.50000e-01
5.20000e-05	5.10236e-01	8.50000e-01
6.60000e-05	4.95826e-01	8.50000e-01
3.31000e-06	3.76049e-01	3.50000e-01
7.94400e-06	3.49219e-01	3.50000e-01
1.25780e-05	3.35571e-01	3.50000e-01
1.72120e-05	3.26408e-01	3.50000e-01
2.18460e-05	3.19519e-01	3.50000e-01
1.99000e-05	5.70403e-01	8.50000e-01
4.77600e-05	5.15424e-01	8.50000e-01
7.56200e-05	4.87690e-01	8.50000e-01
1.03480e-04	4.69169e-01	8.50000e-01
1.31340e-04	4.55302e-01	8.50000e-01
4.14000e-06	3.69080e-01	3.50000e-01
9.93600e-06	3.42539e-01	3.50000e-01
1.57320e-05	3.29022e-01	3.50000e-01
2.15280e-05	3.19941e-01	3.50000e-01
2.73240e-05	3.13111e-01	3.50000e-01
2.50000e-05	5.55789e-01	8.50000e-01
6.00000e-05	5.01563e-01	8.50000e-01
9.50000e-05	4.74186e-01	8.50000e-01
1.30000e-04	4.55895e-01	8.50000e-01
1.65000e-04	4.42197e-01	8.50000e-01
5.00000e-06	3.63263e-01	3.50000e-01
1.20000e-05	3.36955e-01	3.50000e-01
1.90000e-05	3.23544e-01	3.50000e-01
2.60000e-05	3.14529e-01	3.50000e-01
3.30000e-05	3.07745e-01	3.50000e-01
5.00000e-05	5.12625e-01	8.50000e-01
1.20000e-04	4.60533e-01	8.50000e-01
1.90000e-04	4.34172e-01	8.50000e-01
2.60000e-04	4.16536e-01	8.50000e-01
3.30000e-04	4.03315e-01	8.50000e-01
6.35000e-06	3.55974e-01	3.50000e-01
1.52400e-05	3.29948e-01	3.50000e-01
2.41300e-05	3.16665e-01	3.50000e-01
3.30200e-05	3.07728e-01	3.50000e-01
4.19100e-05	3.01000e-01	3.50000e-01
1.25500e-04	4.57934e-01	8.50000e-01
3.01200e-04	4.08361e-01	8.50000e-01
4.76900e-04	3.83190e-01	8.50000e-01
6.52600e-04	3.66308e-01	8.50000e-01
8.28300e-04	3.53626e-01	8.50000e-01
8.25000e-06	3.48086e-01	3.50000e-01
1.98000e-05	3.22353e-01	3.50000e-01
3.13500e-05	3.09200e-01	3.50000e-01
4.29000e-05	3.00344e-01	3.50000e-01
5.44500e-05	2.93671e-01	3.50000e-01
4.00000e-04	3.92758e-01	8.50000e-01
9.60000e-04	3.45837e-01	8.50000e-01
1.52000e-03	3.21850e-01	8.50000e-01
2.08000e-03	3.05682e-01	8.50000e-01
2.64000e-03	2.93484e-01	8.50000e-01
1.60000e-05	3.28530e-01	3.50000e-01
3.84000e-05	3.03462e-01	3.50000e-01
6.08000e-05	2.90600e-01	3.50000e-01
8.32000e-05	2.81921e-01	3.50000e-01
1.05600e-04	2.75371e-01	3.50000e-01
1.60000e-03	3.19195e-01	8.50000e-01
3.84000e-03	2.74428e-01	8.50000e-01
6.08000e-03	2.51146e-01	8.50000e-01
8.32000e-03	2.35223e-01	8.50000e-01
1.05600e-02	2.23057e-01	8.50000e-01
8.80000e-06	7.73605e-01	1.20000e+00
2.11200e-05	6.95677e-01	1.20000e+00
3.34400e-05	6.56781e-01	1.20000e+00
4.57600e-05	6.30974e-01	1.20000e+00
5.80800e-05	6.11743e-01	1.20000e+00
4.00000e-05	9.89913e-01	2.70000e+00
9.60000e-05	8.62361e-01	2.70000e+00
1.52000e-04	7.99928e-01	2.70000e+00
2.08000e-04	7.58989e-01	2.70000e+00
2.64000e-04	7.28746e-01	2.70000e+00
1.00000e-05	7.61898e-01	1.20000e+00
2.40000e-05	6.84724e-01	1.20000e+00
3.80000e-05	6.46192e-01	1.20000e+00
5.20000e-05	6.20622e-01	1.20000e+00
6.60000e-05	6.01565e-01	1.20000e+00
4.00000e-05	9.89913e-01	2.70000e+00
9.60000e-05	8.62361e-01	2.70000e+00
1.52000e-04	7.99928e-01	2.70000e+00
2.08000e-04	7.58989e-01	2.70000e+00
2.64000e-04	7.28746e-01	2.70000e+00
1.00000e-05	7.61898e-01	1.20000e+00
2.40000e-05	6.84724e-01	1.20000e+00
3.80000e-05	6.46192e-01	1.20000e+00
5.20000e-05	6.20622e-01	1.20000e+00
6.60000e-05	6.01565e-01	1.20000e+00
6.50000e-05	9.17736e-01	2.70000e+00
1.56000e-04	7.96487e-01	2.70000e+00
2.47000e-04	7.37115e-01	2.70000e+00
3.38000e-04	6.98171e-01	2.70000e+00
4.29000e-04	6.69390e-01	2.70000e+00
1.60000e-05	7.19830e-01	1.20000e+00
3.84000e-05	6.45329e-01	1.20000e+00
6.08000e-05	6.08088e-01	1.20000e+00
8.32000e-05	5.83356e-01	1.20000e+00
1.05600e-04	5.64915e-01	1.20000e+00
1.00000e-04	8.56694e-01	2.70000e+00
2.40000e-04	7.40747e-01	2.70000e+00
3.80000e-04	6.83945e-01	2.70000e+00
5.20000e-04	6.46667e-01	2.70000e+00
6.60000e-04	6.19106e-01	2.70000e+00
1.60000e-05	7.19830e-01	1.20000e+00
3.84000e-05	6.45329e-01	1.20000e+00
6.08000e-05	6.08088e-01	1.20000e+00
8.32000e-05	5.83356e-01	1.20000e+00
1.05600e-04	5.64915e-01	1.20000e+00
1.60000e-04	7.93142e-01	2.70000e+00
3.84000e-04	6.82681e-01	2.70000e+00
6.08000e-04	6.28519e-01	2.70000e+00
8.32000e-04	5.92948e-01	2.70000e+00
1.05600e-03	5.66628e-01	2.70000e+00
3.15500e-05	6.61633e-01	1.20000e+00
7.57200e-05	5.90727e-01	1.20000e+00
1.19890e-04	5.55220e-01	1.20000e+00
1.64060e-04	5.31616e-01	1.20000e+00
2.08230e-04	5.14004e-01	1.20000e+00
2.50000e-04	7.35593e-01	2.70000e+00
6.00000e-04	6.30046e-01	2.70000e+00
9.50000e-04	5.78231e-01	2.70000e+00
1.30000e-03	5.44165e-01	2.70000e+00
1.65000e-03	5.18937e-01	2.70000e+00
4.00000e-05	6.41971e-01	1.20000e+00
9.60000e-05	5.72251e-01	1.20000e+00
1.52000e-04	5.37316e-01	1.20000e+00
2.08000e-04	5.14085e-01	1.20000e+00
2.64000e-04	4.96747e-01	1.20000e+00
4.00000e-04	6.77768e-01	2.70000e+00
9.60000e-04	5.77077e-01	2.70000e+00
1.52000e-03	5.27558e-01	2.70000e+00
2.08000e-03	4.94950e-01	2.70000e+00
2.64000e-03	4.70764e-01	2.70000e+00
6.50000e-05	6.02776e-01	1.20000e+00
1.56000e-04	5.35373e-01	1.20000e+00
2.47000e-04	5.01561e-01	1.20000e+00
3.38000e-04	4.79059e-01	1.20000e+00
4.29000e-04	4.62253e-01	1.20000e+00
6.50000e-04	6.20852e-01	2.70000e+00
1.56000e-03	5.24822e-01	2.70000e+00
2.47000e-03	4.77467e-01	2.70000e+00
3.38000e-03	4.46203e-01	2.70000e+00
4.29000e-03	4.22953e-01	2.70000e+00
7.90000e-05	5.87403e-01	1.20000e+00
1.89600e-04	5.20895e-01	1.20000e+00
3.00200e-04	4.87514e-01	1.20000e+00
4.10800e-04	4.65290e-01	1.20000e+00
5.21400e-04	4.48688e-01	1.20000e+00
1.00000e-03	5.72590e-01	2.70000e+00
2.40000e-03	4.80374e-01	2.70000e+00
3.80000e-03	4.34729e-01	2.70000e+00
5.20000e-03	4.04482e-01	2.70000e+00
6.60000e-03	3.81903e-01	2.70000e+00
1.99000e-04	5.17332e-01	1.20000e+00
4.77600e-04	4.54770e-01	1.20000e+00
7.56200e-04	4.23268e-01	1.20000e+00
1.03480e-03	4.02243e-01	1.20000e+00
1.31340e-03	3.86501e-01	1.20000e+00
2.50000e-03	4.76248e-01	2.70000e+00
6.00000e-03	3.90891e-01	2.70000e+00
9.50000e-03	3.47945e-01	2.70000e+00
1.30000e-02	3.19046e-01	2.70000e+00
1.65000e-02	2.97171e-01	2.70000e+00
6.50000e-04	4.33547e-01	1.20000e+00
1.56000e-03	3.75262e-01	1.20000e+00
2.47000e-03	3.45697e-01	1.20000e+00
3.38000e-03	3.25846e-01	1.20000e+00
4.29000e-03	3.10899e-01	1.20000e+00
2.50000e-03	3.44928e-01	1.20000e+00
6.00000e-03	2.90015e-01	1.20000e+00
9.50000e-03	2.61525e-01	1.20000e+00
1.30000e-02	2.42022e-01	1.20000e+00
1.65000e-02	2.27095e-01	1.20000e+00
2.03000e-05	1.25610e+00	3.50000e+00
4.87200e-05	1.09113e+00	3.50000e+00
7.71400e-05	1.01102e+00	3.50000e+00
1.05560e-04	9.58742e-01	3.50000e+00
1.33980e-04	9.20254e-01	3.50000e+00
9.25000e-06	8.79179e-01	1.50000e+00
2.22000e-05	7.85692e-01	1.50000e+00
3.51500e-05	7.39279e-01	1.50000e+00
4.81000e-05	7.08583e-01	1.50000e+00
6.10500e-05	6.85764e-01	1.50000e+00
2.16000e-05	1.24384e+00	3.50000e+00
5.18400e-05	1.08006e+00	3.50000e+00
8.20800e-05	1.00053e+00	3.50000e+00
1.12320e-04	9.48619e-01	3.50000e+00
1.42560e-04	9.10405e-01	3.50000e+00
1.10000e-05	8.60126e-01	1.50000e+00
2.64000e-05	7.67985e-01	1.50000e+00
4.18000e-05	7.22225e-01	1.50000e+00
5.72000e-05	6.91956e-01	1.50000e+00
7.26000e-05	6.69450e-01	1.50000e+00
2.30000e-05	1.23153e+00	3.50000e+00
5.52000e-05	1.06894e+00	3.50000e+00
8.74000e-05	9.89981e-01	3.50000e+00
1.19600e-04	9.38451e-01	3.50000e+00
1.51800e-04	9.00513e-01	3.50000e+00
1.60000e-05	8.19864e-01	1.50000e+00
3.84000e-05	7.30545e-01	1.50000e+00
6.08000e-05	6.86153e-01	1.50000e+00
8.32000e-05	6.56775e-01	1.50000e+00
1.05600e-04	6.34925e-01	1.50000e+00
2.56000e-05	1.21074e+00	3.50000e+00
6.14400e-05	1.05016e+00	3.50000e+00
9.72800e-05	9.72176e-01	3.50000e+00
1.33120e-04	9.21279e-01	3.50000e+00
1.68960e-04	8.83808e-01	3.50000e+00
1.60000e-05	8.19864e-01	1.50000e+00
3.84000e-05	7.30545e-01	1.50000e+00
6.08000e-05	6.86153e-01	1.50000e+00
8.32000e-05	6.56775e-01	1.50000e+00
1.05600e-04	6.34925e-01	1.50000e+00
2.65500e-05	1.20372e+00	3.50000e+00
6.37200e-05	1.04382e+00	3.50000e+00
1.00890e-04	9.66168e-01	3.50000e+00
1.38060e-04	9.15485e-01	3.50000e+00
1.75230e-04	8.78171e-01	3.50000e+00
2.50000e-05	7.73526e-01	1.50000e+00
6.00000e-05	6.87410e-01	1.50000e+00
9.50000e-05	6.44569e-01	1.50000e+00
1.30000e-04	6.16203e-01	1.50000e+00
1.65000e-04	5.95099e-01	1.50000e+00
2.86500e-05	1.18916e+00	3.50000e+00
6.87600e-05	1.03067e+00	3.50000e+00
1.08870e-04	9.53698e-01	3.50000e+00
1.48980e-04	9.03459e-01	3.50000e+00
1.89090e-04	8.66471e-01	3.50000e+00
4.00000e-05	7.26535e-01	1.50000e+00
9.60000e-05	6.43611e-01	1.50000e+00
1.52000e-04	6.02319e-01	1.50000e+00
2.08000e-04	5.74965e-01	1.50000e+00
2.64000e-04	5.54605e-01	1.50000e+00
4.00000e-05	1.12684e+00	3.50000e+00
9.60000e-05	9.74366e-01	3.50000e+00
1.52000e-04	9.00307e-01	3.50000e+00
2.08000e-04	8.51966e-01	3.50000e+00
2.64000e-04	8.16371e-01	3.50000e+00
6.50000e-05	6.79835e-01	1.50000e+00
1.56000e-04	6.00029e-01	1.50000e+00
2.47000e-04	5.60253e-01	1.50000e+00
3.38000e-04	5.33886e-01	1.50000e+00
4.29000e-04	5.14250e-01	1.50000e+00
4.00000e-05	1.12684e+00	3.50000e+00
9.60000e-05	9.74366e-01	3.50000e+00
1.52000e-04	9.00307e-01	3.50000e+00
2.08000e-04	8.51966e-01	3.50000e+00
2.64000e-04	8.16371e-01	3.50000e+00
1.00000e-04	6.39883e-01	1.50000e+00
2.40000e-04	5.62701e-01	1.50000e+00
3.80000e-04	5.24196e-01	1.50000e+00
5.20000e-04	4.98652e-01	1.50000e+00
6.60000e-04	4.79617e-01	1.50000e+00
6.50000e-05	1.04037e+00	3.50000e+00
1.56000e-04	8.96237e-01	3.50000e+00
2.47000e-04	8.26210e-01	3.50000e+00
3.38000e-04	7.80491e-01	3.50000e+00
4.29000e-04	7.46817e-01	3.50000e+00
1.60000e-04	5.97801e-01	1.50000e+00
3.84000e-04	5.23334e-01	1.50000e+00
6.08000e-04	4.86133e-01	1.50000e+00
8.32000e-04	4.61426e-01	1.50000e+00
1.05600e-03	4.42997e-01	1.50000e+00
1.00000e-04	9.67626e-01	3.50000e+00
2.40000e-04	8.30484e-01	3.50000e+00
3.80000e-04	7.63833e-01	3.50000e+00
5.20000e-04	7.20300e-01	3.50000e+00
6.60000e-04	6.88224e-01	3.50000e+00
2.50000e-04	5.59226e-01	1.50000e+00
6.00000e-04	4.87188e-01	1.50000e+00
9.50000e-04	4.51138e-01	1.50000e+00
1.30000e-03	4.27162e-01	1.50000e+00
1.65000e-03	4.09257e-01	1.50000e+00
1.60000e-04	8.92281e-01	3.50000e+00
3.84000e-04	7.62355e-01	3.50000e+00
6.08000e-04	6.99168e-01	3.50000e+00
8.32000e-04	6.57869e-01	3.50000e+00
1.05600e-03	6.27420e-01	3.50000e+00
4.00000e-04	5.19979e-01	1.50000e+00
9.60000e-04	4.50329e-01	1.50000e+00
1.52000e-03	4.15390e-01	1.50000e+00
2.08000e-03	3.92110e-01	1.50000e+00
2.64000e-03	3.74694e-01	1.50000e+00
2.50000e-04	8.24420e-01	3.50000e+00
6.00000e-04	7.00944e-01	3.50000e+00
9.50000e-04	6.40832e-01	3.50000e+00
1.30000e-03	6.01506e-01	3.50000e+00
1.65000e-03	5.72485e-01	3.50000e+00
5.00000e-04	5.01815e-01	1.50000e+00
1.20000e-03	4.33234e-01	1.50000e+00
1.90000e-03	3.98784e-01	1.50000e+00
2.60000e-03	3.75803e-01	1.50000e+00
3.30000e-03	3.58589e-01	1.50000e+00
4.00000e-04	7.56608e-01	3.50000e+00
9.60000e-04	6.39497e-01	3.50000e+00
1.52000e-03	5.82392e-01	3.50000e+00
2.08000e-03	5.44979e-01	3.50000e+00
2.64000e-03	5.17330e-01	3.50000e+00
1.60000e-03	4.11553e-01	1.50000e+00
3.84000e-03	3.47749e-01	1.50000e+00
6.08000e-03	3.15266e-01	1.50000e+00
8.32000e-03	2.93319e-01	1.50000e+00
1.05600e-02	2.76684e-01	1.50000e+00
6.50000e-04	6.90252e-01	3.50000e+00
1.56000e-03	5.79247e-01	3.50000e+00
2.47000e-03	5.24984e-01	3.50000e+00
3.38000e-03	4.89344e-01	3.50000e+00
4.29000e-03	4.62939e-01	3.50000e+00
6.50000e-04	4.80826e-01	1.50000e+00
1.56000e-03	4.13446e-01	1.50000e+00
2.47000e-03	3.79534e-01	1.50000e+00
3.38000e-03	3.56871e-01	1.50000e+00
4.29000e-03	3.39867e-01	1.50000e+00
1.00000e-03	6.34309e-01	3.50000e+00
2.40000e-03	5.28305e-01	3.50000e+00
3.80000e-03	4.76302e-01	3.50000e+00
5.20000e-03	4.42023e-01	3.50000e+00
6.60000e-03	4.16533e-01	3.50000e+00
1.23500e-05	9.99649e-01	2.00000e+00
2.96400e-05	8.84910e-01	2.00000e+00
4.69300e-05	8.28343e-01	2.00000e+00
6.42200e-05	7.91090e-01	2.00000e+00
8.15100e-05	7.63482e-01	2.00000e+00
4.00000e-03	4.70633e-01	3.50000e+00
9.60000e-03	3.77276e-01	3.50000e+00
1.52000e-02	3.30043e-01	3.50000e+00
2.08000e-02	2.98038e-01	3.50000e+00
2.64000e-02	2.73655e-01	3.50000e+00
1.46500e-05	9.76516e-01	2.00000e+00
3.51600e-05	8.63605e-01	2.00000e+00
5.56700e-05	8.07926e-01	2.00000e+00
7.61800e-05	7.71252e-01	2.00000e+00
9.66900e-05	7.44071e-01	2.00000e+00
2.61000e-05	1.36805e+00	4.50000e+00
6.26400e-05	1.17794e+00	4.50000e+00
9.91800e-05	1.08629e+00	4.50000e+00
1.35720e-04	1.02672e+00	4.50000e+00
1.72260e-04	9.83007e-01	4.50000e+00
1.63500e-05	9.61841e-01	2.00000e+00
3.92400e-05	8.50086e-01	2.00000e+00
6.21300e-05	7.94969e-01	2.00000e+00
8.50200e-05	7.58662e-01	2.00000e+00
1.07910e-04	7.31751e-01	2.00000e+00
2.96000e-05	1.33940e+00	4.50000e+00
7.10400e-05	1.15231e+00	4.50000e+00
1.12480e-04	1.06210e+00	4.50000e+00
1.53920e-04	1.00348e+00	4.50000e+00
1.95360e-04	9.60459e-01	4.50000e+00
2.50000e-05	9.06490e-01	2.00000e+00
6.00000e-05	7.99072e-01	2.00000e+00
9.50000e-05	7.46061e-01	2.00000e+00
1.30000e-04	7.11130e-01	2.00000e+00
1.65000e-04	6.85233e-01	2.00000e+00
3.09000e-05	1.32973e+00	4.50000e+00
7.41600e-05	1.14365e+00	4.50000e+00
1.17420e-04	1.05393e+00	4.50000e+00
1.60680e-04	9.95631e-01	4.50000e+00
2.03940e-04	9.52840e-01	4.50000e+00
2.50000e-05	9.06490e-01	2.00000e+00
6.00000e-05	7.99072e-01	2.00000e+00
9.50000e-05	7.46061e-01	2.00000e+00
1.30000e-04	7.11130e-01	2.00000e+00
1.65000e-04	6.85233e-01	2.00000e+00
3.41500e-05	1.30741e+00	4.50000e+00
8.19600e-05	1.12368e+00	4.50000e+00
1.29770e-04	1.03509e+00	4.50000e+00
1.77580e-04	9.77524e-01	4.50000e+00
2.25390e-04	9.35270e-01	4.50000e+00
4.00000e-05	8.47738e-01	2.00000e+00
9.60000e-05	7.44879e-01	2.00000e+00
1.52000e-04	6.94084e-01	2.00000e+00
2.08000e-04	6.60601e-01	2.00000e+00
2.64000e-04	6.35771e-01	2.00000e+00
3.66000e-05	1.29211e+00	4.50000e+00
8.78400e-05	1.10999e+00	4.50000e+00
1.39080e-04	1.02218e+00	4.50000e+00
1.90320e-04	9.65113e-01	4.50000e+00
2.41560e-04	9.23228e-01	4.50000e+00
6.50000e-05	7.89677e-01	2.00000e+00
1.56000e-04	6.91275e-01	2.00000e+00
2.47000e-04	6.42650e-01	2.00000e+00
3.38000e-04	6.10583e-01	2.00000e+00
4.29000e-04	5.86791e-01	2.00000e+00
4.09000e-05	1.26787e+00	4.50000e+00
9.81600e-05	1.08829e+00	4.50000e+00
1.55420e-04	1.00171e+00	4.50000e+00
2.12680e-04	9.45440e-01	4.50000e+00
2.69940e-04	9.04139e-01	4.50000e+00
1.00000e-04	7.40280e-01	2.00000e+00
2.40000e-04	6.45634e-01	2.00000e+00
3.80000e-04	5.98833e-01	2.00000e+00
5.20000e-04	5.67949e-01	2.00000e+00
6.60000e-04	5.45023e-01	2.00000e+00
4.09000e-05	1.26787e+00	4.50000e+00
9.81600e-05	1.08829e+00	4.50000e+00
1.55420e-04	1.00171e+00	4.50000e+00
2.12680e-04	9.45440e-01	4.50000e+00
2.69940e-04	9.04139e-01	4.50000e+00
1.60000e-04	6.88544e-01	2.00000e+00
3.84000e-04	5.97788e-01	2.00000e+00
6.08000e-04	5.52862e-01	2.00000e+00
8.32000e-04	5.23188e-01	2.00000e+00
1.05600e-03	5.01141e-01	2.00000e+00
6.50000e-05	1.17036e+00	4.50000e+00
1.56000e-04	1.00103e+00	4.50000e+00
2.47000e-04	9.19379e-01	4.50000e+00
3.38000e-04	8.66308e-01	4.50000e+00
4.29000e-04	8.27344e-01	4.50000e+00
2.50000e-04	6.41400e-01	2.00000e+00
6.00000e-04	5.54133e-01	2.00000e+00
9.50000e-04	5.10870e-01	2.00000e+00
1.30000e-03	4.82261e-01	2.00000e+00
1.65000e-03	4.60983e-01	2.00000e+00
6.50000e-05	1.17036e+00	4.50000e+00
1.56000e-04	1.00103e+00	4.50000e+00
2.47000e-04	9.19379e-01	4.50000e+00
3.38000e-04	8.66308e-01	4.50000e+00
4.29000e-04	8.27344e-01	4.50000e+00
5.00000e-04	5.71766e-01	2.00000e+00
1.20000e-03	4.89494e-01	2.00000e+00
1.90000e-03	4.48573e-01	2.00000e+00
2.60000e-03	4.21436e-01	2.00000e+00
3.30000e-03	4.01197e-01	2.00000e+00
1.00000e-04	1.08469e+00	4.50000e+00
2.40000e-04	9.24349e-01	4.50000e+00
3.80000e-04	8.47021e-01	4.50000e+00
5.20000e-04	7.96740e-01	4.50000e+00
6.60000e-04	7.59812e-01	4.50000e+00
1.60000e-03	4.63707e-01	2.00000e+00
3.84000e-03	3.88491e-01	2.00000e+00
6.08000e-03	3.50606e-01	2.00000e+00
8.32000e-03	3.25174e-01	2.00000e+00
1.05600e-02	3.05982e-01	2.00000e+00
1.60000e-04	9.96404e-01	4.50000e+00
3.84000e-04	8.45310e-01	4.50000e+00
6.08000e-04	7.72400e-01	4.50000e+00
8.32000e-04	7.24964e-01	4.50000e+00
1.05600e-03	6.90106e-01	4.50000e+00
6.50000e-04	5.46477e-01	2.00000e+00
1.56000e-03	4.65954e-01	2.00000e+00
2.47000e-03	4.25832e-01	2.00000e+00
3.38000e-03	3.99181e-01	2.00000e+00
4.29000e-03	3.79272e-01	2.00000e+00
2.50000e-04	9.17297e-01	4.50000e+00
6.00000e-04	7.74444e-01	4.50000e+00
9.50000e-04	7.05448e-01	4.50000e+00
1.30000e-03	6.60520e-01	4.50000e+00
1.65000e-03	6.27478e-01	4.50000e+00
1.54500e-05	1.14250e+00	2.70000e+00
3.70800e-05	1.00152e+00	2.70000e+00
5.87100e-05	9.32564e-01	2.70000e+00
8.03400e-05	8.87370e-01	2.70000e+00
1.01970e-04	8.53994e-01	2.70000e+00
4.00000e-04	8.38663e-01	4.50000e+00
9.60000e-04	7.03920e-01	4.50000e+00
1.52000e-03	6.38747e-01	4.50000e+00
2.08000e-03	5.96251e-01	4.50000e+00
2.64000e-03	5.64954e-01	4.50000e+00
1.83000e-05	1.11421e+00	2.70000e+00
4.39200e-05	9.75727e-01	2.70000e+00
6.95400e-05	9.07987e-01	2.70000e+00
9.51600e-05	8.63585e-01	2.70000e+00
1.20780e-04	8.30792e-01	2.70000e+00
6.50000e-04	7.62144e-01	4.50000e+00
1.56000e-03	6.35168e-01	4.50000e+00
2.47000e-03	5.73608e-01	4.50000e+00
3.38000e-03	5.33372e-01	4.50000e+00
4.29000e-03	5.03667e-01	4.50000e+00
2.04500e-05	1.09592e+00	2.70000e+00
4.90800e-05	9.59052e-01	2.70000e+00
7.77100e-05	8.92095e-01	2.70000e+00
1.06340e-04	8.48204e-01	2.70000e+00
1.34970e-04	8.15788e-01	2.70000e+00
1.00000e-03	6.97984e-01	4.50000e+00
2.40000e-03	5.77365e-01	4.50000e+00
3.80000e-03	5.18688e-01	4.50000e+00
5.20000e-03	4.80202e-01	4.50000e+00
6.60000e-03	4.51687e-01	4.50000e+00
2.04500e-05	1.09592e+00	2.70000e+00
4.90800e-05	9.59052e-01	2.70000e+00
7.77100e-05	8.92095e-01	2.70000e+00
1.06340e-04	8.48204e-01	2.70000e+00
1.34970e-04	8.15788e-01	2.70000e+00
1.60000e-03	6.31690e-01	4.50000e+00
3.84000e-03	5.17384e-01	4.50000e+00
6.08000e-03	4.61436e-01	4.50000e+00
8.32000e-03	4.24516e-01	4.50000e+00
1.05600e-02	3.97002e-01	4.50000e+00
2.50000e-05	1.06339e+00	2.70000e+00
6.00000e-05	9.29384e-01	2.70000e+00
9.50000e-05	8.63819e-01	2.70000e+00
1.30000e-04	8.20836e-01	2.70000e+00
1.65000e-04	7.89088e-01	2.70000e+00
2.50000e-05	1.06339e+00	2.70000e+00
6.00000e-05	9.29384e-01	2.70000e+00
9.50000e-05	8.63819e-01	2.70000e+00
1.30000e-04	8.20836e-01	2.70000e+00
1.65000e-04	7.89088e-01	2.70000e+00
3.77000e-05	1.52777e+00	6.50000e+00
9.04800e-05	1.29850e+00	6.50000e+00
1.43260e-04	1.18914e+00	6.50000e+00
1.96040e-04	1.11850e+00	6.50000e+00
2.48820e-04	1.06690e+00	6.50000e+00
6.96000e-05	1.76928e+00	1.20000e+01
1.67040e-04	1.47131e+00	1.20000e+01
2.64480e-04	1.33166e+00	1.20000e+01
3.61920e-04	1.24238e+00	1.20000e+01
4.59360e-04	1.17761e+00	1.20000e+01
4.01500e-05	1.51031e+00	6.50000e+00
9.63600e-05	1.28309e+00	6.50000e+00
1.52570e-04	1.17470e+00	6.50000e+00
2.08780e-04	1.10470e+00	6.50000e+00
2.64990e-04	1.05356e+00	6.50000e+00
8.05000e-05	1.71667e+00	1.20000e+01
1.93200e-04	1.42592e+00	1.20000e+01
3.05900e-04	1.28966e+00	1.20000e+01
4.18600e-04	1.20254e+00	1.20000e+01
5.31300e-04	1.13933e+00	1.20000e+01
4.27500e-05	1.49307e+00	6.50000e+00
1.02600e-04	1.26787e+00	6.50000e+00
1.62450e-04	1.16045e+00	6.50000e+00
2.22300e-04	1.09107e+00	6.50000e+00
2.82150e-04	1.04038e+00	6.50000e+00
8.05000e-05	1.71667e+00	1.20000e+01
1.93200e-04	1.42592e+00	1.20000e+01
3.05900e-04	1.28966e+00	1.20000e+01
4.18600e-04	1.20254e+00	1.20000e+01
5.31300e-04	1.13933e+00	1.20000e+01
4.76000e-05	1.46389e+00	6.50000e+00
1.14240e-04	1.24211e+00	6.50000e+00
1.80880e-04	1.13633e+00	6.50000e+00
2.47520e-04	1.06801e+00	6.50000e+00
3.14160e-04	1.01809e+00	6.50000e+00
9.10000e-05	1.67332e+00	1.20000e+01
2.18400e-04	1.38853e+00	1.20000e+01
3.45800e-04	1.25506e+00	1.20000e+01
4.73200e-04	1.16972e+00	1.20000e+01
6.00600e-04	1.10780e+00	1.20000e+01
4.93000e-05	1.45446e+00	6.50000e+00
1.18320e-04	1.23379e+00	6.50000e+00
1.87340e-04	1.12853e+00	6.50000e+00
2.56360e-04	1.06056e+00	6.50000e+00
3.25380e-04	1.01088e+00	6.50000e+00
1.00000e-04	1.64059e+00	1.20000e+01
2.40000e-04	1.36028e+00	1.20000e+01
3.80000e-04	1.22892e+00	1.20000e+01
5.20000e-04	1.14493e+00	1.20000e+01
6.60000e-04	1.08398e+00	1.20000e+01
4.93000e-05	1.45446e+00	6.50000e+00
1.18320e-04	1.23379e+00	6.50000e+00
1.87340e-04	1.12853e+00	6.50000e+00
2.56360e-04	1.06056e+00	6.50000e+00
3.25380e-04	1.01088e+00	6.50000e+00
1.00000e-04	1.64059e+00	1.20000e+01
2.40000e-04	1.36028e+00	1.20000e+01
3.80000e-04	1.22892e+00	1.20000e+01
5.20000e-04	1.14493e+00	1.20000e+01
6.60000e-04	1.08398e+00	1.20000e+01
6.50000e-05	1.38177e+00	6.50000e+00
1.56000e-04	1.16964e+00	6.50000e+00
2.47000e-04	1.06846e+00	6.50000e+00
3.38000e-04	1.00311e+00	6.50000e+00
4.29000e-04	9.55351e-01	6.50000e+00
1.60000e-04	1.48496e+00	1.20000e+01
3.84000e-04	1.22605e+00	1.20000e+01
6.08000e-04	1.10469e+00	1.20000e+01
8.32000e-04	1.02705e+00	1.20000e+01
1.05600e-03	9.70699e-01	1.20000e+01
6.50000e-05	1.38177e+00	6.50000e+00
1.56000e-04	1.16964e+00	6.50000e+00
2.47000e-04	1.06846e+00	6.50000e+00
3.38000e-04	1.00311e+00	6.50000e+00
4.29000e-04	9.55351e-01	6.50000e+00
1.60000e-04	1.48496e+00	1.20000e+01
3.84000e-04	1.22605e+00	1.20000e+01
6.08000e-04	1.10469e+00	1.20000e+01
8.32000e-04	1.02705e+00	1.20000e+01
1.05600e-03	9.70699e-01	1.20000e+01
1.00000e-04	1.27408e+00	6.50000e+00
2.40000e-04	1.07460e+00	6.50000e+00
3.80000e-04	9.79445e-01	6.50000e+00
5.20000e-04	9.17974e-01	6.50000e+00
6.60000e-04	8.73035e-01	6.50000e+00
2.50000e-04	1.34820e+00	1.20000e+01
6.00000e-04	1.10805e+00	1.20000e+01
9.50000e-04	9.95429e-01	1.20000e+01
1.30000e-03	9.23343e-01	1.20000e+01
1.65000e-03	8.70982e-01	1.20000e+01
1.00000e-04	1.27408e+00	6.50000e+00
2.40000e-04	1.07460e+00	6.50000e+00
3.80000e-04	9.79445e-01	6.50000e+00
5.20000e-04	9.17974e-01	6.50000e+00
6.60000e-04	8.73035e-01	6.50000e+00
4.00000e-04	1.21488e+00	1.20000e+01
9.60000e-04	9.92961e-01	1.20000e+01
1.52000e-03	8.88776e-01	1.20000e+01
2.08000e-03	8.22024e-01	1.20000e+01
2.64000e-03	7.73483e-01	1.20000e+01
1.60000e-04	1.16389e+00	6.50000e+00
3.84000e-04	9.77349e-01	6.50000e+00
6.08000e-04	8.88334e-01	6.50000e+00
8.32000e-04	8.30796e-01	6.50000e+00
1.05600e-03	7.88713e-01	6.50000e+00
6.50000e-04	1.08781e+00	1.20000e+01
1.56000e-03	8.83118e-01	1.20000e+01
2.47000e-03	7.86851e-01	1.20000e+01
3.38000e-03	7.25050e-01	1.20000e+01
4.29000e-03	6.80011e-01	1.20000e+01
2.50000e-04	1.06589e+00	6.50000e+00
6.00000e-04	8.90820e-01	6.50000e+00
9.50000e-04	8.07214e-01	6.50000e+00
1.30000e-03	7.53132e-01	6.50000e+00
1.65000e-03	7.13548e-01	6.50000e+00
1.00000e-03	9.83383e-01	1.20000e+01
2.40000e-03	7.92669e-01	1.20000e+01
3.80000e-03	7.02723e-01	1.20000e+01
5.20000e-03	6.44799e-01	1.20000e+01
6.60000e-03	6.02452e-01	1.20000e+01
4.00000e-04	9.69205e-01	6.50000e+00
9.60000e-04	8.05370e-01	6.50000e+00
1.52000e-03	7.27030e-01	6.50000e+00
2.08000e-03	6.76292e-01	6.50000e+00
2.64000e-03	6.39108e-01	6.50000e+00
1.60000e-03	8.77627e-01	1.20000e+01
3.84000e-03	7.00746e-01	1.20000e+01
6.08000e-03	6.16874e-01	1.20000e+01
8.32000e-03	5.62564e-01	1.20000e+01
1.05600e-02	5.22647e-01	1.20000e+01
6.50000e-04	8.75868e-01	6.50000e+00
1.56000e-03	7.22746e-01	6.50000e+00
2.47000e-03	6.49374e-01	6.50000e+00
3.38000e-03	6.01748e-01	6.50000e+00
4.29000e-03	5.66761e-01	6.50000e+00
2.50000e-03	7.84416e-01	1.20000e+01
6.00000e-03	6.19217e-01	1.20000e+01
9.50000e-03	5.40224e-01	1.20000e+01
1.30000e-02	4.88669e-01	1.20000e+01
1.65000e-02	4.50496e-01	1.20000e+01
1.00000e-03	7.98209e-01	6.50000e+00
2.40000e-03	6.53835e-01	6.50000e+00
3.80000e-03	5.84434e-01	6.50000e+00
5.20000e-03	5.39233e-01	6.50000e+00
6.60000e-03	5.05914e-01	6.50000e+00
1.60000e-03	7.18586e-01	6.50000e+00
3.84000e-03	5.82898e-01	6.50000e+00
6.08000e-03	5.17289e-01	6.50000e+00
8.32000e-03	4.74306e-01	6.50000e+00
1.05600e-02	4.42443e-01	6.50000e+00
8.70000e-05	1.84517e+00	1.50000e+01
2.08800e-04	1.52211e+00	1.50000e+01
3.30600e-04	1.37165e+00	1.50000e+01
4.52400e-04	1.27580e+00	1.50000e+01
5.74200e-04	1.20643e+00	1.50000e+01
2.50000e-03	6.47505e-01	6.50000e+00
6.00000e-03	5.19134e-01	6.50000e+00
9.50000e-03	4.56503e-01	6.50000e+00
1.30000e-02	4.15129e-01	6.50000e+00
1.65000e-02	3.84220e-01	6.50000e+00
1.00000e-04	1.79036e+00	1.50000e+01
2.40000e-04	1.47521e+00	1.50000e+01
3.80000e-04	1.32843e+00	1.50000e+01
5.20000e-04	1.23492e+00	1.50000e+01
6.60000e-04	1.16725e+00	1.50000e+01
1.00000e-04	1.79036e+00	1.50000e+01
2.40000e-04	1.47521e+00	1.50000e+01
3.80000e-04	1.32843e+00	1.50000e+01
5.20000e-04	1.23492e+00	1.50000e+01
6.60000e-04	1.16725e+00	1.50000e+01
1.14000e-04	1.74001e+00	1.50000e+01
2.73600e-04	1.43213e+00	1.50000e+01
4.33200e-04	1.28874e+00	1.50000e+01
5.92800e-04	1.19737e+00	1.50000e+01
7.52400e-04	1.13125e+00	1.50000e+01
4.93000e-05	1.63839e+00	8.50000e+00
1.18320e-04	1.37934e+00	8.50000e+00
1.87340e-04	1.25672e+00	8.50000e+00
2.56360e-04	1.17789e+00	8.50000e+00
3.25380e-04	1.12047e+00	8.50000e+00
1.23000e-04	1.71135e+00	1.50000e+01
2.95200e-04	1.40760e+00	1.50000e+01
4.67400e-04	1.26613e+00	1.50000e+01
6.39600e-04	1.17600e+00	1.50000e+01
8.11800e-04	1.11075e+00	1.50000e+01
5.25000e-05	1.61860e+00	8.50000e+00
1.26000e-04	1.36204e+00	8.50000e+00
1.99500e-04	1.24061e+00	8.50000e+00
2.73000e-04	1.16254e+00	8.50000e+00
3.46500e-04	1.10567e+00	8.50000e+00
1.60000e-04	1.61508e+00	1.50000e+01
3.84000e-04	1.32523e+00	1.50000e+01
6.08000e-04	1.19022e+00	1.50000e+01
8.32000e-04	1.10418e+00	1.50000e+01
1.05600e-03	1.04189e+00	1.50000e+01
5.60000e-05	1.59848e+00	8.50000e+00
1.34400e-04	1.34446e+00	8.50000e+00
2.12800e-04	1.22424e+00	8.50000e+00
2.91200e-04	1.14694e+00	8.50000e+00
3.69600e-04	1.09063e+00	8.50000e+00
1.60000e-04	1.61508e+00	1.50000e+01
3.84000e-04	1.32523e+00	1.50000e+01
6.08000e-04	1.19022e+00	1.50000e+01
8.32000e-04	1.10418e+00	1.50000e+01
1.05600e-03	1.04189e+00	1.50000e+01
6.20000e-05	1.56716e+00	8.50000e+00
1.48800e-04	1.31709e+00	8.50000e+00
2.35600e-04	1.19874e+00	8.50000e+00
3.22400e-04	1.12265e+00	8.50000e+00
4.09200e-04	1.06722e+00	8.50000e+00
2.50000e-04	1.46168e+00	1.50000e+01
6.00000e-04	1.19396e+00	1.50000e+01
9.50000e-04	1.06920e+00	1.50000e+01
1.30000e-03	9.89653e-01	1.50000e+01
1.65000e-03	9.32027e-01	1.50000e+01
6.45000e-05	1.55513e+00	8.50000e+00
1.54800e-04	1.30658e+00	8.50000e+00
2.45100e-04	1.18895e+00	8.50000e+00
3.35400e-04	1.11332e+00	8.50000e+00
4.25700e-04	1.05822e+00	8.50000e+00
4.00000e-04	1.31278e+00	1.50000e+01
9.60000e-04	1.06648e+00	1.50000e+01
1.52000e-03	9.51595e-01	1.50000e+01
2.08000e-03	8.78271e-01	1.50000e+01
2.64000e-03	8.25099e-01	1.50000e+01
6.95000e-05	1.53260e+00	8.50000e+00
1.66800e-04	1.28689e+00	8.50000e+00
2.64100e-04	1.17061e+00	8.50000e+00
3.61400e-04	1.09584e+00	8.50000e+00
4.58700e-04	1.04138e+00	8.50000e+00
6.50000e-04	1.17149e+00	1.50000e+01
1.56000e-03	9.45371e-01	1.50000e+01
2.47000e-03	8.39730e-01	1.50000e+01
3.38000e-03	7.72176e-01	1.50000e+01
4.29000e-03	7.23086e-01	1.50000e+01
6.95000e-05	1.53260e+00	8.50000e+00
1.66800e-04	1.28689e+00	8.50000e+00
2.64100e-04	1.17061e+00	8.50000e+00
3.61400e-04	1.09584e+00	8.50000e+00
4.58700e-04	1.04138e+00	8.50000e+00
1.00000e-03	1.05589e+00	1.50000e+01
2.40000e-03	8.46100e-01	1.50000e+01
3.80000e-03	7.47826e-01	1.50000e+01
5.20000e-03	6.84794e-01	1.50000e+01
6.60000e-03	6.38848e-01	1.50000e+01
1.00000e-04	1.42644e+00	8.50000e+00
2.40000e-04	1.19415e+00	8.50000e+00
3.80000e-04	1.08421e+00	8.50000e+00
5.20000e-04	1.01351e+00	8.50000e+00
6.60000e-04	9.61995e-01	8.50000e+00
1.60000e-03	9.39332e-01	1.50000e+01
3.84000e-03	7.45671e-01	1.50000e+01
6.08000e-03	6.54483e-01	1.50000e+01
8.32000e-03	5.95682e-01	1.50000e+01
1.05600e-02	5.52596e-01	1.50000e+01
1.00000e-04	1.42644e+00	8.50000e+00
2.40000e-04	1.19415e+00	8.50000e+00
3.80000e-04	1.08421e+00	8.50000e+00
5.20000e-04	1.01351e+00	8.50000e+00
6.60000e-04	9.61995e-01	8.50000e+00
2.50000e-03	8.37064e-01	1.50000e+01
6.00000e-03	6.57023e-01	1.50000e+01
9.50000e-03	5.71554e-01	1.50000e+01
1.30000e-02	5.16015e-01	1.50000e+01
1.65000e-02	4.75024e-01	1.50000e+01
1.60000e-04	1.29784e+00	8.50000e+00
3.84000e-04	1.08180e+00	8.50000e+00
6.08000e-04	9.79517e-01	8.50000e+00
8.32000e-04	9.13710e-01	8.50000e+00
1.05600e-03	8.65739e-01	8.50000e+00
4.00000e-03	7.37305e-01	1.50000e+01
9.60000e-03	5.69667e-01	1.50000e+01
1.52000e-02	4.89028e-01	1.50000e+01
2.08000e-02	4.36010e-01	1.50000e+01
2.64000e-02	3.96468e-01	1.50000e+01
2.50000e-04	1.18407e+00	8.50000e+00
6.00000e-04	9.82366e-01	8.50000e+00
9.50000e-04	8.86811e-01	8.50000e+00
1.30000e-03	8.25290e-01	8.50000e+00
1.65000e-03	7.80414e-01	8.50000e+00
4.00000e-04	1.07242e+00	8.50000e+00
9.60000e-04	8.84710e-01	8.50000e+00
1.52000e-03	7.95683e-01	8.50000e+00
2.08000e-03	7.38299e-01	8.50000e+00
2.64000e-03	6.96388e-01	8.50000e+00
1.04500e-04	1.90060e+00	1.80000e+01
2.50800e-04	1.55742e+00	1.80000e+01
3.97100e-04	1.39839e+00	1.80000e+01
5.43400e-04	1.29737e+00	1.80000e+01
6.89700e-04	1.22441e+00	1.80000e+01
6.50000e-04	9.65239e-01	8.50000e+00
1.56000e-03	7.90830e-01	8.50000e+00
2.47000e-03	7.07946e-01	8.50000e+00
3.38000e-03	6.54409e-01	8.50000e+00
4.29000e-03	6.15218e-01	8.50000e+00
1.18500e-04	1.84783e+00	1.80000e+01
2.84400e-04	1.51255e+00	1.80000e+01
4.50300e-04	1.35719e+00	1.80000e+01
6.16200e-04	1.25850e+00	1.80000e+01
7.82100e-04	1.18721e+00	1.80000e+01
1.00000e-03	8.76552e-01	8.50000e+00
2.40000e-03	7.12972e-01	8.50000e+00
3.80000e-03	6.35000e-01	8.50000e+00
5.20000e-03	5.84469e-01	8.50000e+00
6.60000e-03	5.47357e-01	8.50000e+00
1.34000e-04	1.79741e+00	1.80000e+01
3.21600e-04	1.46969e+00	1.80000e+01
5.09200e-04	1.31783e+00	1.80000e+01
6.96800e-04	1.22135e+00	1.80000e+01
8.84400e-04	1.15166e+00	1.80000e+01
1.60000e-03	7.86117e-01	8.50000e+00
3.84000e-03	6.33280e-01	8.50000e+00
6.08000e-03	5.60013e-01	8.50000e+00
8.32000e-03	5.12260e-01	8.50000e+00
1.05600e-02	4.76995e-01	8.50000e+00
1.34000e-04	1.79741e+00	1.80000e+01
3.21600e-04	1.46969e+00	1.80000e+01
5.09200e-04	1.31783e+00	1.80000e+01
6.96800e-04	1.22135e+00	1.80000e+01
8.84400e-04	1.15166e+00	1.80000e+01
2.50000e-03	7.05842e-01	8.50000e+00
6.00000e-03	5.62067e-01	8.50000e+00
9.50000e-03	4.92542e-01	8.50000e+00
1.30000e-02	4.46857e-01	8.50000e+00
1.65000e-02	4.12863e-01	8.50000e+00
1.64000e-04	1.71699e+00	1.80000e+01
3.93600e-04	1.40133e+00	1.80000e+01
6.23200e-04	1.25505e+00	1.80000e+01
8.52800e-04	1.16210e+00	1.80000e+01
1.08240e-03	1.09495e+00	1.80000e+01
1.64000e-04	1.71699e+00	1.80000e+01
3.93600e-04	1.40133e+00	1.80000e+01
6.23200e-04	1.25505e+00	1.80000e+01
8.52800e-04	1.16210e+00	1.80000e+01
1.08240e-03	1.09495e+00	1.80000e+01
6.50000e-05	1.66356e+00	1.00000e+01
1.56000e-04	1.39124e+00	1.00000e+01
2.47000e-04	1.26295e+00	1.00000e+01
3.38000e-04	1.18069e+00	1.00000e+01
4.29000e-04	1.12088e+00	1.00000e+01
2.50000e-04	1.55857e+00	1.80000e+01
6.00000e-04	1.26666e+00	1.80000e+01
9.50000e-04	1.13133e+00	1.80000e+01
1.30000e-03	1.04531e+00	1.80000e+01
1.65000e-03	9.83124e-01	1.80000e+01
1.00000e-04	1.52477e+00	1.00000e+01
2.40000e-04	1.27070e+00	1.00000e+01
3.80000e-04	1.15102e+00	1.00000e+01
5.20000e-04	1.07426e+00	1.00000e+01
6.60000e-04	1.01844e+00	1.00000e+01
2.50000e-04	1.55857e+00	1.80000e+01
6.00000e-04	1.26666e+00	1.80000e+01
9.50000e-04	1.13133e+00	1.80000e+01
1.30000e-03	1.04531e+00	1.80000e+01
1.65000e-03	9.83124e-01	1.80000e+01
1.60000e-04	1.38392e+00	1.00000e+01
3.84000e-04	1.14840e+00	1.00000e+01
6.08000e-04	1.03742e+00	1.00000e+01
8.32000e-04	9.66209e-01	1.00000e+01
1.05600e-03	9.14404e-01	1.00000e+01
4.00000e-04	1.39598e+00	1.80000e+01
9.60000e-04	1.12838e+00	1.80000e+01
1.52000e-03	1.00423e+00	1.80000e+01
2.08000e-03	9.25228e-01	1.80000e+01
2.64000e-03	8.68072e-01	1.80000e+01
2.50000e-04	1.25971e+00	1.00000e+01
6.00000e-04	1.04050e+00	1.00000e+01
9.50000e-04	9.37149e-01	1.00000e+01
1.30000e-03	8.70793e-01	1.00000e+01
1.65000e-03	8.22487e-01	1.00000e+01
6.50000e-04	1.24226e+00	1.80000e+01
1.56000e-03	9.97512e-01	1.80000e+01
2.47000e-03	8.83788e-01	1.80000e+01
3.38000e-03	8.11297e-01	1.80000e+01
4.29000e-03	7.58742e-01	1.80000e+01
4.00000e-04	1.13820e+00	1.00000e+01
9.60000e-04	9.34881e-01	1.00000e+01
1.52000e-03	8.38913e-01	1.00000e+01
2.08000e-03	7.77232e-01	1.00000e+01
2.64000e-03	7.32275e-01	1.00000e+01
1.00000e-03	1.11692e+00	1.80000e+01
2.40000e-03	8.90633e-01	1.80000e+01
3.80000e-03	7.85215e-01	1.80000e+01
5.20000e-03	7.17823e-01	1.80000e+01
6.60000e-03	6.68817e-01	1.80000e+01
6.50000e-04	1.02195e+00	1.00000e+01
1.56000e-03	8.33691e-01	1.00000e+01
2.47000e-03	7.44665e-01	1.00000e+01
3.38000e-03	6.87327e-01	1.00000e+01
4.29000e-03	6.45443e-01	1.00000e+01
1.60000e-03	9.91000e-01	1.80000e+01
3.84000e-03	7.82908e-01	1.80000e+01
6.08000e-03	6.85482e-01	1.80000e+01
8.32000e-03	6.22873e-01	1.80000e+01
1.05600e-02	5.77113e-01	1.80000e+01
1.00000e-03	9.26073e-01	1.00000e+01
2.40000e-03	7.50055e-01	1.00000e+01
3.80000e-03	6.66575e-01	1.00000e+01
5.20000e-03	6.12636e-01	1.00000e+01
6.60000e-03	5.73106e-01	1.00000e+01
2.50000e-03	8.80924e-01	1.80000e+01
6.00000e-03	6.88191e-01	1.80000e+01
9.50000e-03	5.97236e-01	1.80000e+01
1.30000e-02	5.38342e-01	1.80000e+01
1.65000e-02	4.94990e-01	1.80000e+01
2.50000e-03	7.42409e-01	1.00000e+01
6.00000e-03	5.88766e-01	1.00000e+01
9.50000e-03	5.14862e-01	1.00000e+01
1.30000e-02	4.66456e-01	1.00000e+01
1.65000e-02	4.30520e-01	1.00000e+01
4.00000e-03	7.73954e-01	1.80000e+01
9.60000e-03	5.95231e-01	1.80000e+01
1.52000e-02	5.09790e-01	1.80000e+01
2.08000e-02	4.53823e-01	1.80000e+01
2.64000e-02	4.12196e-01	1.80000e+01
1.45000e-04	1.89803e+00	2.20000e+01
3.48000e-04	1.54204e+00	2.20000e+01
5.51000e-04	1.37798e+00	2.20000e+01
7.54000e-04	1.27409e+00	2.20000e+01
9.57000e-04	1.19922e+00	2.20000e+01
1.00000e-03	1.35094e+00	3.50000e+01
2.40000e-03	1.05741e+00	3.50000e+01
3.80000e-03	9.23399e-01	3.50000e+01
5.20000e-03	8.38751e-01	3.50000e+01
6.60000e-03	7.77740e-01	3.50000e+01
1.60000e-04	1.85493e+00	2.20000e+01
3.84000e-04	1.50565e+00	2.20000e+01
6.08000e-04	1.34470e+00	2.20000e+01
8.32000e-04	1.24276e+00	2.20000e+01
1.05600e-03	1.16929e+00	2.20000e+01
1.60000e-03	1.18668e+00	3.50000e+01
3.84000e-03	9.20488e-01	3.50000e+01
6.08000e-03	7.98434e-01	3.50000e+01
8.32000e-03	7.20981e-01	3.50000e+01
1.05600e-02	6.64896e-01	3.50000e+01
1.72500e-04	1.82253e+00	2.20000e+01
4.14000e-04	1.47832e+00	2.20000e+01
6.55500e-04	1.31969e+00	2.20000e+01
8.97000e-04	1.21922e+00	2.20000e+01
1.13850e-03	1.14680e+00	2.20000e+01
2.50000e-03	1.04499e+00	3.50000e+01
6.00000e-03	8.01804e-01	3.50000e+01
9.50000e-03	6.89503e-01	3.50000e+01
1.30000e-02	6.17741e-01	3.50000e+01
1.65000e-02	5.65428e-01	3.50000e+01
1.94000e-04	1.77289e+00	2.20000e+01
4.65600e-04	1.43642e+00	2.20000e+01
7.37200e-04	1.28135e+00	2.20000e+01
1.00880e-03	1.18312e+00	2.20000e+01
1.28040e-03	1.11232e+00	2.20000e+01
4.00000e-03	9.09196e-01	3.50000e+01
9.60000e-03	6.87047e-01	3.50000e+01
1.52000e-02	5.83237e-01	3.50000e+01
2.08000e-02	5.16173e-01	3.50000e+01
2.64000e-02	4.66798e-01	3.50000e+01
2.50000e-04	1.66948e+00	2.20000e+01
6.00000e-04	1.34914e+00	2.20000e+01
9.50000e-04	1.20147e+00	2.20000e+01
1.30000e-03	1.10791e+00	2.20000e+01
1.65000e-03	1.04045e+00	2.20000e+01
2.50000e-04	1.66948e+00	2.20000e+01
6.00000e-04	1.34914e+00	2.20000e+01
9.50000e-04	1.20147e+00	2.20000e+01
1.30000e-03	1.10791e+00	2.20000e+01
1.65000e-03	1.04045e+00	2.20000e+01
2.96000e-04	1.60338e+00	2.20000e+01
7.10400e-04	1.29334e+00	2.20000e+01
1.12480e-03	1.15040e+00	2.20000e+01
1.53920e-03	1.05981e+00	2.20000e+01
1.95360e-03	9.94470e-01	2.20000e+01
4.00000e-04	1.49077e+00	2.20000e+01
9.60000e-04	1.19826e+00	2.20000e+01
1.52000e-03	1.06333e+00	2.20000e+01
2.08000e-03	9.77770e-01	2.20000e+01
2.64000e-03	9.16018e-01	2.20000e+01
6.50000e-04	1.32247e+00	2.20000e+01
1.56000e-03	1.05605e+00	2.20000e+01
2.47000e-03	9.32984e-01	2.20000e+01
3.38000e-03	8.54814e-01	2.20000e+01
4.29000e-03	7.98287e-01	2.20000e+01
2.95000e-04	2.01036e+00	4.50000e+01
7.08000e-04	1.58825e+00	4.50000e+01
1.12100e-03	1.39751e+00	4.50000e+01
1.53400e-03	1.27806e+00	4.50000e+01
1.94700e-03	1.19265e+00	4.50000e+01
1.00000e-03	1.18579e+00	2.20000e+01
2.40000e-03	9.40377e-01	2.20000e+01
3.80000e-03	8.26745e-01	2.20000e+01
5.20000e-03	7.54365e-01	2.20000e+01
6.60000e-03	7.01872e-01	2.20000e+01
3.17000e-04	1.97249e+00	4.50000e+01
7.60800e-04	1.55709e+00	4.50000e+01
1.20460e-03	1.36938e+00	4.50000e+01
1.64840e-03	1.25182e+00	4.50000e+01
2.09220e-03	1.16775e+00	4.50000e+01
1.60000e-03	1.04899e+00	2.20000e+01
3.84000e-03	8.24264e-01	2.20000e+01
6.08000e-03	7.19709e-01	2.20000e+01
8.32000e-03	6.52772e-01	2.20000e+01
1.05600e-02	6.03986e-01	2.20000e+01
3.50000e-04	1.92134e+00	4.50000e+01
8.40000e-04	1.51500e+00	4.50000e+01
1.33000e-03	1.33138e+00	4.50000e+01
1.82000e-03	1.21636e+00	4.50000e+01
2.31000e-03	1.13410e+00	4.50000e+01
2.50000e-03	9.29892e-01	2.20000e+01
6.00000e-03	7.22610e-01	2.20000e+01
9.50000e-03	6.25425e-01	2.20000e+01
1.30000e-02	5.62745e-01	2.20000e+01
1.65000e-02	5.16740e-01	2.20000e+01
4.00000e-04	1.85413e+00	4.50000e+01
9.60000e-04	1.45970e+00	4.50000e+01
1.52000e-03	1.28144e+00	4.50000e+01
2.08000e-03	1.16976e+00	4.50000e+01
2.64000e-03	1.08987e+00	4.50000e+01
4.00000e-03	8.14636e-01	2.20000e+01
9.60000e-03	6.23288e-01	2.20000e+01
1.52000e-02	5.32432e-01	2.20000e+01
2.08000e-02	4.73165e-01	2.20000e+01
2.64000e-02	4.29217e-01	2.20000e+01
4.00000e-04	1.85413e+00	4.50000e+01
9.60000e-04	1.45970e+00	4.50000e+01
1.52000e-03	1.28144e+00	4.50000e+01
2.08000e-03	1.16976e+00	4.50000e+01
2.64000e-03	1.08987e+00	4.50000e+01
4.60000e-04	1.78589e+00	4.50000e+01
1.10400e-03	1.40354e+00	4.50000e+01
1.74800e-03	1.23072e+00	4.50000e+01
2.39200e-03	1.12242e+00	4.50000e+01
3.03600e-03	1.04492e+00	4.50000e+01
5.50000e-04	1.70168e+00	4.50000e+01
1.32000e-03	1.33424e+00	4.50000e+01
2.09000e-03	1.16811e+00	4.50000e+01
2.86000e-03	1.06396e+00	4.50000e+01
3.63000e-03	9.89385e-01	4.50000e+01
1.57000e-04	2.00078e+00	2.70000e+01
3.76800e-04	1.61479e+00	2.70000e+01
5.96600e-04	1.43791e+00	2.70000e+01
8.16400e-04	1.32625e+00	2.70000e+01
1.03620e-03	1.24598e+00	2.70000e+01
6.50000e-04	1.62593e+00	4.50000e+01
1.56000e-03	1.27189e+00	4.50000e+01
2.47000e-03	1.11176e+00	4.50000e+01
3.38000e-03	1.01131e+00	4.50000e+01
4.29000e-03	9.39335e-01	4.50000e+01
1.67500e-04	1.96984e+00	2.70000e+01
4.02000e-04	1.58886e+00	2.70000e+01
6.36500e-04	1.41428e+00	2.70000e+01
8.71000e-04	1.30408e+00	2.70000e+01
1.10550e-03	1.22484e+00	2.70000e+01
6.50000e-04	1.62593e+00	4.50000e+01
1.56000e-03	1.27189e+00	4.50000e+01
2.47000e-03	1.11176e+00	4.50000e+01
3.38000e-03	1.01131e+00	4.50000e+01
4.29000e-03	9.39335e-01	4.50000e+01
1.77500e-04	1.94247e+00	2.70000e+01
4.26000e-04	1.56593e+00	2.70000e+01
6.74500e-04	1.39338e+00	2.70000e+01
9.23000e-04	1.28445e+00	2.70000e+01
1.17150e-03	1.20613e+00	2.70000e+01
1.00000e-03	1.44311e+00	4.50000e+01
2.40000e-03	1.12131e+00	4.50000e+01
3.80000e-03	9.75497e-01	4.50000e+01
5.20000e-03	8.83818e-01	4.50000e+01
6.60000e-03	8.17962e-01	4.50000e+01
2.05000e-04	1.87586e+00	2.70000e+01
4.92000e-04	1.51011e+00	2.70000e+01
7.79000e-04	1.34250e+00	2.70000e+01
1.06600e-03	1.23669e+00	2.70000e+01
1.35300e-03	1.16059e+00	2.70000e+01
1.60000e-03	1.26264e+00	4.50000e+01
3.84000e-03	9.72338e-01	4.50000e+01
6.08000e-03	8.40277e-01	4.50000e+01
8.32000e-03	7.56876e-01	4.50000e+01
1.05600e-02	6.96697e-01	4.50000e+01
2.05000e-04	1.87586e+00	2.70000e+01
4.92000e-04	1.51011e+00	2.70000e+01
7.79000e-04	1.34250e+00	2.70000e+01
1.06600e-03	1.23669e+00	2.70000e+01
1.35300e-03	1.16059e+00	2.70000e+01
2.50000e-03	1.10776e+00	4.50000e+01
6.00000e-03	8.43913e-01	4.50000e+01
9.50000e-03	7.23076e-01	4.50000e+01
1.30000e-02	6.46250e-01	4.50000e+01
1.65000e-02	5.90454e-01	4.50000e+01
2.50000e-04	1.78719e+00	2.70000e+01
6.00000e-04	1.43582e+00	2.70000e+01
9.50000e-04	1.27478e+00	2.70000e+01
1.30000e-03	1.17309e+00	2.70000e+01
1.65000e-03	1.09995e+00	2.70000e+01
4.00000e-03	9.60091e-01	4.50000e+01
9.60000e-03	7.20443e-01	4.50000e+01
1.52000e-02	6.09428e-01	4.50000e+01
2.08000e-02	5.38092e-01	4.50000e+01
2.64000e-02	4.85778e-01	4.50000e+01
2.50000e-04	1.78719e+00	2.70000e+01
6.00000e-04	1.43582e+00	2.70000e+01
9.50000e-04	1.27478e+00	2.70000e+01
1.30000e-03	1.17309e+00	2.70000e+01
1.65000e-03	1.09995e+00	2.70000e+01
4.00000e-04	1.59085e+00	2.70000e+01
9.60000e-04	1.27128e+00	2.70000e+01
1.52000e-03	1.12473e+00	2.70000e+01
2.08000e-03	1.03213e+00	2.70000e+01
2.64000e-03	9.65464e-01	2.70000e+01
4.00000e-04	1.59085e+00	2.70000e+01
9.60000e-04	1.27128e+00	2.70000e+01
1.52000e-03	1.12473e+00	2.70000e+01
2.08000e-03	1.03213e+00	2.70000e+01
2.64000e-03	9.65464e-01	2.70000e+01
6.50000e-04	1.40669e+00	2.70000e+01
1.56000e-03	1.11685e+00	2.70000e+01
2.47000e-03	9.83766e-01	2.70000e+01
3.38000e-03	8.99538e-01	2.70000e+01
4.29000e-03	8.38790e-01	2.70000e+01
1.00000e-03	1.25771e+00	2.70000e+01
2.40000e-03	9.91745e-01	2.70000e+01
3.80000e-03	8.69355e-01	2.70000e+01
5.20000e-03	7.91686e-01	2.70000e+01
6.60000e-03	7.35510e-01	2.70000e+01
4.00000e-04	2.01008e+00	6.00000e+01
9.60000e-04	1.56886e+00	6.00000e+01
1.52000e-03	1.37107e+00	6.00000e+01
2.08000e-03	1.24776e+00	6.00000e+01
2.64000e-03	1.15985e+00	6.00000e+01
1.60000e-03	1.10920e+00	2.70000e+01
3.84000e-03	8.66689e-01	2.70000e+01
6.08000e-03	7.54583e-01	2.70000e+01
8.32000e-03	6.83090e-01	2.70000e+01
1.05600e-02	6.31131e-01	2.70000e+01
4.30000e-04	1.97010e+00	6.00000e+01
1.03200e-03	1.53631e+00	6.00000e+01
1.63400e-03	1.34183e+00	6.00000e+01
2.23600e-03	1.22058e+00	6.00000e+01
2.83800e-03	1.13412e+00	6.00000e+01
2.50000e-03	9.80429e-01	2.70000e+01
6.00000e-03	7.57687e-01	2.70000e+01
9.50000e-03	6.53948e-01	2.70000e+01
1.30000e-02	5.87313e-01	2.70000e+01
1.65000e-02	5.38552e-01	2.70000e+01
4.70000e-04	1.92185e+00	6.00000e+01
1.12800e-03	1.49701e+00	6.00000e+01
1.78600e-03	1.30654e+00	6.00000e+01
2.44400e-03	1.18777e+00	6.00000e+01
3.10200e-03	1.10306e+00	6.00000e+01
4.00000e-03	8.56344e-01	2.70000e+01
9.60000e-03	6.51673e-01	2.70000e+01
1.52000e-02	5.55170e-01	2.70000e+01
2.08000e-02	4.92486e-01	2.70000e+01
2.64000e-02	4.46150e-01	2.70000e+01
5.50000e-04	1.83901e+00	6.00000e+01
1.32000e-03	1.42955e+00	6.00000e+01
2.09000e-03	1.24594e+00	6.00000e+01
2.86000e-03	1.13140e+00	6.00000e+01
3.63000e-03	1.04969e+00	6.00000e+01
6.50000e-04	1.75426e+00	6.00000e+01
1.56000e-03	1.36051e+00	6.00000e+01
2.47000e-03	1.18391e+00	6.00000e+01
3.38000e-03	1.07368e+00	6.00000e+01
4.29000e-03	9.94993e-01	6.00000e+01
6.50000e-04	1.75426e+00	6.00000e+01
1.56000e-03	1.36051e+00	6.00000e+01
2.47000e-03	1.18391e+00	6.00000e+01
3.38000e-03	1.07368e+00	6.00000e+01
4.29000e-03	9.94993e-01	6.00000e+01
7.50000e-04	1.68425e+00	6.00000e+01
1.80000e-03	1.30348e+00	6.00000e+01
2.85000e-03	1.13264e+00	6.00000e+01
3.90000e-03	1.02595e+00	6.00000e+01
4.95000e-03	9.49732e-01	6.00000e+01
2.30000e-04	1.98417e+00	3.50000e+01
5.52000e-04	1.58343e+00	3.50000e+01
8.74000e-04	1.40110e+00	3.50000e+01
1.19600e-03	1.28646e+00	3.50000e+01
1.51800e-03	1.20426e+00	3.50000e+01
1.00000e-03	1.55042e+00	6.00000e+01
2.40000e-03	1.19441e+00	6.00000e+01
3.80000e-03	1.03450e+00	6.00000e+01
5.20000e-03	9.34475e-01	6.00000e+01
6.60000e-03	8.62903e-01	6.00000e+01
2.50000e-04	1.94271e+00	3.50000e+01
6.00000e-04	1.54901e+00	3.50000e+01
9.50000e-04	1.36988e+00	3.50000e+01
1.30000e-03	1.25724e+00	3.50000e+01
1.65000e-03	1.17648e+00	3.50000e+01
1.60000e-03	1.35028e+00	6.00000e+01
3.84000e-03	1.03104e+00	6.00000e+01
6.08000e-03	8.87128e-01	6.00000e+01
8.32000e-03	7.96738e-01	6.00000e+01
1.05600e-02	7.31783e-01	6.00000e+01
2.65500e-04	1.91325e+00	3.50000e+01
6.37200e-04	1.52456e+00	3.50000e+01
1.00890e-03	1.34769e+00	3.50000e+01
1.38060e-03	1.23648e+00	3.50000e+01
1.75230e-03	1.15673e+00	3.50000e+01
2.50000e-03	1.17952e+00	6.00000e+01
6.00000e-03	8.91077e-01	6.00000e+01
9.50000e-03	7.60227e-01	6.00000e+01
1.30000e-02	6.77516e-01	6.00000e+01
1.65000e-02	6.17706e-01	6.00000e+01
2.87000e-04	1.87568e+00	3.50000e+01
6.88800e-04	1.49336e+00	3.50000e+01
1.09060e-03	1.31939e+00	3.50000e+01
1.49240e-03	1.20999e+00	3.50000e+01
1.89420e-03	1.13153e+00	3.50000e+01
4.00000e-03	1.01766e+00	6.00000e+01
9.60000e-03	7.57386e-01	6.00000e+01
1.52000e-02	6.38020e-01	6.00000e+01
2.08000e-02	5.61786e-01	6.00000e+01
2.64000e-02	5.06133e-01	6.00000e+01
3.08000e-04	1.84213e+00	3.50000e+01
7.39200e-04	1.46551e+00	3.50000e+01
1.17040e-03	1.29413e+00	3.50000e+01
1.60160e-03	1.18634e+00	3.50000e+01
2.03280e-03	1.10904e+00	3.50000e+01
3.28500e-04	1.81196e+00	3.50000e+01
7.88400e-04	1.44046e+00	3.50000e+01
1.24830e-03	1.27140e+00	3.50000e+01
1.70820e-03	1.16507e+00	3.50000e+01
2.16810e-03	1.08879e+00	3.50000e+01
4.00000e-04	1.72227e+00	3.50000e+01
9.60000e-04	1.36599e+00	3.50000e+01
1.52000e-03	1.20382e+00	3.50000e+01
2.08000e-03	1.10179e+00	3.50000e+01
2.64000e-03	1.02858e+00	3.50000e+01
4.00000e-04	1.72227e+00	3.50000e+01
9.60000e-04	1.36599e+00	3.50000e+01
1.52000e-03	1.20382e+00	3.50000e+01
2.08000e-03	1.10179e+00	3.50000e+01
2.64000e-03	1.02858e+00	3.50000e+01
5.00000e-04	1.62508e+00	3.50000e+01
1.20000e-03	1.28528e+00	3.50000e+01
1.90000e-03	1.13055e+00	3.50000e+01
2.60000e-03	1.03316e+00	3.50000e+01
3.30000e-03	9.63221e-01	3.50000e+01
6.50000e-04	1.51654e+00	3.50000e+01
1.56000e-03	1.19512e+00	3.50000e+01
2.47000e-03	1.04866e+00	3.50000e+01
3.38000e-03	9.56380e-01	3.50000e+01
4.29000e-03	8.90048e-01	3.50000e+01
4.61000e-04	2.01294e+00	7.00000e+01
1.10640e-03	1.56105e+00	7.00000e+01
1.75180e-03	1.35933e+00	7.00000e+01
2.39720e-03	1.23387e+00	7.00000e+01
3.04260e-03	1.14457e+00	7.00000e+01
5.00000e-04	1.96690e+00	7.00000e+01
1.20000e-03	1.52376e+00	7.00000e+01
1.90000e-03	1.32594e+00	7.00000e+01
2.60000e-03	1.20289e+00	7.00000e+01
3.30000e-03	1.11529e+00	7.00000e+01
5.50000e-04	1.91400e+00	7.00000e+01
1.32000e-03	1.48091e+00	7.00000e+01
2.09000e-03	1.28757e+00	7.00000e+01
2.86000e-03	1.16727e+00	7.00000e+01
3.63000e-03	1.08162e+00	7.00000e+01
6.20000e-04	1.84921e+00	7.00000e+01
1.48800e-03	1.42844e+00	7.00000e+01
2.35600e-03	1.24056e+00	7.00000e+01
3.22400e-03	1.12363e+00	7.00000e+01
4.09200e-03	1.04034e+00	7.00000e+01
1.00000e-03	1.89771e+00	1.50000e+02
2.40000e-03	1.42202e+00	1.50000e+02
3.80000e-03	1.21401e+00	1.50000e+02
5.20000e-03	1.08600e+00	1.50000e+02
6.60000e-03	9.95496e-01	1.50000e+02
6.50000e-04	1.82417e+00	7.00000e+01
1.56000e-03	1.40815e+00	7.00000e+01
2.47000e-03	1.22239e+00	7.00000e+01
3.38000e-03	1.10675e+00	7.00000e+01
4.29000e-03	1.02437e+00	7.00000e+01
1.60000e-03	1.62831e+00	1.50000e+02
3.84000e-03	1.20956e+00	1.50000e+02
6.08000e-03	1.02602e+00	1.50000e+02
8.32000e-03	9.12703e-01	1.50000e+02
1.05600e-02	8.32299e-01	1.50000e+02
6.50000e-04	1.82417e+00	7.00000e+01
1.56000e-03	1.40815e+00	7.00000e+01
2.47000e-03	1.22239e+00	7.00000e+01
3.38000e-03	1.10675e+00	7.00000e+01
4.29000e-03	1.02437e+00	7.00000e+01
1.60000e-03	1.62831e+00	1.50000e+02
3.84000e-03	1.20956e+00	1.50000e+02
6.08000e-03	1.02602e+00	1.50000e+02
8.32000e-03	9.12703e-01	1.50000e+02
1.05600e-02	8.32299e-01	1.50000e+02
1.00000e-03	1.60850e+00	7.00000e+01
2.40000e-03	1.23342e+00	7.00000e+01
3.80000e-03	1.06571e+00	7.00000e+01
5.20000e-03	9.61106e-01	7.00000e+01
6.60000e-03	8.86409e-01	7.00000e+01
2.50000e-03	1.40249e+00	1.50000e+02
6.00000e-03	1.03101e+00	1.50000e+02
9.50000e-03	8.67398e-01	1.50000e+02
1.30000e-02	7.65835e-01	1.50000e+02
1.65000e-02	6.93376e-01	1.50000e+02
1.00000e-03	1.60850e+00	7.00000e+01
2.40000e-03	1.23342e+00	7.00000e+01
3.80000e-03	1.06571e+00	7.00000e+01
5.20000e-03	9.61106e-01	7.00000e+01
6.60000e-03	8.86409e-01	7.00000e+01
4.00000e-03	1.19234e+00	1.50000e+02
9.60000e-03	8.63883e-01	1.50000e+02
1.52000e-02	7.17889e-01	1.50000e+02
2.08000e-02	6.26427e-01	1.50000e+02
2.64000e-02	5.60603e-01	1.50000e+02
1.25000e-03	1.50529e+00	7.00000e+01
3.00000e-03	1.14972e+00	7.00000e+01
4.75000e-03	9.90527e-01	7.00000e+01
6.50000e-03	8.91075e-01	7.00000e+01
8.25000e-03	8.19935e-01	7.00000e+01
1.60000e-03	1.39737e+00	7.00000e+01
3.84000e-03	1.06210e+00	7.00000e+01
6.08000e-03	9.11676e-01	7.00000e+01
8.32000e-03	8.17480e-01	7.00000e+01
1.05600e-02	7.49936e-01	7.00000e+01
2.50000e-03	1.21777e+00	7.00000e+01
6.00000e-03	9.15797e-01	7.00000e+01
9.50000e-03	7.79498e-01	7.00000e+01
1.30000e-02	6.93610e-01	7.00000e+01
1.65000e-02	6.31645e-01	7.00000e+01
4.00000e-03	1.04808e+00	7.00000e+01
9.60000e-03	7.76544e-01	7.00000e+01
1.52000e-02	6.52677e-01	7.00000e+01
2.08000e-02	5.73829e-01	7.00000e+01
2.64000e-02	5.16407e-01	7.00000e+01
1.30000e-03	1.83776e+00	2.00000e+02
3.12000e-03	1.35911e+00	2.00000e+02
4.94000e-03	1.15130e+00	2.00000e+02
6.76000e-03	1.02385e+00	2.00000e+02
8.58000e-03	9.33916e-01	2.00000e+02
1.60000e-03	1.71327e+00	2.00000e+02
3.84000e-03	1.26191e+00	2.00000e+02
6.08000e-03	1.06572e+00	2.00000e+02
8.32000e-03	9.45208e-01	2.00000e+02
1.05600e-02	8.60025e-01	2.00000e+02
6.50000e-04	1.93947e+00	9.00000e+01
1.56000e-03	1.48577e+00	9.00000e+01
2.47000e-03	1.28463e+00	9.00000e+01
3.38000e-03	1.15997e+00	9.00000e+01
4.29000e-03	1.07143e+00	9.00000e+01
1.60000e-03	1.71327e+00	2.00000e+02
3.84000e-03	1.26191e+00	2.00000e+02
6.08000e-03	1.06572e+00	2.00000e+02
8.32000e-03	9.45208e-01	2.00000e+02
1.05600e-02	8.60025e-01	2.00000e+02
7.50000e-04	1.85833e+00	9.00000e+01
1.80000e-03	1.42064e+00	9.00000e+01
2.85000e-03	1.22656e+00	9.00000e+01
3.90000e-03	1.10621e+00	9.00000e+01
4.95000e-03	1.02069e+00	9.00000e+01
2.50000e-03	1.46927e+00	2.00000e+02
6.00000e-03	1.07103e+00	2.00000e+02
9.50000e-03	8.97176e-01	2.00000e+02
1.30000e-02	7.89833e-01	2.00000e+02
1.65000e-02	7.13558e-01	2.00000e+02
1.00000e-03	1.70376e+00	9.00000e+01
2.40000e-03	1.29655e+00	9.00000e+01
3.80000e-03	1.11583e+00	9.00000e+01
5.20000e-03	1.00362e+00	9.00000e+01
6.60000e-03	9.23757e-01	9.00000e+01
2.50000e-03	1.46927e+00	2.00000e+02
6.00000e-03	1.07103e+00	2.00000e+02
9.50000e-03	8.97176e-01	2.00000e+02
1.30000e-02	7.89833e-01	2.00000e+02
1.65000e-02	7.13558e-01	2.00000e+02
1.00000e-03	1.70376e+00	9.00000e+01
2.40000e-03	1.29655e+00	9.00000e+01
3.80000e-03	1.11583e+00	9.00000e+01
5.20000e-03	1.00362e+00	9.00000e+01
6.60000e-03	9.23757e-01	9.00000e+01
4.00000e-03	1.24345e+00	2.00000e+02
9.60000e-03	8.93453e-01	2.00000e+02
1.52000e-02	7.39332e-01	2.00000e+02
2.08000e-02	6.43333e-01	2.00000e+02
2.64000e-02	5.74537e-01	2.00000e+02
1.60000e-03	1.47407e+00	9.00000e+01
3.84000e-03	1.11195e+00	9.00000e+01
6.08000e-03	9.50745e-01	9.00000e+01
8.32000e-03	8.50276e-01	9.00000e+01
1.05600e-02	7.78489e-01	9.00000e+01
2.50000e-03	1.27965e+00	9.00000e+01
6.00000e-03	9.55150e-01	9.00000e+01
9.50000e-03	8.09881e-01	9.00000e+01
1.30000e-02	7.18800e-01	9.00000e+01
1.65000e-02	6.53334e-01	9.00000e+01
4.00000e-03	1.09689e+00	9.00000e+01
9.60000e-03	8.06742e-01	9.00000e+01
1.52000e-02	6.75530e-01	9.00000e+01
2.08000e-02	5.92452e-01	9.00000e+01
2.64000e-02	5.32188e-01	9.00000e+01
8.00000e-04	1.94398e+00	1.20000e+02
1.92000e-03	1.47176e+00	1.20000e+02
3.04000e-03	1.26405e+00	1.20000e+02
4.16000e-03	1.13587e+00	1.20000e+02
5.28000e-03	1.04508e+00	1.20000e+02
1.65000e-03	1.75892e+00	2.50000e+02
3.96000e-03	1.28637e+00	2.50000e+02
6.27000e-03	1.08223e+00	2.50000e+02
8.58000e-03	9.57285e-01	2.50000e+02
1.08900e-02	8.69192e-01	2.50000e+02
8.60000e-04	1.90072e+00	1.20000e+02
2.06400e-03	1.43739e+00	1.20000e+02
3.26800e-03	1.23357e+00	1.20000e+02
4.47200e-03	1.10774e+00	1.20000e+02
5.67600e-03	1.01860e+00	1.20000e+02
2.50000e-03	1.51960e+00	2.50000e+02
6.00000e-03	1.10066e+00	2.50000e+02
9.50000e-03	9.18961e-01	2.50000e+02
1.30000e-02	8.07233e-01	2.50000e+02
1.65000e-02	7.28080e-01	2.50000e+02
9.40000e-04	1.84863e+00	1.20000e+02
2.25600e-03	1.39601e+00	1.20000e+02
3.57200e-03	1.19685e+00	1.20000e+02
4.88800e-03	1.07386e+00	1.20000e+02
6.20400e-03	9.86679e-01	1.20000e+02
2.50000e-03	1.51960e+00	2.50000e+02
6.00000e-03	1.10066e+00	2.50000e+02
9.50000e-03	9.18961e-01	2.50000e+02
1.30000e-02	8.07233e-01	2.50000e+02
1.65000e-02	7.28080e-01	2.50000e+02
1.00000e-03	1.81311e+00	1.20000e+02
2.40000e-03	1.36778e+00	1.20000e+02
3.80000e-03	1.17180e+00	1.20000e+02
5.20000e-03	1.05073e+00	1.20000e+02
6.60000e-03	9.64884e-01	1.20000e+02
4.00000e-03	1.28162e+00	2.50000e+02
9.60000e-03	9.15080e-01	2.50000e+02
1.52000e-02	7.54803e-01	2.50000e+02
2.08000e-02	6.55398e-01	2.50000e+02
2.64000e-02	5.84390e-01	2.50000e+02
1.06000e-03	1.78018e+00	1.20000e+02
2.54400e-03	1.34162e+00	1.20000e+02
4.02800e-03	1.14857e+00	1.20000e+02
5.51200e-03	1.02928e+00	1.20000e+02
6.99600e-03	9.44659e-01	1.20000e+02
1.06000e-03	1.78018e+00	1.20000e+02
2.54400e-03	1.34162e+00	1.20000e+02
4.02800e-03	1.14857e+00	1.20000e+02
5.51200e-03	1.02928e+00	1.20000e+02
6.99600e-03	9.44659e-01	1.20000e+02
1.35000e-03	1.64879e+00	1.20000e+02
3.24000e-03	1.23717e+00	1.20000e+02
5.13000e-03	1.05577e+00	1.20000e+02
7.02000e-03	9.43480e-01	1.20000e+02
8.91000e-03	8.63693e-01	1.20000e+02
1.60000e-03	1.56135e+00	1.20000e+02
3.84000e-03	1.16760e+00	1.20000e+02
6.08000e-03	9.93863e-01	1.20000e+02
8.32000e-03	8.86158e-01	1.20000e+02
1.05600e-02	8.09507e-01	1.20000e+02
1.60000e-03	1.56135e+00	1.20000e+02
3.84000e-03	1.16760e+00	1.20000e+02
6.08000e-03	9.93863e-01	1.20000e+02
8.32000e-03	8.86158e-01	1.20000e+02
1.05600e-02	8.09507e-01	1.20000e+02
2.50000e-03	1.34941e+00	1.20000e+02
6.00000e-03	9.98595e-01	1.20000e+02
9.50000e-03	8.42993e-01	1.20000e+02
1.30000e-02	7.45985e-01	1.20000e+02
1.65000e-02	6.76553e-01	1.20000e+02
4.00000e-03	1.15134e+00	1.20000e+02
9.60000e-03	8.39642e-01	1.20000e+02
1.52000e-02	7.00064e-01	1.20000e+02
2.08000e-02	6.12221e-01	1.20000e+02
2.64000e-02	5.48785e-01	1.20000e+02
1.95000e-03	1.70547e+00	3.00000e+02
4.68000e-03	1.23639e+00	3.00000e+02
7.41000e-03	1.03452e+00	3.00000e+02
1.01400e-02	9.11155e-01	3.00000e+02
1.28700e-02	8.24229e-01	3.00000e+02
2.50000e-03	1.55969e+00	3.00000e+02
6.00000e-03	1.12392e+00	3.00000e+02
9.50000e-03	9.35920e-01	3.00000e+02
1.30000e-02	8.20684e-01	3.00000e+02
1.65000e-02	7.39242e-01	3.00000e+02
2.50000e-03	1.55969e+00	3.00000e+02
6.00000e-03	1.12392e+00	3.00000e+02
9.50000e-03	9.35920e-01	3.00000e+02
1.30000e-02	8.20684e-01	3.00000e+02
1.65000e-02	7.39242e-01	3.00000e+02
4.00000e-03	1.31180e+00	3.00000e+02
9.60000e-03	9.31912e-01	3.00000e+02
1.52000e-02	7.66719e-01	3.00000e+02
2.08000e-02	6.64613e-01	3.00000e+02
2.64000e-02	5.91861e-01	3.00000e+02
4.00000e-03	1.31180e+00	3.00000e+02
9.60000e-03	9.31912e-01	3.00000e+02
1.52000e-02	7.66719e-01	3.00000e+02
2.08000e-02	6.64613e-01	3.00000e+02
2.64000e-02	5.91861e-01	3.00000e+02
2.65000e-03	1.58614e+00	4.00000e+02
6.36000e-03	1.13232e+00	4.00000e+02
1.00700e-02	9.37954e-01	4.00000e+02
1.37800e-02	8.19302e-01	4.00000e+02
1.74900e-02	7.35680e-01	4.00000e+02
4.00000e-03	1.35753e+00	4.00000e+02
9.60000e-03	9.56977e-01	4.00000e+02
1.52000e-02	7.84259e-01	4.00000e+02
2.08000e-02	6.78052e-01	4.00000e+02
2.64000e-02	6.02668e-01	4.00000e+02
4.00000e-03	1.35753e+00	4.00000e+02
9.60000e-03	9.56977e-01	4.00000e+02
1.52000e-02	7.84259e-01	4.00000e+02
2.08000e-02	6.78052e-01	4.00000e+02
2.64000e-02	6.02668e-01	4.00000e+02
3.30000e-03	1.49912e+00	5.00000e+02
7.92000e-03	1.05732e+00	5.00000e+02
1.25400e-02	8.68667e-01	5.00000e+02
1.71600e-02	7.53530e-01	5.00000e+02
2.17800e-02	6.72327e-01	5.00000e+02
4.00000e-03	1.39141e+00	5.00000e+02
9.60000e-03	9.75209e-01	5.00000e+02
1.52000e-02	7.96865e-01	5.00000e+02
2.08000e-02	6.87618e-01	5.00000e+02
2.64000e-02	6.10296e-01	5.00000e+02
4.00000e-03	1.39141e+00	5.00000e+02
9.60000e-03	9.75209e-01	5.00000e+02
1.52000e-02	7.96865e-01	5.00000e+02
2.08000e-02	6.87618e-01	5.00000e+02
2.64000e-02	6.10296e-01	5.00000e+02
4.25000e-03	1.39533e+00	6.50000e+02
1.02000e-02	9.69512e-01	6.50000e+02
1.61500e-02	7.88104e-01	6.50000e+02
2.21000e-02	6.77314e-01	6.50000e+02
2.80500e-02	5.99055e-01	6.50000e+02
4.25000e-03	1.39533e+00	6.50000e+02
1.02000e-02	9.69512e-01	6.50000e+02
1.61500e-02	7.88104e-01	6.50000e+02
2.21000e-02	6.77314e-01	6.50000e+02
2.80500e-02	5.99055e-01	6.50000e+02
