3.10500e-07	7.68524e-02	4.50000e-02
7.45200e-07	7.24585e-02	4.50000e-02
1.17990e-06	7.01980e-02	4.50000e-02
1.61460e-06	6.86807e-02	4.50000e-02
2.04930e-06	6.75408e-02	4.50000e-02
3.31000e-05	3.03640e-01	3.50000e-01
7.94400e-05	2.76780e-01	3.50000e-01
1.25780e-04	2.63091e-01	3.50000e-01
1.72120e-04	2.53931e-01	3.50000e-01
2.18460e-04	2.47075e-01	3.50000e-01
4.48500e-07	1.06400e-01	6.50000e-02
1.07640e-06	1.00088e-01	6.50000e-02
1.70430e-06	9.68512e-02	6.50000e-02
2.33220e-06	9.46806e-02	6.50000e-02
2.96010e-06	9.30492e-02	6.50000e-02
6.50000e-05	2.82844e-01	3.50000e-01
1.56000e-04	2.56786e-01	3.50000e-01
2.47000e-04	2.43579e-01	3.50000e-01
3.38000e-04	2.34740e-01	3.50000e-01
4.29000e-04	2.28095e-01	3.50000e-01
5.10000e-07	1.05464e-01	6.50000e-02
1.22400e-06	9.91764e-02	6.50000e-02
1.93800e-06	9.59582e-02	6.50000e-02
2.65200e-06	9.37996e-02	6.50000e-02
3.36600e-06	9.21750e-02	6.50000e-02
1.10000e-04	2.67053e-01	3.50000e-01
2.64000e-04	2.41692e-01	3.50000e-01
4.18000e-04	2.28816e-01	3.50000e-01
5.72000e-04	2.20144e-01	3.50000e-01
7.26000e-04	2.13604e-01	3.50000e-01
5.85000e-07	1.33893e-01	8.50000e-02
1.40400e-06	1.25686e-01	8.50000e-02
2.22300e-06	1.21491e-01	8.50000e-02
3.04200e-06	1.18678e-01	8.50000e-02
3.86100e-06	1.16563e-01	8.50000e-02
2.50000e-04	2.43236e-01	3.50000e-01
6.00000e-04	2.18829e-01	3.50000e-01
9.50000e-04	2.06285e-01	3.50000e-01
1.30000e-03	1.97832e-01	3.50000e-01
1.65000e-03	1.91466e-01	3.50000e-01
6.70000e-07	1.32607e-01	8.50000e-02
1.60800e-06	1.24438e-01	8.50000e-02
2.54600e-06	1.20270e-01	8.50000e-02
3.48400e-06	1.17472e-01	8.50000e-02
4.42200e-06	1.15366e-01	8.50000e-02
1.25500e-03	1.98777e-01	3.50000e-01
3.01200e-03	1.75506e-01	3.50000e-01
4.76900e-03	1.63254e-01	3.50000e-01
6.52600e-03	1.54819e-01	3.50000e-01
8.28300e-03	1.48380e-01	3.50000e-01
7.80000e-07	1.31172e-01	8.50000e-02
1.87200e-06	1.23049e-01	8.50000e-02
2.96400e-06	1.18910e-01	8.50000e-02
4.05600e-06	1.16127e-01	8.50000e-02
5.14800e-06	1.14029e-01	8.50000e-02
4.41500e-06	4.08651e-01	4.00000e-01
1.05960e-05	3.74976e-01	4.00000e-01
1.67770e-05	3.57874e-01	4.00000e-01
2.29580e-05	3.46456e-01	4.00000e-01
2.91390e-05	3.37925e-01	4.00000e-01
7.55000e-07	1.65841e-01	1.10000e-01
1.81200e-06	1.55304e-01	1.10000e-01
2.86900e-06	1.49934e-01	1.10000e-01
3.92600e-06	1.46333e-01	1.10000e-01
4.98300e-06	1.43623e-01	1.10000e-01
5.50000e-06	4.00056e-01	4.00000e-01
1.32000e-05	3.66746e-01	4.00000e-01
2.09000e-05	3.49852e-01	4.00000e-01
2.86000e-05	3.38589e-01	4.00000e-01
3.63000e-05	3.30170e-01	4.00000e-01
8.65000e-07	1.64184e-01	1.10000e-01
2.07600e-06	1.53702e-01	1.10000e-01
3.28700e-06	1.48367e-01	1.10000e-01
4.49800e-06	1.44785e-01	1.10000e-01
5.70900e-06	1.42085e-01	1.10000e-01
6.65000e-06	3.92713e-01	4.00000e-01
1.59600e-05	3.59711e-01	4.00000e-01
2.52700e-05	3.43008e-01	4.00000e-01
3.45800e-05	3.31875e-01	4.00000e-01
4.38900e-05	3.23546e-01	4.00000e-01
1.01000e-06	1.62303e-01	1.10000e-01
2.42400e-06	1.51889e-01	1.10000e-01
3.83800e-06	1.46592e-01	1.10000e-01
5.25200e-06	1.43028e-01	1.10000e-01
6.66600e-06	1.40339e-01	1.10000e-01
8.50000e-06	3.83320e-01	4.00000e-01
2.04000e-05	3.50730e-01	4.00000e-01
3.23000e-05	3.34278e-01	4.00000e-01
4.42000e-05	3.23302e-01	4.00000e-01
5.61000e-05	3.15076e-01	4.00000e-01
1.21500e-06	1.60072e-01	1.10000e-01
2.91600e-06	1.49746e-01	1.10000e-01
4.61700e-06	1.44488e-01	1.10000e-01
6.31800e-06	1.40942e-01	1.10000e-01
8.01900e-06	1.38265e-01	1.10000e-01
1.10000e-05	3.73568e-01	4.00000e-01
2.64000e-05	3.41442e-01	4.00000e-01
4.18000e-05	3.25242e-01	4.00000e-01
5.72000e-05	3.14410e-01	4.00000e-01
7.26000e-05	3.06282e-01	4.00000e-01
1.03500e-06	2.12270e-01	1.50000e-01
2.48400e-06	1.98100e-01	1.50000e-01
3.93300e-06	1.90905e-01	1.50000e-01
5.38200e-06	1.86076e-01	1.50000e-01
6.83100e-06	1.82438e-01	1.50000e-01
1.84000e-05	3.54490e-01	4.00000e-01
4.41600e-05	3.23333e-01	4.00000e-01
6.99200e-05	3.07558e-01	4.00000e-01
9.56800e-05	2.96980e-01	4.00000e-01
1.21440e-04	2.89049e-01	4.00000e-01
1.18000e-06	2.10114e-01	1.50000e-01
2.83200e-06	1.96031e-01	1.50000e-01
4.48400e-06	1.88880e-01	1.50000e-01
6.13600e-06	1.84072e-01	1.50000e-01
7.78800e-06	1.80449e-01	1.50000e-01
4.41500e-05	3.23341e-01	4.00000e-01
1.05960e-04	2.93573e-01	4.00000e-01
1.67770e-04	2.78465e-01	4.00000e-01
2.29580e-04	2.68385e-01	4.00000e-01
2.91390e-04	2.60843e-01	4.00000e-01
1.38000e-06	2.07553e-01	1.50000e-01
3.31200e-06	1.93577e-01	1.50000e-01
5.24400e-06	1.86474e-01	1.50000e-01
7.17600e-06	1.81690e-01	1.50000e-01
9.10800e-06	1.78082e-01	1.50000e-01
8.80000e-05	2.99787e-01	4.00000e-01
2.11200e-04	2.71049e-01	4.00000e-01
3.34400e-04	2.56528e-01	4.00000e-01
4.57600e-04	2.46792e-01	4.00000e-01
5.80800e-04	2.39465e-01	4.00000e-01
1.65500e-06	2.04602e-01	1.50000e-01
3.97200e-06	1.90752e-01	1.50000e-01
6.28900e-06	1.83697e-01	1.50000e-01
8.60600e-06	1.78938e-01	1.50000e-01
1.09230e-05	1.75350e-01	1.50000e-01
1.47000e-04	2.82769e-01	4.00000e-01
3.52800e-04	2.54857e-01	4.00000e-01
5.58600e-04	2.40659e-01	4.00000e-01
7.64400e-04	2.31095e-01	4.00000e-01
9.70200e-04	2.23897e-01	4.00000e-01
2.07000e-06	2.01003e-01	1.50000e-01
4.96800e-06	1.87303e-01	1.50000e-01
7.86600e-06	1.80298e-01	1.50000e-01
1.07640e-05	1.75570e-01	1.50000e-01
1.36620e-05	1.72009e-01	1.50000e-01
3.15500e-04	2.58348e-01	4.00000e-01
7.57200e-04	2.31382e-01	4.00000e-01
1.19890e-03	2.17563e-01	4.00000e-01
1.64060e-03	2.08271e-01	4.00000e-01
2.08230e-03	2.01270e-01	4.00000e-01
2.51000e-06	1.97936e-01	1.50000e-01
6.02400e-06	1.84353e-01	1.50000e-01
9.53800e-06	1.77387e-01	1.50000e-01
1.30520e-05	1.72689e-01	1.50000e-01
1.65660e-05	1.69155e-01	1.50000e-01
3.66000e-06	4.88908e-01	5.00000e-01
8.78400e-06	4.47218e-01	5.00000e-01
1.39080e-05	4.26125e-01	5.00000e-01
1.90320e-05	4.12047e-01	5.00000e-01
2.41560e-05	4.01539e-01	5.00000e-01
1.57500e-06	2.61316e-01	2.00000e-01
3.78000e-06	2.42893e-01	2.00000e-01
5.98500e-06	2.33547e-01	2.00000e-01
8.19000e-06	2.27260e-01	2.00000e-01
1.03950e-05	2.22525e-01	2.00000e-01
4.30000e-06	4.81062e-01	5.00000e-01
1.03200e-05	4.39762e-01	5.00000e-01
1.63400e-05	4.18857e-01	5.00000e-01
2.23600e-05	4.04926e-01	5.00000e-01
2.83800e-05	3.94533e-01	5.00000e-01
1.84000e-06	2.57980e-01	2.00000e-01
4.41600e-06	2.39709e-01	2.00000e-01
6.99200e-06	2.30422e-01	2.00000e-01
9.56800e-06	2.24167e-01	2.00000e-01
1.21440e-05	2.19457e-01	2.00000e-01
7.90000e-06	4.52159e-01	5.00000e-01
1.89600e-05	4.12216e-01	5.00000e-01
3.00200e-05	3.92109e-01	5.00000e-01
4.10800e-05	3.78734e-01	5.00000e-01
5.21400e-05	3.68734e-01	5.00000e-01
2.20500e-06	2.54131e-01	2.00000e-01
5.29200e-06	2.36032e-01	2.00000e-01
8.37900e-06	2.26805e-01	2.00000e-01
1.14660e-05	2.20588e-01	2.00000e-01
1.45530e-05	2.15912e-01	2.00000e-01
1.06000e-05	4.38529e-01	5.00000e-01
2.54400e-05	3.99279e-01	5.00000e-01
4.02800e-05	3.79565e-01	5.00000e-01
5.51200e-05	3.66422e-01	5.00000e-01
6.99600e-05	3.56578e-01	5.00000e-01
2.76000e-06	2.49409e-01	2.00000e-01
6.62400e-06	2.31506e-01	2.00000e-01
1.04880e-05	2.22348e-01	2.00000e-01
1.43520e-05	2.16184e-01	2.00000e-01
1.82160e-05	2.11553e-01	2.00000e-01
1.38000e-05	4.26478e-01	5.00000e-01
3.31200e-05	3.87889e-01	5.00000e-01
5.24400e-05	3.68495e-01	5.00000e-01
7.17600e-05	3.55536e-01	5.00000e-01
9.10800e-05	3.45826e-01	5.00000e-01
3.34500e-06	2.45413e-01	2.00000e-01
8.02800e-06	2.27658e-01	2.00000e-01
1.27110e-05	2.18561e-01	2.00000e-01
1.73940e-05	2.12446e-01	2.00000e-01
2.20770e-05	2.07857e-01	2.00000e-01
1.99000e-05	4.10069e-01	5.00000e-01
4.77600e-05	3.72399e-01	5.00000e-01
7.56200e-05	3.53392e-01	5.00000e-01
1.03480e-04	3.40678e-01	5.00000e-01
1.31340e-04	3.31165e-01	5.00000e-01
4.24500e-06	2.40516e-01	2.00000e-01
1.01880e-05	2.22923e-01	2.00000e-01
1.61310e-05	2.13908e-01	2.00000e-01
2.20740e-05	2.07859e-01	2.00000e-01
2.80170e-05	2.03321e-01	2.00000e-01
5.00000e-05	3.70483e-01	5.00000e-01
1.20000e-04	3.34752e-01	5.00000e-01
1.90000e-04	3.16715e-01	5.00000e-01
2.60000e-04	3.04716e-01	5.00000e-01
3.30000e-04	2.95749e-01	5.00000e-01
5.50000e-06	2.35253e-01	2.00000e-01
1.32000e-05	2.17821e-01	2.00000e-01
2.09000e-05	2.08907e-01	2.00000e-01
2.86000e-05	2.02932e-01	2.00000e-01
3.63000e-05	1.98445e-01	2.00000e-01
1.25500e-04	3.32969e-01	5.00000e-01
3.01200e-04	2.99169e-01	5.00000e-01
4.76900e-04	2.82114e-01	5.00000e-01
6.52600e-04	2.70669e-01	5.00000e-01
8.28300e-04	2.62070e-01	5.00000e-01
1.99000e-05	2.09849e-01	2.00000e-01
4.77600e-05	1.93330e-01	2.00000e-01
7.56200e-05	1.84858e-01	2.00000e-01
1.03480e-04	1.79142e-01	2.00000e-01
1.31340e-04	1.74841e-01	2.00000e-01
1.84000e-04	3.17957e-01	5.00000e-01
4.41600e-04	2.84943e-01	5.00000e-01
6.99200e-04	2.68172e-01	5.00000e-01
9.56800e-04	2.56913e-01	5.00000e-01
1.21440e-03	2.48465e-01	5.00000e-01
1.25500e-04	1.75659e-01	2.00000e-01
3.01200e-04	1.60185e-01	2.00000e-01
4.76900e-04	1.52216e-01	2.00000e-01
6.52600e-04	1.46803e-01	2.00000e-01
8.28300e-04	1.42701e-01	2.00000e-01
4.00000e-04	2.88596e-01	5.00000e-01
9.60000e-04	2.56794e-01	5.00000e-01
1.52000e-03	2.40602e-01	5.00000e-01
2.08000e-03	2.29738e-01	5.00000e-01
2.64000e-03	2.21545e-01	5.00000e-01
1.97000e-06	3.07159e-01	2.50000e-01
4.72800e-06	2.84562e-01	2.50000e-01
7.48600e-06	2.73097e-01	2.50000e-01
1.02440e-05	2.65387e-01	2.50000e-01
1.30020e-05	2.59589e-01	2.50000e-01
1.60000e-03	2.38816e-01	5.00000e-01
3.84000e-03	2.08697e-01	5.00000e-01
6.08000e-03	1.92876e-01	5.00000e-01
8.32000e-03	1.82017e-01	5.00000e-01
1.05600e-02	1.73722e-01	5.00000e-01
2.30000e-06	3.03077e-01	2.50000e-01
5.52000e-06	2.80673e-01	2.50000e-01
8.74000e-06	2.69279e-01	2.50000e-01
1.19600e-05	2.61614e-01	2.50000e-01
1.51800e-05	2.55855e-01	2.50000e-01
4.76000e-06	5.70942e-01	6.50000e-01
1.14240e-05	5.19116e-01	6.50000e-01
1.80880e-05	4.93007e-01	6.50000e-01
2.47520e-05	4.75667e-01	6.50000e-01
3.14160e-05	4.62760e-01	6.50000e-01
2.76000e-06	2.98319e-01	2.50000e-01
6.62400e-06	2.76128e-01	2.50000e-01
1.04880e-05	2.64812e-01	2.50000e-01
1.43520e-05	2.57204e-01	2.50000e-01
1.82160e-05	2.51494e-01	2.50000e-01
5.60000e-06	5.61104e-01	6.50000e-01
1.34400e-05	5.09792e-01	6.50000e-01
2.12800e-05	4.83971e-01	6.50000e-01
2.91200e-05	4.66844e-01	6.50000e-01
3.69600e-05	4.54093e-01	6.50000e-01
3.45000e-06	2.92566e-01	2.50000e-01
8.28000e-06	2.70609e-01	2.50000e-01
1.31100e-05	2.59389e-01	2.50000e-01
1.79400e-05	2.51858e-01	2.50000e-01
2.27700e-05	2.46212e-01	2.50000e-01
7.90000e-06	5.40616e-01	6.50000e-01
1.89600e-05	4.90378e-01	6.50000e-01
3.00200e-05	4.65203e-01	6.50000e-01
4.10800e-05	4.48510e-01	6.50000e-01
5.21400e-05	4.36061e-01	6.50000e-01
4.18000e-06	2.87675e-01	2.50000e-01
1.00320e-05	2.65898e-01	2.50000e-01
1.58840e-05	2.54767e-01	2.50000e-01
2.17360e-05	2.47307e-01	2.50000e-01
2.75880e-05	2.41717e-01	2.50000e-01
8.20000e-06	5.38423e-01	6.50000e-01
1.96800e-05	4.88304e-01	6.50000e-01
3.11600e-05	4.63199e-01	6.50000e-01
4.26400e-05	4.46551e-01	6.50000e-01
5.41200e-05	4.34131e-01	6.50000e-01
5.30000e-06	2.81692e-01	2.50000e-01
1.27200e-05	2.60120e-01	2.50000e-01
2.01400e-05	2.49110e-01	2.50000e-01
2.75600e-05	2.41740e-01	2.50000e-01
3.49800e-05	2.36215e-01	2.50000e-01
1.99000e-05	4.87686e-01	6.50000e-01
4.77600e-05	4.40620e-01	6.50000e-01
7.56200e-05	4.17007e-01	6.50000e-01
1.03480e-04	4.01259e-01	6.50000e-01
1.31340e-04	3.89500e-01	6.50000e-01
6.90000e-06	2.75115e-01	2.50000e-01
1.65600e-05	2.53769e-01	2.50000e-01
2.62200e-05	2.42904e-01	2.50000e-01
3.58800e-05	2.35630e-01	2.50000e-01
4.55400e-05	2.30167e-01	2.50000e-01
2.99000e-05	4.65419e-01	6.50000e-01
7.17600e-05	4.19667e-01	6.50000e-01
1.13620e-04	3.96626e-01	6.50000e-01
1.55480e-04	3.81297e-01	6.50000e-01
1.97340e-04	3.69881e-01	6.50000e-01
1.15000e-05	2.62568e-01	2.50000e-01
2.76000e-05	2.41707e-01	2.50000e-01
4.37000e-05	2.31109e-01	2.50000e-01
5.98000e-05	2.23985e-01	2.50000e-01
7.59000e-05	2.18620e-01	2.50000e-01
5.00000e-05	4.38235e-01	6.50000e-01
1.20000e-04	3.93931e-01	6.50000e-01
1.90000e-04	3.71682e-01	6.50000e-01
2.60000e-04	3.56932e-01	6.50000e-01
3.30000e-04	3.45940e-01	6.50000e-01
1.99000e-05	2.49394e-01	2.50000e-01
4.77600e-05	2.29083e-01	2.50000e-01
7.56200e-05	2.18703e-01	2.50000e-01
1.03480e-04	2.11713e-01	2.50000e-01
1.31340e-04	2.06459e-01	2.50000e-01
1.25500e-04	3.91728e-01	6.50000e-01
3.01200e-04	3.50130e-01	6.50000e-01
4.76900e-04	3.29276e-01	6.50000e-01
6.52600e-04	3.15335e-01	6.50000e-01
8.28300e-04	3.04887e-01	6.50000e-01
5.50000e-05	2.25878e-01	2.50000e-01
1.32000e-04	2.06349e-01	2.50000e-01
2.09000e-04	1.96385e-01	2.50000e-01
2.86000e-04	1.89699e-01	2.50000e-01
3.63000e-04	1.84666e-01	2.50000e-01
2.39000e-04	3.60859e-01	6.50000e-01
5.73600e-04	3.21044e-01	6.50000e-01
9.08200e-04	3.00887e-01	6.50000e-01
1.24280e-03	2.87425e-01	6.50000e-01
1.57740e-03	2.77360e-01	6.50000e-01
1.25500e-04	2.07457e-01	2.50000e-01
3.01200e-04	1.88603e-01	2.50000e-01
4.76900e-04	1.78940e-01	2.50000e-01
6.52600e-04	1.72395e-01	2.50000e-01
8.28300e-04	1.67445e-01	2.50000e-01
4.00000e-04	3.37191e-01	6.50000e-01
9.60000e-04	2.98488e-01	6.50000e-01
1.52000e-03	2.78916e-01	6.50000e-01
2.08000e-03	2.65846e-01	6.50000e-01
2.64000e-03	2.56025e-01	6.50000e-01
1.97000e-04	1.97655e-01	2.50000e-01
4.72800e-04	1.79121e-01	2.50000e-01
7.48600e-04	1.69542e-01	2.50000e-01
1.02440e-03	1.63054e-01	2.50000e-01
1.30020e-03	1.58153e-01	2.50000e-01
1.60000e-03	2.76764e-01	6.50000e-01
3.84000e-03	2.40684e-01	6.50000e-01
6.08000e-03	2.21884e-01	6.50000e-01
8.32000e-03	2.09019e-01	6.50000e-01
1.05600e-02	1.99201e-01	6.50000e-01
7.90000e-04	1.68426e-01	2.50000e-01
1.89600e-03	1.50443e-01	2.50000e-01
3.00200e-03	1.41043e-01	2.50000e-01
4.10800e-03	1.34569e-01	2.50000e-01
5.21400e-03	1.29612e-01	2.50000e-01
6.20000e-06	6.62295e-01	8.50000e-01
1.48800e-05	5.98130e-01	8.50000e-01
2.35600e-05	5.66032e-01	8.50000e-01
3.22400e-05	5.44816e-01	8.50000e-01
4.09200e-05	5.29057e-01	8.50000e-01
2.56000e-06	3.89543e-01	3.50000e-01
6.14400e-06	3.58890e-01	3.50000e-01
9.72800e-06	3.43353e-01	3.50000e-01
1.33120e-05	3.32930e-01	3.50000e-01
1.68960e-05	3.25116e-01	3.50000e-01
6.90000e-06	6.54250e-01	8.50000e-01
1.65600e-05	5.90553e-01	8.50000e-01
2.62200e-05	5.58733e-01	8.50000e-01
3.58800e-05	5.37708e-01	8.50000e-01
4.55400e-05	5.22082e-01	8.50000e-01
2.56000e-06	3.89543e-01	3.50000e-01
6.14400e-06	3.58890e-01	3.50000e-01
9.72800e-06	3.43353e-01	3.50000e-01
1.33120e-05	3.32930e-01	3.50000e-01
1.68960e-05	3.25116e-01	3.50000e-01
1.00000e-05	6.26792e-01	8.50000e-01
2.40000e-05	5.64765e-01	8.50000e-01
3.80000e-05	5.33918e-01	8.50000e-01
5.20000e-05	5.13509e-01	8.50000e-01
6.60000e-05	4.98304e-01	8.50000e-01
3.05000e-06	3.83277e-01	3.50000e-01
7.32000e-06	3.52931e-01	3.50000e-01
1.15900e-05	3.37514e-01	3.50000e-01
1.58600e-05	3.27180e-01	3.50000e-01
2.01300e-05	3.19441e-01	3.50000e-01
1.00000e-05	6.26792e-01	8.50000e-01
2.40000e-05	5.64765e-01	8.50000e-01
3.80000e-05	5.33918e-01	8.50000e-01
5.20000e-05	5.13509e-01	8.50000e-01
6.60000e-05	4.98304e-01	8.50000e-01
3.31000e-06	3.80375e-01	3.50000e-01
7.94400e-06	3.50164e-01	3.50000e-01
1.25780e-05	3.34803e-01	3.50000e-01
1.72120e-05	3.24512e-01	3.50000e-01
2.18460e-05	3.16810e-01	3.50000e-01
1.99000e-05	5.77687e-01	8.50000e-01
4.77600e-05	5.18996e-01	8.50000e-01
7.56200e-05	4.89737e-01	8.50000e-01
1.03480e-04	4.70289e-01	8.50000e-01
1.31340e-04	4.55800e-01	8.50000e-01
4.14000e-06	3.72514e-01	3.50000e-01
9.93600e-06	3.42645e-01	3.50000e-01
1.57320e-05	3.27445e-01	3.50000e-01
2.15280e-05	3.17281e-01	3.50000e-01
2.73240e-05	3.09679e-01	3.50000e-01
2.50000e-05	5.61976e-01	8.50000e-01
6.00000e-05	5.04353e-01	8.50000e-01
9.50000e-05	4.75548e-01	8.50000e-01
1.30000e-04	4.56417e-01	8.50000e-01
1.65000e-04	4.42188e-01	8.50000e-01
5.00000e-06	3.65965e-01	3.50000e-01
1.20000e-05	3.36361e-01	3.50000e-01
1.90000e-05	3.21306e-01	3.50000e-01
2.60000e-05	3.11254e-01	3.50000e-01
3.30000e-05	3.03734e-01	3.50000e-01
5.00000e-05	5.16035e-01	8.50000e-01
1.20000e-04	4.61256e-01	8.50000e-01
1.90000e-04	4.33901e-01	8.50000e-01
2.60000e-04	4.15833e-01	8.50000e-01
3.30000e-04	4.02408e-01	8.50000e-01
6.35000e-06	3.57764e-01	3.50000e-01
1.52400e-05	3.28484e-01	3.50000e-01
2.41300e-05	3.13629e-01	3.50000e-01
3.30200e-05	3.03716e-01	3.50000e-01
4.19100e-05	2.96293e-01	3.50000e-01
1.25500e-04	4.58543e-01	8.50000e-01
3.01200e-04	4.07520e-01	8.50000e-01
4.76900e-04	3.82124e-01	8.50000e-01
6.52600e-04	3.65214e-01	8.50000e-01
8.28300e-04	3.52575e-01	8.50000e-01
8.25000e-06	3.48889e-01	3.50000e-01
1.98000e-05	3.19974e-01	3.50000e-01
3.13500e-05	3.05344e-01	3.50000e-01
4.29000e-05	2.95571e-01	3.50000e-01
5.44500e-05	2.88241e-01	3.50000e-01
4.00000e-04	3.91748e-01	8.50000e-01
9.60000e-04	3.44850e-01	8.50000e-01
1.52000e-03	3.21296e-01	8.50000e-01
2.08000e-03	3.05645e-01	8.50000e-01
2.64000e-03	2.93930e-01	8.50000e-01
1.60000e-05	3.26893e-01	3.50000e-01
3.84000e-05	2.99006e-01	3.50000e-01
6.08000e-05	2.84875e-01	3.50000e-01
8.32000e-05	2.75389e-01	3.50000e-01
1.05600e-04	2.68265e-01	3.50000e-01
1.60000e-03	3.18715e-01	8.50000e-01
3.84000e-03	2.75707e-01	8.50000e-01
6.08000e-03	2.53490e-01	8.50000e-01
8.32000e-03	2.38351e-01	8.50000e-01
1.05600e-02	2.26824e-01	8.50000e-01
8.80000e-06	7.87992e-01	1.20000e+00
2.11200e-05	7.05002e-01	1.20000e+00
3.34400e-05	6.63963e-01	1.20000e+00
4.57600e-05	6.36960e-01	1.20000e+00
5.80800e-05	6.16933e-01	1.20000e+00
4.00000e-05	9.96910e-01	2.70000e+00
9.60000e-05	8.68316e-01	2.70000e+00
1.52000e-04	8.05856e-01	2.70000e+00
2.08000e-04	7.65199e-01	2.70000e+00
2.64000e-04	7.35363e-01	2.70000e+00
1.00000e-05	7.75507e-01	1.20000e+00
2.40000e-05	6.93404e-01	1.20000e+00
3.80000e-05	6.52863e-01	1.20000e+00
5.20000e-05	6.26171e-01	1.20000e+00
6.60000e-05	6.06358e-01	1.20000e+00
4.00000e-05	9.96910e-01	2.70000e+00
9.60000e-05	8.68316e-01	2.70000e+00
1.52000e-04	8.05856e-01	2.70000e+00
2.08000e-04	7.65199e-01	2.70000e+00
2.64000e-04	7.35363e-01	2.70000e+00
1.00000e-05	7.75507e-01	1.20000e+00
2.40000e-05	6.93404e-01	1.20000e+00
3.80000e-05	6.52863e-01	1.20000e+00
5.20000e-05	6.26171e-01	1.20000e+00
6.60000e-05	6.06358e-01	1.20000e+00
6.50000e-05	9.23994e-01	2.70000e+00
1.56000e-04	8.02427e-01	2.70000e+00
2.47000e-04	7.43602e-01	2.70000e+00
3.38000e-04	7.05375e-01	2.70000e+00
4.29000e-04	6.77285e-01	2.70000e+00
1.60000e-05	7.30666e-01	1.20000e+00
3.84000e-05	6.51960e-01	1.20000e+00
6.08000e-05	6.13134e-01	1.20000e+00
8.32000e-05	5.87475e-01	1.20000e+00
1.05600e-04	5.68404e-01	1.20000e+00
1.00000e-04	8.62629e-01	2.70000e+00
2.40000e-04	7.47182e-01	2.70000e+00
3.80000e-04	6.91475e-01	2.70000e+00
5.20000e-04	6.55179e-01	2.70000e+00
6.60000e-04	6.28433e-01	2.70000e+00
1.60000e-05	7.30666e-01	1.20000e+00
3.84000e-05	6.51960e-01	1.20000e+00
6.08000e-05	6.13134e-01	1.20000e+00
8.32000e-05	5.87475e-01	1.20000e+00
1.05600e-04	5.68404e-01	1.20000e+00
1.60000e-04	7.99097e-01	2.70000e+00
3.84000e-04	6.90242e-01	2.70000e+00
6.08000e-04	6.37560e-01	2.70000e+00
8.32000e-04	6.03114e-01	2.70000e+00
1.05600e-03	5.77725e-01	2.70000e+00
3.15500e-05	6.69059e-01	1.20000e+00
7.57200e-05	5.95114e-01	1.20000e+00
1.19890e-04	5.58406e-01	1.20000e+00
1.64060e-04	5.34182e-01	1.20000e+00
2.08230e-04	5.16248e-01	1.20000e+00
2.50000e-04	7.42102e-01	2.70000e+00
6.00000e-04	6.39041e-01	2.70000e+00
9.50000e-04	5.88905e-01	2.70000e+00
1.30000e-03	5.56151e-01	2.70000e+00
1.65000e-03	5.32053e-01	2.70000e+00
4.00000e-05	6.48446e-01	1.20000e+00
9.60000e-05	5.75983e-01	1.20000e+00
1.52000e-04	5.40014e-01	1.20000e+00
2.08000e-04	5.16330e-01	1.20000e+00
2.64000e-04	4.98810e-01	1.20000e+00
4.00000e-04	6.85449e-01	2.70000e+00
9.60000e-04	5.87793e-01	2.70000e+00
1.52000e-03	5.40271e-01	2.70000e+00
2.08000e-03	5.09282e-01	2.70000e+00
2.64000e-03	4.86441e-01	2.70000e+00
6.50000e-05	6.07615e-01	1.20000e+00
1.56000e-04	5.38025e-01	1.20000e+00
2.47000e-04	5.03661e-01	1.20000e+00
3.38000e-04	4.81068e-01	1.20000e+00
4.29000e-04	4.64312e-01	1.20000e+00
6.50000e-04	6.30125e-01	2.70000e+00
1.56000e-03	5.37662e-01	2.70000e+00
2.47000e-03	4.92761e-01	2.70000e+00
3.38000e-03	4.63323e-01	2.70000e+00
4.29000e-03	4.41462e-01	2.70000e+00
7.90000e-05	5.91668e-01	1.20000e+00
1.89600e-04	5.23249e-01	1.20000e+00
3.00200e-04	4.89533e-01	1.20000e+00
4.10800e-04	4.67334e-01	1.20000e+00
5.21400e-04	4.50840e-01	1.20000e+00
1.00000e-03	5.83467e-01	2.70000e+00
2.40000e-03	4.95504e-01	2.70000e+00
3.80000e-03	4.52534e-01	2.70000e+00
5.20000e-03	4.24090e-01	2.70000e+00
6.60000e-03	4.02849e-01	2.70000e+00
1.99000e-04	5.19626e-01	1.20000e+00
4.77600e-04	4.56875e-01	1.20000e+00
7.56200e-04	4.25700e-01	1.20000e+00
1.03480e-03	4.05036e-01	1.20000e+00
1.31340e-03	3.89684e-01	1.20000e+00
2.50000e-03	4.91612e-01	2.70000e+00
6.00000e-03	4.11305e-01	2.70000e+00
9.50000e-03	3.70929e-01	2.70000e+00
1.30000e-02	3.43771e-01	2.70000e+00
1.65000e-02	3.23107e-01	2.70000e+00
6.50000e-04	4.35849e-01	1.20000e+00
1.56000e-03	3.78800e-01	1.20000e+00
2.47000e-03	3.50468e-01	1.20000e+00
3.38000e-03	3.31601e-01	1.20000e+00
4.29000e-03	3.17416e-01	1.20000e+00
2.50000e-03	3.49736e-01	1.20000e+00
6.00000e-03	2.97606e-01	1.20000e+00
9.50000e-03	2.70662e-01	1.20000e+00
1.30000e-02	2.52263e-01	1.20000e+00
1.65000e-02	2.38113e-01	1.20000e+00
2.03000e-05	1.26231e+00	3.50000e+00
4.87200e-05	1.09581e+00	3.50000e+00
7.71400e-05	1.01568e+00	3.50000e+00
1.05560e-04	9.63571e-01	3.50000e+00
1.33980e-04	9.25330e-01	3.50000e+00
9.25000e-06	8.94065e-01	1.50000e+00
2.22000e-05	7.95546e-01	1.50000e+00
3.51500e-05	7.47090e-01	1.50000e+00
4.81000e-05	7.15298e-01	1.50000e+00
6.10500e-05	6.91768e-01	1.50000e+00
2.16000e-05	1.24986e+00	3.50000e+00
5.18400e-05	1.08471e+00	3.50000e+00
8.20800e-05	1.00521e+00	3.50000e+00
1.12320e-04	9.53501e-01	3.50000e+00
1.42560e-04	9.15567e-01	3.50000e+00
1.10000e-05	8.73952e-01	1.50000e+00
2.64000e-05	7.77004e-01	1.50000e+00
4.18000e-05	7.29405e-01	1.50000e+00
5.72000e-05	6.98145e-01	1.50000e+00
7.26000e-05	6.74987e-01	1.50000e+00
2.30000e-05	1.23737e+00	3.50000e+00
5.52000e-05	1.07358e+00	3.50000e+00
8.74000e-05	9.94689e-01	3.50000e+00
1.19600e-04	9.43394e-01	3.50000e+00
1.51800e-04	9.05771e-01	3.50000e+00
1.60000e-05	8.31480e-01	1.50000e+00
3.84000e-05	7.38025e-01	1.50000e+00
6.08000e-05	6.92169e-01	1.50000e+00
8.32000e-05	6.61970e-01	1.50000e+00
1.05600e-04	6.39577e-01	1.50000e+00
2.56000e-05	1.21631e+00	3.50000e+00
6.14400e-05	1.05478e+00	3.50000e+00
9.72800e-05	9.76945e-01	3.50000e+00
1.33120e-04	9.26347e-01	3.50000e+00
1.68960e-04	8.89256e-01	3.50000e+00
1.60000e-05	8.31480e-01	1.50000e+00
3.84000e-05	7.38025e-01	1.50000e+00
6.08000e-05	6.92169e-01	1.50000e+00
8.32000e-05	6.61970e-01	1.50000e+00
1.05600e-04	6.39577e-01	1.50000e+00
2.65500e-05	1.20921e+00	3.50000e+00
6.37200e-05	1.04845e+00	3.50000e+00
1.00890e-04	9.70962e-01	3.50000e+00
1.38060e-04	9.20602e-01	3.50000e+00
1.75230e-04	8.83691e-01	3.50000e+00
2.50000e-05	7.82800e-01	1.50000e+00
6.00000e-05	6.93463e-01	1.50000e+00
9.50000e-05	6.49453e-01	1.50000e+00
1.30000e-04	6.20453e-01	1.50000e+00
1.65000e-04	5.98996e-01	1.50000e+00
2.86500e-05	1.19448e+00	3.50000e+00
6.87600e-05	1.03530e+00	3.50000e+00
1.08870e-04	9.58552e-01	3.50000e+00
1.48980e-04	9.08688e-01	3.50000e+00
1.89090e-04	8.72154e-01	3.50000e+00
4.00000e-05	7.33868e-01	1.50000e+00
9.60000e-05	6.48471e-01	1.50000e+00
1.52000e-04	6.06323e-01	1.50000e+00
2.08000e-04	5.78655e-01	1.50000e+00
2.64000e-04	5.58232e-01	1.50000e+00
4.00000e-05	1.13166e+00	3.50000e+00
9.60000e-05	9.79127e-01	3.50000e+00
1.52000e-04	9.05567e-01	3.50000e+00
2.08000e-04	8.57877e-01	3.50000e+00
2.64000e-04	8.22975e-01	3.50000e+00
6.50000e-05	6.85666e-01	1.50000e+00
1.56000e-04	6.03997e-01	1.50000e+00
2.47000e-04	5.63882e-01	1.50000e+00
3.38000e-04	5.37594e-01	1.50000e+00
4.29000e-04	5.18150e-01	1.50000e+00
4.00000e-05	1.13166e+00	3.50000e+00
9.60000e-05	9.79127e-01	3.50000e+00
1.52000e-04	9.05567e-01	3.50000e+00
2.08000e-04	8.57877e-01	3.50000e+00
2.64000e-04	8.22975e-01	3.50000e+00
1.00000e-04	6.44652e-01	1.50000e+00
2.40000e-04	5.66335e-01	1.50000e+00
3.80000e-04	5.27987e-01	1.50000e+00
5.20000e-04	5.02763e-01	1.50000e+00
6.60000e-04	4.84040e-01	1.50000e+00
6.50000e-05	1.04500e+00	3.50000e+00
1.56000e-04	9.01540e-01	3.50000e+00
2.47000e-04	8.32604e-01	3.50000e+00
3.38000e-04	7.87976e-01	3.50000e+00
4.29000e-04	7.55272e-01	3.50000e+00
1.60000e-04	6.01736e-01	1.50000e+00
3.84000e-04	5.27134e-01	1.50000e+00
6.08000e-04	4.90443e-01	1.50000e+00
8.32000e-04	4.66205e-01	1.50000e+00
1.05600e-03	4.48216e-01	1.50000e+00
1.00000e-04	9.72415e-01	3.50000e+00
2.40000e-04	8.36791e-01	3.50000e+00
3.80000e-04	7.71783e-01	3.50000e+00
5.20000e-04	7.29594e-01	3.50000e+00
6.60000e-04	6.98603e-01	3.50000e+00
2.50000e-04	5.62854e-01	1.50000e+00
6.00000e-04	4.91480e-01	1.50000e+00
9.50000e-04	4.56150e-01	1.50000e+00
1.30000e-03	4.32850e-01	1.50000e+00
1.65000e-03	4.15598e-01	1.50000e+00
1.60000e-04	8.97629e-01	3.50000e+00
3.84000e-04	7.70348e-01	3.50000e+00
6.08000e-04	7.09170e-01	3.50000e+00
8.32000e-04	6.69347e-01	3.50000e+00
1.05600e-03	6.40090e-01	3.50000e+00
4.00000e-04	5.23814e-01	1.50000e+00
9.60000e-04	4.55362e-01	1.50000e+00
1.52000e-03	4.21492e-01	1.50000e+00
2.08000e-03	3.99205e-01	1.50000e+00
2.64000e-03	3.82657e-01	1.50000e+00
2.50000e-04	8.30851e-01	3.50000e+00
6.00000e-04	7.10885e-01	3.50000e+00
9.50000e-04	6.52964e-01	3.50000e+00
1.30000e-03	6.15292e-01	3.50000e+00
1.65000e-03	5.87658e-01	3.50000e+00
5.00000e-04	5.05879e-01	1.50000e+00
1.20000e-03	4.38731e-01	1.50000e+00
1.90000e-03	4.05571e-01	1.50000e+00
2.60000e-03	3.83708e-01	1.50000e+00
3.30000e-03	3.67410e-01	1.50000e+00
4.00000e-04	7.64769e-01	3.50000e+00
9.60000e-04	6.51682e-01	3.50000e+00
1.52000e-03	5.97074e-01	3.50000e+00
2.08000e-03	5.61609e-01	3.50000e+00
2.64000e-03	5.35546e-01	3.50000e+00
1.60000e-03	4.17803e-01	1.50000e+00
3.84000e-03	3.57159e-01	1.50000e+00
6.08000e-03	3.26441e-01	1.50000e+00
8.32000e-03	3.05719e-01	1.50000e+00
1.05600e-02	2.90051e-01	1.50000e+00
6.50000e-04	7.00561e-01	3.50000e+00
1.56000e-03	5.94083e-01	3.50000e+00
2.47000e-03	5.42751e-01	3.50000e+00
3.38000e-03	5.09244e-01	3.50000e+00
4.29000e-03	4.84452e-01	3.50000e+00
6.50000e-04	4.85227e-01	1.50000e+00
1.56000e-03	4.19622e-01	1.50000e+00
2.47000e-03	3.87247e-01	1.50000e+00
3.38000e-03	3.65785e-01	1.50000e+00
4.29000e-03	3.49706e-01	1.50000e+00
1.00000e-03	6.46700e-01	3.50000e+00
2.40000e-03	5.45879e-01	3.50000e+00
3.80000e-03	4.96998e-01	3.50000e+00
5.20000e-03	4.64812e-01	3.50000e+00
6.60000e-03	4.40873e-01	3.50000e+00
1.23500e-05	1.01269e+00	2.00000e+00
2.96400e-05	8.93632e-01	2.00000e+00
4.69300e-05	8.35598e-01	2.00000e+00
6.42200e-05	7.97616e-01	2.00000e+00
8.15100e-05	7.69555e-01	2.00000e+00
4.00000e-03	4.91676e-01	3.50000e+00
9.60000e-03	4.04028e-01	3.50000e+00
1.52000e-02	3.59627e-01	3.50000e+00
2.08000e-02	3.29142e-01	3.50000e+00
2.64000e-02	3.05432e-01	3.50000e+00
1.46500e-05	9.88597e-01	2.00000e+00
3.51600e-05	8.71715e-01	2.00000e+00
5.56700e-05	8.14763e-01	2.00000e+00
7.61800e-05	7.77446e-01	2.00000e+00
9.66900e-05	7.49866e-01	2.00000e+00
2.61000e-05	1.36917e+00	4.50000e+00
6.26400e-05	1.17941e+00	4.50000e+00
9.91800e-05	1.08854e+00	4.50000e+00
1.35720e-04	1.02972e+00	4.50000e+00
1.72260e-04	9.86718e-01	4.50000e+00
1.63500e-05	9.73327e-01	2.00000e+00
3.92400e-05	8.57846e-01	2.00000e+00
6.21300e-05	8.01564e-01	2.00000e+00
8.50200e-05	7.64662e-01	2.00000e+00
1.07910e-04	7.37389e-01	2.00000e+00
2.96000e-05	1.34044e+00	4.50000e+00
7.10400e-05	1.15397e+00	4.50000e+00
1.12480e-04	1.06463e+00	4.50000e+00
1.53920e-04	1.00684e+00	4.50000e+00
1.95360e-04	9.64616e-01	4.50000e+00
2.50000e-05	9.15905e-01	2.00000e+00
6.00000e-05	8.05742e-01	2.00000e+00
9.50000e-05	7.51883e-01	2.00000e+00
1.30000e-04	7.16552e-01	2.00000e+00
1.65000e-04	6.90487e-01	2.00000e+00
3.09000e-05	1.33074e+00	4.50000e+00
7.41600e-05	1.14537e+00	4.50000e+00
1.17420e-04	1.05656e+00	4.50000e+00
1.60680e-04	9.99116e-01	4.50000e+00
2.03940e-04	9.57160e-01	4.50000e+00
2.50000e-05	9.15905e-01	2.00000e+00
6.00000e-05	8.05742e-01	2.00000e+00
9.50000e-05	7.51883e-01	2.00000e+00
1.30000e-04	7.16552e-01	2.00000e+00
1.65000e-04	6.90487e-01	2.00000e+00
3.41500e-05	1.30841e+00	4.50000e+00
8.19600e-05	1.12557e+00	4.50000e+00
1.29770e-04	1.03797e+00	4.50000e+00
1.77580e-04	9.81339e-01	4.50000e+00
2.25390e-04	9.39993e-01	4.50000e+00
4.00000e-05	8.55441e-01	2.00000e+00
9.60000e-05	7.50684e-01	2.00000e+00
1.52000e-04	6.99380e-01	2.00000e+00
2.08000e-04	6.65836e-01	2.00000e+00
2.64000e-04	6.41146e-01	2.00000e+00
3.66000e-05	1.29312e+00	4.50000e+00
8.78400e-05	1.11201e+00	4.50000e+00
1.39080e-04	1.02524e+00	4.50000e+00
1.90320e-04	9.69174e-01	4.50000e+00
2.41560e-04	9.28247e-01	4.50000e+00
6.50000e-05	7.96179e-01	2.00000e+00
1.56000e-04	6.96556e-01	2.00000e+00
2.47000e-04	6.47970e-01	2.00000e+00
3.38000e-04	6.16263e-01	2.00000e+00
4.29000e-04	5.92886e-01	2.00000e+00
4.09000e-05	1.26892e+00	4.50000e+00
9.81600e-05	1.09053e+00	4.50000e+00
1.55420e-04	1.00509e+00	4.50000e+00
2.12680e-04	9.49926e-01	4.50000e+00
2.69940e-04	9.09661e-01	4.50000e+00
1.00000e-04	7.46025e-01	2.00000e+00
2.40000e-04	6.50934e-01	2.00000e+00
3.80000e-04	6.04704e-01	2.00000e+00
5.20000e-04	5.74439e-01	2.00000e+00
6.60000e-04	5.52055e-01	2.00000e+00
4.09000e-05	1.26892e+00	4.50000e+00
9.81600e-05	1.09053e+00	4.50000e+00
1.55420e-04	1.00509e+00	4.50000e+00
2.12680e-04	9.49926e-01	4.50000e+00
2.69940e-04	9.09661e-01	4.50000e+00
1.60000e-04	6.93812e-01	2.00000e+00
3.84000e-04	6.03678e-01	2.00000e+00
6.08000e-04	5.59702e-01	2.00000e+00
8.32000e-04	5.30796e-01	2.00000e+00
1.05600e-03	5.09413e-01	2.00000e+00
6.50000e-05	1.17189e+00	4.50000e+00
1.56000e-04	1.00442e+00	4.50000e+00
2.47000e-04	9.24496e-01	4.50000e+00
3.38000e-04	8.72944e-01	4.50000e+00
4.29000e-04	8.35266e-01	4.50000e+00
2.50000e-04	6.46729e-01	2.00000e+00
6.00000e-04	5.60942e-01	2.00000e+00
9.50000e-04	5.18837e-01	2.00000e+00
1.30000e-03	4.91193e-01	2.00000e+00
1.65000e-03	4.70788e-01	2.00000e+00
6.50000e-05	1.17189e+00	4.50000e+00
1.56000e-04	1.00442e+00	4.50000e+00
2.47000e-04	9.24496e-01	4.50000e+00
3.38000e-04	8.72944e-01	4.50000e+00
4.29000e-04	8.35266e-01	4.50000e+00
5.00000e-04	5.78172e-01	2.00000e+00
1.20000e-03	4.98161e-01	2.00000e+00
1.90000e-03	4.58955e-01	2.00000e+00
2.60000e-03	4.33231e-01	2.00000e+00
3.30000e-03	4.14136e-01	2.00000e+00
1.00000e-04	1.08697e+00	4.50000e+00
2.40000e-04	9.29340e-01	4.50000e+00
3.80000e-04	8.54278e-01	4.50000e+00
5.20000e-04	8.05748e-01	4.50000e+00
6.60000e-04	7.70202e-01	4.50000e+00
1.60000e-03	4.73393e-01	2.00000e+00
3.84000e-03	4.02162e-01	2.00000e+00
6.08000e-03	3.66451e-01	2.00000e+00
8.32000e-03	3.42492e-01	2.00000e+00
1.05600e-02	3.24443e-01	2.00000e+00
1.60000e-04	9.99876e-01	4.50000e+00
3.84000e-04	8.52624e-01	4.50000e+00
6.08000e-04	7.82311e-01	4.50000e+00
8.32000e-04	7.36733e-01	4.50000e+00
1.05600e-03	7.03352e-01	4.50000e+00
6.50000e-04	5.53473e-01	2.00000e+00
1.56000e-03	4.75542e-01	2.00000e+00
2.47000e-03	4.37387e-01	2.00000e+00
3.38000e-03	4.12236e-01	2.00000e+00
4.29000e-03	3.93474e-01	2.00000e+00
2.50000e-04	9.22468e-01	4.50000e+00
6.00000e-04	7.84277e-01	4.50000e+00
9.50000e-04	7.18029e-01	4.50000e+00
1.30000e-03	6.75127e-01	4.50000e+00
1.65000e-03	6.43750e-01	4.50000e+00
1.54500e-05	1.15283e+00	2.70000e+00
3.70800e-05	1.00868e+00	2.70000e+00
5.87100e-05	9.38938e-01	2.70000e+00
8.03400e-05	8.93435e-01	2.70000e+00
1.01970e-04	8.59921e-01	2.70000e+00
4.00000e-04	8.46199e-01	4.50000e+00
9.60000e-04	7.16566e-01	4.50000e+00
1.52000e-03	6.54433e-01	4.50000e+00
2.08000e-03	6.14245e-01	4.50000e+00
2.64000e-03	5.84795e-01	4.50000e+00
1.83000e-05	1.12376e+00	2.70000e+00
4.39200e-05	9.82541e-01	2.70000e+00
6.95400e-05	9.14176e-01	2.70000e+00
9.51600e-05	8.69543e-01	2.70000e+00
1.20780e-04	8.36678e-01	2.70000e+00
6.50000e-04	7.72444e-01	4.50000e+00
1.56000e-03	6.51039e-01	4.50000e+00
2.47000e-03	5.92928e-01	4.50000e+00
3.38000e-03	5.55154e-01	4.50000e+00
4.29000e-03	5.27298e-01	4.50000e+00
2.04500e-05	1.10500e+00	2.70000e+00
4.90800e-05	9.65677e-01	2.70000e+00
7.77100e-05	8.98187e-01	2.70000e+00
1.06340e-04	8.54117e-01	2.70000e+00
1.34970e-04	8.21679e-01	2.70000e+00
1.00000e-03	7.10885e-01	4.50000e+00
2.40000e-03	5.96462e-01	4.50000e+00
3.80000e-03	5.41384e-01	4.50000e+00
5.20000e-03	5.05294e-01	4.50000e+00
6.60000e-03	4.78555e-01	4.50000e+00
2.04500e-05	1.10500e+00	2.70000e+00
4.90800e-05	9.65677e-01	2.70000e+00
7.77100e-05	8.98187e-01	2.70000e+00
1.06340e-04	8.54117e-01	2.70000e+00
1.34970e-04	8.21679e-01	2.70000e+00
1.60000e-03	6.47742e-01	4.50000e+00
3.84000e-03	5.40161e-01	4.50000e+00
6.08000e-03	4.87696e-01	4.50000e+00
8.32000e-03	4.53089e-01	4.50000e+00
1.05600e-02	4.27315e-01	4.50000e+00
2.50000e-05	1.07169e+00	2.70000e+00
6.00000e-05	9.35732e-01	2.70000e+00
9.50000e-05	8.69779e-01	2.70000e+00
1.30000e-04	8.26723e-01	2.70000e+00
1.65000e-04	7.95063e-01	2.70000e+00
2.50000e-05	1.07169e+00	2.70000e+00
6.00000e-05	9.35732e-01	2.70000e+00
9.50000e-05	8.69779e-01	2.70000e+00
1.30000e-04	8.26723e-01	2.70000e+00
1.65000e-04	7.95063e-01	2.70000e+00
3.77000e-05	1.52013e+00	6.50000e+00
9.04800e-05	1.29422e+00	6.50000e+00
1.43260e-04	1.18702e+00	6.50000e+00
1.96040e-04	1.11816e+00	6.50000e+00
2.48820e-04	1.06810e+00	6.50000e+00
6.96000e-05	1.74725e+00	1.20000e+01
1.67040e-04	1.45749e+00	1.20000e+01
2.64480e-04	1.32272e+00	1.20000e+01
3.61920e-04	1.23702e+00	1.20000e+01
4.59360e-04	1.17501e+00	1.20000e+01
4.01500e-05	1.50287e+00	6.50000e+00
9.63600e-05	1.27908e+00	6.50000e+00
1.52570e-04	1.17292e+00	6.50000e+00
2.08780e-04	1.10476e+00	6.50000e+00
2.64990e-04	1.05519e+00	6.50000e+00
8.05000e-05	1.69598e+00	1.20000e+01
1.93200e-04	1.41359e+00	1.20000e+01
3.05900e-04	1.28237e+00	1.20000e+01
4.18600e-04	1.19887e+00	1.20000e+01
5.31300e-04	1.13841e+00	1.20000e+01
4.27500e-05	1.48583e+00	6.50000e+00
1.02600e-04	1.26414e+00	6.50000e+00
1.62450e-04	1.15901e+00	6.50000e+00
2.22300e-04	1.09153e+00	6.50000e+00
2.82150e-04	1.04246e+00	6.50000e+00
8.05000e-05	1.69598e+00	1.20000e+01
1.93200e-04	1.41359e+00	1.20000e+01
3.05900e-04	1.28237e+00	1.20000e+01
4.18600e-04	1.19887e+00	1.20000e+01
5.31300e-04	1.13841e+00	1.20000e+01
4.76000e-05	1.45703e+00	6.50000e+00
1.14240e-04	1.23888e+00	6.50000e+00
1.80880e-04	1.13550e+00	6.50000e+00
2.47520e-04	1.06918e+00	6.50000e+00
3.14160e-04	1.02095e+00	6.50000e+00
9.10000e-05	1.65376e+00	1.20000e+01
2.18400e-04	1.37749e+00	1.20000e+01
3.45800e-04	1.24917e+00	1.20000e+01
4.73200e-04	1.16747e+00	1.20000e+01
6.00600e-04	1.10828e+00	1.20000e+01
4.93000e-05	1.44773e+00	6.50000e+00
1.18320e-04	1.23072e+00	6.50000e+00
1.87340e-04	1.12792e+00	6.50000e+00
2.56360e-04	1.06196e+00	6.50000e+00
3.25380e-04	1.01400e+00	6.50000e+00
1.00000e-04	1.62188e+00	1.20000e+01
2.40000e-04	1.35027e+00	1.20000e+01
3.80000e-04	1.22413e+00	1.20000e+01
5.20000e-04	1.14376e+00	1.20000e+01
6.60000e-04	1.08553e+00	1.20000e+01
4.93000e-05	1.44773e+00	6.50000e+00
1.18320e-04	1.23072e+00	6.50000e+00
1.87340e-04	1.12792e+00	6.50000e+00
2.56360e-04	1.06196e+00	6.50000e+00
3.25380e-04	1.01400e+00	6.50000e+00
1.00000e-04	1.62188e+00	1.20000e+01
2.40000e-04	1.35027e+00	1.20000e+01
3.80000e-04	1.22413e+00	1.20000e+01
5.20000e-04	1.14376e+00	1.20000e+01
6.60000e-04	1.08553e+00	1.20000e+01
6.50000e-05	1.37611e+00	6.50000e+00
1.56000e-04	1.16798e+00	6.50000e+00
2.47000e-04	1.06961e+00	6.50000e+00
3.38000e-04	1.00651e+00	6.50000e+00
4.29000e-04	9.60570e-01	6.50000e+00
1.60000e-04	1.47071e+00	1.20000e+01
3.84000e-04	1.22138e+00	1.20000e+01
6.08000e-04	1.10531e+00	1.20000e+01
8.32000e-04	1.03122e+00	1.20000e+01
1.05600e-03	9.77567e-01	1.20000e+01
6.50000e-05	1.37611e+00	6.50000e+00
1.56000e-04	1.16798e+00	6.50000e+00
2.47000e-04	1.06961e+00	6.50000e+00
3.38000e-04	1.00651e+00	6.50000e+00
4.29000e-04	9.60570e-01	6.50000e+00
1.60000e-04	1.47071e+00	1.20000e+01
3.84000e-04	1.22138e+00	1.20000e+01
6.08000e-04	1.10531e+00	1.20000e+01
8.32000e-04	1.03122e+00	1.20000e+01
1.05600e-03	9.77567e-01	1.20000e+01
1.00000e-04	1.27023e+00	6.50000e+00
2.40000e-04	1.07556e+00	6.50000e+00
3.80000e-04	9.83732e-01	6.50000e+00
5.20000e-04	9.24690e-01	6.50000e+00
6.60000e-04	8.81621e-01	6.50000e+00
2.50000e-04	1.33863e+00	1.20000e+01
6.00000e-04	1.10852e+00	1.20000e+01
9.50000e-04	1.00109e+00	1.20000e+01
1.30000e-03	9.32624e-01	1.20000e+01
1.65000e-03	8.83121e-01	1.20000e+01
1.00000e-04	1.27023e+00	6.50000e+00
2.40000e-04	1.07556e+00	6.50000e+00
3.80000e-04	9.83732e-01	6.50000e+00
5.20000e-04	9.24690e-01	6.50000e+00
6.60000e-04	8.81621e-01	6.50000e+00
4.00000e-04	1.21068e+00	1.20000e+01
9.60000e-04	9.98743e-01	1.20000e+01
1.52000e-03	8.99920e-01	1.20000e+01
2.08000e-03	8.37024e-01	1.20000e+01
2.64000e-03	7.91466e-01	1.20000e+01
1.60000e-04	1.16237e+00	6.50000e+00
3.84000e-04	9.81715e-01	6.50000e+00
6.08000e-04	8.96275e-01	6.50000e+00
8.32000e-04	8.41216e-01	6.50000e+00
1.05600e-03	8.01068e-01	6.50000e+00
6.50000e-04	1.08919e+00	1.20000e+01
1.56000e-03	8.94575e-01	1.20000e+01
2.47000e-03	8.04001e-01	1.20000e+01
3.38000e-03	7.46093e-01	1.20000e+01
4.29000e-03	7.03922e-01	1.20000e+01
2.50000e-04	1.06712e+00	6.50000e+00
6.00000e-04	8.98656e-01	6.50000e+00
9.50000e-04	8.18701e-01	6.50000e+00
1.30000e-03	7.67243e-01	6.50000e+00
1.65000e-03	7.29773e-01	6.50000e+00
1.00000e-03	9.89629e-01	1.20000e+01
2.40000e-03	8.09459e-01	1.20000e+01
3.80000e-03	7.25187e-01	1.20000e+01
5.20000e-03	6.70956e-01	1.20000e+01
6.60000e-03	6.31333e-01	1.20000e+01
4.00000e-04	9.73884e-01	6.50000e+00
9.60000e-04	8.16943e-01	6.50000e+00
1.52000e-03	7.42514e-01	6.50000e+00
2.08000e-03	6.94664e-01	6.50000e+00
2.64000e-03	6.59749e-01	6.50000e+00
1.60000e-03	8.89391e-01	1.20000e+01
3.84000e-03	7.23336e-01	1.20000e+01
6.08000e-03	6.44823e-01	1.20000e+01
8.32000e-03	5.94068e-01	1.20000e+01
1.05600e-02	5.56834e-01	1.20000e+01
6.50000e-04	8.84333e-01	6.50000e+00
1.56000e-03	7.38464e-01	6.50000e+00
2.47000e-03	6.69379e-01	6.50000e+00
3.38000e-03	6.24742e-01	6.50000e+00
4.29000e-03	5.91981e-01	6.50000e+00
2.50000e-03	8.01717e-01	1.20000e+01
6.00000e-03	6.47015e-01	1.20000e+01
9.50000e-03	5.73225e-01	1.20000e+01
1.30000e-02	5.25134e-01	1.20000e+01
1.65000e-02	4.89378e-01	1.20000e+01
1.00000e-03	8.10115e-01	6.50000e+00
2.40000e-03	6.73566e-01	6.50000e+00
3.80000e-03	6.08530e-01	6.50000e+00
5.20000e-03	5.66205e-01	6.50000e+00
6.60000e-03	5.35014e-01	6.50000e+00
1.60000e-03	7.34531e-01	6.50000e+00
3.84000e-03	6.07092e-01	6.50000e+00
6.08000e-03	5.45660e-01	6.50000e+00
8.32000e-03	5.05451e-01	6.50000e+00
1.05600e-02	4.75673e-01	6.50000e+00
8.70000e-05	1.81887e+00	1.50000e+01
2.08800e-04	1.50566e+00	1.50000e+01
3.30600e-04	1.36095e+00	1.50000e+01
4.52400e-04	1.26913e+00	1.50000e+01
5.74200e-04	1.20279e+00	1.50000e+01
2.50000e-03	6.67625e-01	6.50000e+00
6.00000e-03	5.47387e-01	6.50000e+00
9.50000e-03	4.88812e-01	6.50000e+00
1.30000e-02	4.50119e-01	6.50000e+00
1.65000e-02	4.21058e-01	6.50000e+00
1.00000e-04	1.76558e+00	1.50000e+01
2.40000e-04	1.46045e+00	1.50000e+01
3.80000e-04	1.31952e+00	1.50000e+01
5.20000e-04	1.23003e+00	1.50000e+01
6.60000e-04	1.16534e+00	1.50000e+01
1.00000e-04	1.76558e+00	1.50000e+01
2.40000e-04	1.46045e+00	1.50000e+01
3.80000e-04	1.31952e+00	1.50000e+01
5.20000e-04	1.23003e+00	1.50000e+01
6.60000e-04	1.16534e+00	1.50000e+01
1.14000e-04	1.71666e+00	1.50000e+01
2.73600e-04	1.41901e+00	1.50000e+01
4.33200e-04	1.28151e+00	1.50000e+01
5.92800e-04	1.19413e+00	1.50000e+01
7.52400e-04	1.13097e+00	1.50000e+01
4.93000e-05	1.62415e+00	8.50000e+00
1.18320e-04	1.37063e+00	8.50000e+00
1.87340e-04	1.25135e+00	8.50000e+00
2.56360e-04	1.17513e+00	8.50000e+00
3.25380e-04	1.11986e+00	8.50000e+00
1.23000e-04	1.68883e+00	1.50000e+01
2.95200e-04	1.39545e+00	1.50000e+01
4.67400e-04	1.25988e+00	1.50000e+01
6.39600e-04	1.17370e+00	1.50000e+01
8.11800e-04	1.11141e+00	1.50000e+01
5.25000e-05	1.60473e+00	8.50000e+00
1.26000e-04	1.35376e+00	8.50000e+00
1.99500e-04	1.23574e+00	8.50000e+00
2.73000e-04	1.16033e+00	8.50000e+00
3.46500e-04	1.10564e+00	8.50000e+00
1.60000e-04	1.59550e+00	1.50000e+01
3.84000e-04	1.31645e+00	1.50000e+01
6.08000e-04	1.18729e+00	1.50000e+01
8.32000e-04	1.10514e+00	1.50000e+01
1.05600e-03	1.04579e+00	1.50000e+01
5.60000e-05	1.58501e+00	8.50000e+00
1.34400e-04	1.33663e+00	8.50000e+00
2.12800e-04	1.21989e+00	8.50000e+00
2.91200e-04	1.14531e+00	8.50000e+00
3.69600e-04	1.09121e+00	8.50000e+00
1.60000e-04	1.59550e+00	1.50000e+01
3.84000e-04	1.31645e+00	1.50000e+01
6.08000e-04	1.18729e+00	1.50000e+01
8.32000e-04	1.10514e+00	1.50000e+01
1.05600e-03	1.04579e+00	1.50000e+01
6.20000e-05	1.55432e+00	8.50000e+00
1.48800e-04	1.30998e+00	8.50000e+00
2.35600e-04	1.19525e+00	8.50000e+00
3.22400e-04	1.12195e+00	8.50000e+00
4.09200e-04	1.06875e+00	8.50000e+00
2.50000e-04	1.44743e+00	1.50000e+01
6.00000e-04	1.19087e+00	1.50000e+01
9.50000e-04	1.07180e+00	1.50000e+01
1.30000e-03	9.96178e-01	1.50000e+01
1.65000e-03	9.41641e-01	1.50000e+01
6.45000e-05	1.54253e+00	8.50000e+00
1.54800e-04	1.29975e+00	8.50000e+00
2.45100e-04	1.18580e+00	8.50000e+00
3.35400e-04	1.11298e+00	8.50000e+00
4.25700e-04	1.06012e+00	8.50000e+00
4.00000e-04	1.30453e+00	1.50000e+01
9.60000e-04	1.06920e+00	1.50000e+01
1.52000e-03	9.60135e-01	1.50000e+01
2.08000e-03	8.90969e-01	1.50000e+01
2.64000e-03	8.41007e-01	1.50000e+01
6.95000e-05	1.52047e+00	8.50000e+00
1.66800e-04	1.28063e+00	8.50000e+00
2.64100e-04	1.16811e+00	8.50000e+00
3.61400e-04	1.09621e+00	8.50000e+00
4.58700e-04	1.04398e+00	8.50000e+00
6.50000e-04	1.16940e+00	1.50000e+01
1.56000e-03	9.54250e-01	1.50000e+01
2.47000e-03	8.54742e-01	1.50000e+01
3.38000e-03	7.91372e-01	1.50000e+01
4.29000e-03	7.45362e-01	1.50000e+01
6.95000e-05	1.52047e+00	8.50000e+00
1.66800e-04	1.28063e+00	8.50000e+00
2.64100e-04	1.16811e+00	8.50000e+00
3.61400e-04	1.09621e+00	8.50000e+00
4.58700e-04	1.04398e+00	8.50000e+00
1.00000e-03	1.05912e+00	1.50000e+01
2.40000e-03	8.60725e-01	1.50000e+01
3.80000e-03	7.68548e-01	1.50000e+01
5.20000e-03	7.09481e-01	1.50000e+01
6.60000e-03	6.66459e-01	1.50000e+01
1.00000e-04	1.41662e+00	8.50000e+00
2.40000e-04	1.19082e+00	8.50000e+00
3.80000e-04	1.08504e+00	8.50000e+00
5.20000e-04	1.01730e+00	8.50000e+00
6.60000e-04	9.68034e-01	8.50000e+00
1.60000e-03	9.48542e-01	1.50000e+01
3.84000e-03	7.66529e-01	1.50000e+01
6.08000e-03	6.81093e-01	1.50000e+01
8.32000e-03	6.26110e-01	1.50000e+01
1.05600e-02	5.85911e-01	1.50000e+01
1.00000e-04	1.41662e+00	8.50000e+00
2.40000e-04	1.19082e+00	8.50000e+00
3.80000e-04	1.08504e+00	8.50000e+00
5.20000e-04	1.01730e+00	8.50000e+00
6.60000e-04	9.68034e-01	8.50000e+00
2.50000e-03	8.52239e-01	1.50000e+01
6.00000e-03	6.83472e-01	1.50000e+01
9.50000e-03	6.03592e-01	1.50000e+01
1.30000e-02	5.51790e-01	1.50000e+01
1.65000e-02	5.13422e-01	1.50000e+01
1.60000e-04	1.29126e+00	8.50000e+00
3.84000e-04	1.08273e+00	8.50000e+00
6.08000e-04	9.84784e-01	8.50000e+00
8.32000e-04	9.21931e-01	8.50000e+00
1.05600e-03	8.76241e-01	8.50000e+00
4.00000e-03	7.58688e-01	1.50000e+01
9.60000e-03	6.01831e-01	1.50000e+01
1.52000e-02	5.26559e-01	1.50000e+01
2.08000e-02	4.76571e-01	1.50000e+01
2.64000e-02	4.38665e-01	1.50000e+01
2.50000e-04	1.18109e+00	8.50000e+00
6.00000e-04	9.87507e-01	8.50000e+00
9.50000e-04	8.96293e-01	8.50000e+00
1.30000e-03	8.37844e-01	8.50000e+00
1.65000e-03	7.95417e-01	8.50000e+00
4.00000e-04	1.07373e+00	8.50000e+00
9.60000e-04	8.94293e-01	8.50000e+00
1.52000e-03	8.09831e-01	8.50000e+00
2.08000e-03	7.55771e-01	8.50000e+00
2.64000e-03	7.16450e-01	8.50000e+00
1.04500e-04	1.87139e+00	1.80000e+01
2.50800e-04	1.53928e+00	1.80000e+01
3.97100e-04	1.38656e+00	1.80000e+01
5.43400e-04	1.28982e+00	1.80000e+01
6.89700e-04	1.22003e+00	1.80000e+01
6.50000e-04	9.71134e-01	8.50000e+00
1.56000e-03	8.05247e-01	8.50000e+00
2.47000e-03	7.27284e-01	8.50000e+00
3.38000e-03	6.77139e-01	8.50000e+00
4.29000e-03	6.40459e-01	8.50000e+00
1.18500e-04	1.82015e+00	1.80000e+01
2.84400e-04	1.49612e+00	1.80000e+01
4.50300e-04	1.34709e+00	1.80000e+01
6.16200e-04	1.25263e+00	1.80000e+01
7.82100e-04	1.18448e+00	1.80000e+01
1.00000e-03	8.86526e-01	8.50000e+00
2.40000e-03	7.31997e-01	8.50000e+00
3.80000e-03	6.58974e-01	8.50000e+00
5.20000e-03	6.11681e-01	8.50000e+00
6.60000e-03	5.76962e-01	8.50000e+00
1.34000e-04	1.77122e+00	1.80000e+01
3.21600e-04	1.45494e+00	1.80000e+01
5.09200e-04	1.30940e+00	1.80000e+01
6.96800e-04	1.21711e+00	1.80000e+01
8.84400e-04	1.15054e+00	1.80000e+01
1.60000e-03	8.00799e-01	8.50000e+00
3.84000e-03	6.57364e-01	8.50000e+00
6.08000e-03	5.88799e-01	8.50000e+00
8.32000e-03	5.44167e-01	8.50000e+00
1.05600e-02	5.11250e-01	8.50000e+00
1.34000e-04	1.77122e+00	1.80000e+01
3.21600e-04	1.45494e+00	1.80000e+01
5.09200e-04	1.30940e+00	1.80000e+01
6.96800e-04	1.21711e+00	1.80000e+01
8.84400e-04	1.15054e+00	1.80000e+01
2.50000e-03	7.25311e-01	8.50000e+00
6.00000e-03	5.90720e-01	8.50000e+00
9.50000e-03	5.25760e-01	8.50000e+00
1.30000e-02	4.83099e-01	8.50000e+00
1.65000e-02	4.51196e-01	8.50000e+00
1.64000e-04	1.69331e+00	1.80000e+01
3.93600e-04	1.38937e+00	1.80000e+01
6.23200e-04	1.24933e+00	1.80000e+01
8.52800e-04	1.16050e+00	1.80000e+01
1.08240e-03	1.09647e+00	1.80000e+01
1.64000e-04	1.69331e+00	1.80000e+01
3.93600e-04	1.38937e+00	1.80000e+01
6.23200e-04	1.24933e+00	1.80000e+01
8.52800e-04	1.16050e+00	1.80000e+01
1.08240e-03	1.09647e+00	1.80000e+01
6.50000e-05	1.64637e+00	1.00000e+01
1.56000e-04	1.38095e+00	1.00000e+01
2.47000e-04	1.25688e+00	1.00000e+01
3.38000e-04	1.17779e+00	1.00000e+01
4.29000e-04	1.12047e+00	1.00000e+01
2.50000e-04	1.54039e+00	1.80000e+01
6.00000e-04	1.26043e+00	1.80000e+01
9.50000e-04	1.13114e+00	1.80000e+01
1.30000e-03	1.04927e+00	1.80000e+01
1.65000e-03	9.90337e-01	1.80000e+01
1.00000e-04	1.51089e+00	1.00000e+01
2.40000e-04	1.26435e+00	1.00000e+01
3.80000e-04	1.14934e+00	1.00000e+01
5.20000e-04	1.07586e+00	1.00000e+01
6.60000e-04	1.02251e+00	1.00000e+01
2.50000e-04	1.54039e+00	1.80000e+01
6.00000e-04	1.26043e+00	1.80000e+01
9.50000e-04	1.13114e+00	1.80000e+01
1.30000e-03	1.04927e+00	1.80000e+01
1.65000e-03	9.90337e-01	1.80000e+01
1.60000e-04	1.37385e+00	1.00000e+01
3.84000e-04	1.14682e+00	1.00000e+01
6.08000e-04	1.04064e+00	1.00000e+01
8.32000e-04	9.72671e-01	1.00000e+01
1.05600e-03	9.23352e-01	1.00000e+01
4.00000e-04	1.38425e+00	1.80000e+01
9.60000e-04	1.12833e+00	1.80000e+01
1.52000e-03	1.01031e+00	1.80000e+01
2.08000e-03	9.35682e-01	1.80000e+01
2.64000e-03	8.81896e-01	1.80000e+01
2.50000e-04	1.25376e+00	1.00000e+01
6.00000e-04	1.04359e+00	1.00000e+01
9.50000e-04	9.44987e-01	1.00000e+01
1.30000e-03	8.81967e-01	1.00000e+01
1.65000e-03	8.36309e-01	1.00000e+01
6.50000e-04	1.23709e+00	1.80000e+01
1.56000e-03	1.00395e+00	1.80000e+01
2.47000e-03	8.96671e-01	1.80000e+01
3.38000e-03	8.28573e-01	1.80000e+01
4.29000e-03	7.79254e-01	1.80000e+01
4.00000e-04	1.13706e+00	1.00000e+01
9.60000e-04	9.42828e-01	1.00000e+01
1.52000e-03	8.51812e-01	1.00000e+01
2.08000e-03	7.93713e-01	1.00000e+01
2.64000e-03	7.51536e-01	1.00000e+01
1.00000e-03	1.11741e+00	1.80000e+01
2.40000e-03	9.03110e-01	1.80000e+01
3.80000e-03	8.04094e-01	1.80000e+01
5.20000e-03	7.40868e-01	1.80000e+01
6.60000e-03	6.94937e-01	1.80000e+01
6.50000e-04	1.02587e+00	1.00000e+01
1.56000e-03	8.46881e-01	1.00000e+01
2.47000e-03	7.63149e-01	1.00000e+01
3.38000e-03	7.09445e-01	1.00000e+01
4.29000e-03	6.70243e-01	1.00000e+01
1.60000e-03	9.97788e-01	1.80000e+01
3.84000e-03	8.01929e-01	1.80000e+01
6.08000e-03	7.10548e-01	1.80000e+01
8.32000e-03	6.51956e-01	1.80000e+01
1.05600e-02	6.09239e-01	1.80000e+01
1.00000e-03	9.34447e-01	1.00000e+01
2.40000e-03	7.68204e-01	1.00000e+01
3.80000e-03	6.90021e-01	1.00000e+01
5.20000e-03	6.39539e-01	1.00000e+01
6.60000e-03	6.02561e-01	1.00000e+01
2.50000e-03	8.93978e-01	1.80000e+01
6.00000e-03	7.13087e-01	1.80000e+01
9.50000e-03	6.28014e-01	1.80000e+01
1.30000e-02	5.73068e-01	1.80000e+01
1.65000e-02	5.32502e-01	1.80000e+01
2.50000e-03	7.61034e-01	1.00000e+01
6.00000e-03	6.17205e-01	1.00000e+01
9.50000e-03	5.48171e-01	1.00000e+01
1.30000e-02	5.02998e-01	1.00000e+01
1.65000e-02	4.69307e-01	1.00000e+01
4.00000e-03	7.93527e-01	1.80000e+01
9.60000e-03	6.26144e-01	1.80000e+01
1.52000e-02	5.46378e-01	1.80000e+01
2.08000e-02	4.93654e-01	1.80000e+01
2.64000e-02	4.53817e-01	1.80000e+01
1.45000e-04	1.86791e+00	2.20000e+01
3.48000e-04	1.52432e+00	2.20000e+01
5.51000e-04	1.36693e+00	2.20000e+01
7.54000e-04	1.26743e+00	2.20000e+01
9.57000e-04	1.19583e+00	2.20000e+01
1.60000e-04	1.82614e+00	2.20000e+01
3.84000e-04	1.48938e+00	2.20000e+01
6.08000e-04	1.33504e+00	2.20000e+01
8.32000e-04	1.23745e+00	2.20000e+01
1.05600e-03	1.16725e+00	2.20000e+01
1.72500e-04	1.79477e+00	2.20000e+01
4.14000e-04	1.46314e+00	2.20000e+01
6.55500e-04	1.31108e+00	2.20000e+01
8.97000e-04	1.21493e+00	2.20000e+01
1.13850e-03	1.14580e+00	2.20000e+01
1.94000e-04	1.74676e+00	2.20000e+01
4.65600e-04	1.42295e+00	2.20000e+01
7.37200e-04	1.27437e+00	2.20000e+01
1.00880e-03	1.18046e+00	2.20000e+01
1.28040e-03	1.11296e+00	2.20000e+01
2.50000e-04	1.64694e+00	2.20000e+01
6.00000e-04	1.33929e+00	2.20000e+01
9.50000e-04	1.19798e+00	2.20000e+01
1.30000e-03	1.10877e+00	2.20000e+01
1.65000e-03	1.04470e+00	2.20000e+01
2.50000e-04	1.64694e+00	2.20000e+01
6.00000e-04	1.33929e+00	2.20000e+01
9.50000e-04	1.19798e+00	2.20000e+01
1.30000e-03	1.10877e+00	2.20000e+01
1.65000e-03	1.04470e+00	2.20000e+01
2.96000e-04	1.58329e+00	2.20000e+01
7.10400e-04	1.28585e+00	2.20000e+01
1.12480e-03	1.14923e+00	2.20000e+01
1.53920e-03	1.06306e+00	2.20000e+01
1.95360e-03	1.00118e+00	2.20000e+01
4.00000e-04	1.47509e+00	2.20000e+01
9.60000e-04	1.19491e+00	2.20000e+01
1.52000e-03	1.06640e+00	2.20000e+01
2.08000e-03	9.85404e-01	2.20000e+01
2.64000e-03	9.27169e-01	2.20000e+01
6.50000e-04	1.31374e+00	2.20000e+01
1.56000e-03	1.05949e+00	2.20000e+01
2.47000e-03	9.43154e-01	2.20000e+01
3.38000e-03	8.69571e-01	2.20000e+01
4.29000e-03	8.16428e-01	2.20000e+01
1.00000e-03	1.18300e+00	2.20000e+01
2.40000e-03	9.50123e-01	2.20000e+01
3.80000e-03	8.43178e-01	2.20000e+01
5.20000e-03	7.75158e-01	2.20000e+01
6.60000e-03	7.25889e-01	2.20000e+01
1.60000e-03	1.05280e+00	2.20000e+01
3.84000e-03	8.40845e-01	2.20000e+01
6.08000e-03	7.42621e-01	2.20000e+01
8.32000e-03	6.79901e-01	2.20000e+01
1.05600e-02	6.34315e-01	2.20000e+01
2.50000e-03	9.40239e-01	2.20000e+01
6.00000e-03	7.45343e-01	2.20000e+01
9.50000e-03	6.54335e-01	2.20000e+01
1.30000e-02	5.95818e-01	2.20000e+01
1.65000e-02	5.52770e-01	2.20000e+01
4.00000e-03	8.31794e-01	2.20000e+01
9.60000e-03	6.52339e-01	2.20000e+01
1.52000e-02	5.67479e-01	2.20000e+01
2.08000e-02	5.11684e-01	2.20000e+01
2.64000e-02	4.69697e-01	2.20000e+01
