3.10500e-07	7.68160e-02	4.50000e-02
7.45200e-07	7.23446e-02	4.50000e-02
1.17990e-06	7.00580e-02	4.50000e-02
1.61460e-06	6.85163e-02	4.50000e-02
2.04930e-06	6.73532e-02	4.50000e-02
3.31000e-05	3.03631e-01	3.50000e-01
7.94400e-05	2.75832e-01	3.50000e-01
1.25780e-04	2.61677e-01	3.50000e-01
1.72120e-04	2.52195e-01	3.50000e-01
2.18460e-04	2.45090e-01	3.50000e-01
4.48500e-07	1.06415e-01	6.50000e-02
1.07640e-06	1.00002e-01	6.50000e-02
1.70430e-06	9.67216e-02	6.50000e-02
2.33220e-06	9.45097e-02	6.50000e-02
2.96010e-06	9.28413e-02	6.50000e-02
6.50000e-05	2.82106e-01	3.50000e-01
1.56000e-04	2.55151e-01	3.50000e-01
2.47000e-04	2.41466e-01	3.50000e-01
3.38000e-04	2.32319e-01	3.50000e-01
4.29000e-04	2.25471e-01	3.50000e-01
5.10000e-07	1.05459e-01	6.50000e-02
1.22400e-06	9.90794e-02	6.50000e-02
1.93800e-06	9.58130e-02	6.50000e-02
2.65200e-06	9.36091e-02	6.50000e-02
3.36600e-06	9.19465e-02	6.50000e-02
1.10000e-04	2.65775e-01	3.50000e-01
2.64000e-04	2.39512e-01	3.50000e-01
4.18000e-04	2.26213e-01	3.50000e-01
5.72000e-04	2.17323e-01	3.50000e-01
7.26000e-04	2.10663e-01	3.50000e-01
5.85000e-07	1.33990e-01	8.50000e-02
1.40400e-06	1.25659e-01	8.50000e-02
2.22300e-06	1.21398e-01	8.50000e-02
3.04200e-06	1.18525e-01	8.50000e-02
3.86100e-06	1.16359e-01	8.50000e-02
2.50000e-04	2.41111e-01	3.50000e-01
6.00000e-04	2.15982e-01	3.50000e-01
9.50000e-04	2.03245e-01	3.50000e-01
1.30000e-03	1.94715e-01	3.50000e-01
1.65000e-03	1.88315e-01	3.50000e-01
6.70000e-07	1.32678e-01	8.50000e-02
1.60800e-06	1.24394e-01	8.50000e-02
2.54600e-06	1.20152e-01	8.50000e-02
3.48400e-06	1.17291e-01	8.50000e-02
4.42200e-06	1.15133e-01	8.50000e-02
1.25500e-03	1.95666e-01	3.50000e-01
3.01200e-03	1.72464e-01	3.50000e-01
4.76900e-03	1.60621e-01	3.50000e-01
6.52600e-03	1.52645e-01	3.50000e-01
8.28300e-03	1.46634e-01	3.50000e-01
7.80000e-07	1.31217e-01	8.50000e-02
1.87200e-06	1.22984e-01	8.50000e-02
2.96400e-06	1.18762e-01	8.50000e-02
4.05600e-06	1.15913e-01	8.50000e-02
5.14800e-06	1.13764e-01	8.50000e-02
4.41500e-06	4.11105e-01	4.00000e-01
1.05960e-05	3.76451e-01	4.00000e-01
1.67770e-05	3.58877e-01	4.00000e-01
2.29580e-05	3.47124e-01	4.00000e-01
2.91390e-05	3.38319e-01	4.00000e-01
7.55000e-07	1.66074e-01	1.10000e-01
1.81200e-06	1.55382e-01	1.10000e-01
2.86900e-06	1.49914e-01	1.10000e-01
3.92600e-06	1.46229e-01	1.10000e-01
4.98300e-06	1.43451e-01	1.10000e-01
5.50000e-06	4.02263e-01	4.00000e-01
1.32000e-05	3.67995e-01	4.00000e-01
2.09000e-05	3.50623e-01	4.00000e-01
2.86000e-05	3.39004e-01	4.00000e-01
3.63000e-05	3.30297e-01	4.00000e-01
8.65000e-07	1.64386e-01	1.10000e-01
2.07600e-06	1.53755e-01	1.10000e-01
3.28700e-06	1.48312e-01	1.10000e-01
4.49800e-06	1.44641e-01	1.10000e-01
5.70900e-06	1.41875e-01	1.10000e-01
6.65000e-06	3.94701e-01	4.00000e-01
1.59600e-05	3.60766e-01	4.00000e-01
2.52700e-05	3.43567e-01	4.00000e-01
3.45800e-05	3.32061e-01	4.00000e-01
4.38900e-05	3.23436e-01	4.00000e-01
1.01000e-06	1.62475e-01	1.10000e-01
2.42400e-06	1.51910e-01	1.10000e-01
3.83800e-06	1.46494e-01	1.10000e-01
5.25200e-06	1.42841e-01	1.10000e-01
6.66600e-06	1.40088e-01	1.10000e-01
8.50000e-06	3.85032e-01	4.00000e-01
2.04000e-05	3.51528e-01	4.00000e-01
3.23000e-05	3.34548e-01	4.00000e-01
4.42000e-05	3.23183e-01	4.00000e-01
5.61000e-05	3.14661e-01	4.00000e-01
1.21500e-06	1.60214e-01	1.10000e-01
2.91600e-06	1.49722e-01	1.10000e-01
4.61700e-06	1.44338e-01	1.10000e-01
6.31800e-06	1.40705e-01	1.10000e-01
8.01900e-06	1.37967e-01	1.10000e-01
1.10000e-05	3.75005e-01	4.00000e-01
2.64000e-05	3.41951e-01	4.00000e-01
4.18000e-05	3.25193e-01	4.00000e-01
5.72000e-05	3.13971e-01	4.00000e-01
7.26000e-05	3.05554e-01	4.00000e-01
1.03500e-06	2.12779e-01	1.50000e-01
2.48400e-06	1.98393e-01	1.50000e-01
3.93300e-06	1.91039e-01	1.50000e-01
5.38200e-06	1.86086e-01	1.50000e-01
6.83100e-06	1.82356e-01	1.50000e-01
1.84000e-05	3.55397e-01	4.00000e-01
4.41600e-05	3.23216e-01	4.00000e-01
6.99200e-05	3.06875e-01	4.00000e-01
9.56800e-05	2.95929e-01	4.00000e-01
1.21440e-04	2.87722e-01	4.00000e-01
1.18000e-06	2.10588e-01	1.50000e-01
2.83200e-06	1.96283e-01	1.50000e-01
4.48400e-06	1.88962e-01	1.50000e-01
6.13600e-06	1.84031e-01	1.50000e-01
7.78800e-06	1.80317e-01	1.50000e-01
4.41500e-05	3.23224e-01	4.00000e-01
1.05960e-04	2.92404e-01	4.00000e-01
1.67770e-04	2.76761e-01	4.00000e-01
2.29580e-04	2.66309e-01	4.00000e-01
2.91390e-04	2.58491e-01	4.00000e-01
1.38000e-06	2.07991e-01	1.50000e-01
3.31200e-06	1.93775e-01	1.50000e-01
5.24400e-06	1.86494e-01	1.50000e-01
7.17600e-06	1.81589e-01	1.50000e-01
9.10800e-06	1.77895e-01	1.50000e-01
8.80000e-05	2.98832e-01	4.00000e-01
2.11200e-04	2.69072e-01	4.00000e-01
3.34400e-04	2.54026e-01	4.00000e-01
4.57600e-04	2.43988e-01	4.00000e-01
5.80800e-04	2.36480e-01	4.00000e-01
1.65500e-06	2.04998e-01	1.50000e-01
3.97200e-06	1.90882e-01	1.50000e-01
6.28900e-06	1.83646e-01	1.50000e-01
8.60600e-06	1.78771e-01	1.50000e-01
1.09230e-05	1.75100e-01	1.50000e-01
1.47000e-04	2.81221e-01	4.00000e-01
3.52800e-04	2.52299e-01	4.00000e-01
5.58600e-04	2.37700e-01	4.00000e-01
7.64400e-04	2.27954e-01	4.00000e-01
9.70200e-04	2.20658e-01	4.00000e-01
2.07000e-06	2.01346e-01	1.50000e-01
4.96800e-06	1.87345e-01	1.50000e-01
7.86600e-06	1.80163e-01	1.50000e-01
1.07640e-05	1.75325e-01	1.50000e-01
1.36620e-05	1.71683e-01	1.50000e-01
3.15500e-04	2.55908e-01	4.00000e-01
7.57200e-04	2.28246e-01	4.00000e-01
1.19890e-03	2.14258e-01	4.00000e-01
1.64060e-03	2.04906e-01	4.00000e-01
2.08230e-03	1.97899e-01	4.00000e-01
2.51000e-06	1.98225e-01	1.50000e-01
6.02400e-06	1.84319e-01	1.50000e-01
9.53800e-06	1.77184e-01	1.50000e-01
1.30520e-05	1.72378e-01	1.50000e-01
1.65660e-05	1.68760e-01	1.50000e-01
3.66000e-06	4.92738e-01	5.00000e-01
8.78400e-06	4.49807e-01	5.00000e-01
1.39080e-05	4.28102e-01	5.00000e-01
1.90320e-05	4.13616e-01	5.00000e-01
2.41560e-05	4.02781e-01	5.00000e-01
1.57500e-06	2.62203e-01	2.00000e-01
3.78000e-06	2.43436e-01	2.00000e-01
5.98500e-06	2.33845e-01	2.00000e-01
8.19000e-06	2.27393e-01	2.00000e-01
1.03950e-05	2.22541e-01	2.00000e-01
4.30000e-06	4.84678e-01	5.00000e-01
1.03200e-05	4.42130e-01	5.00000e-01
1.63400e-05	4.20626e-01	5.00000e-01
2.23600e-05	4.06276e-01	5.00000e-01
2.83800e-05	3.95542e-01	5.00000e-01
1.84000e-06	2.58817e-01	2.00000e-01
4.41600e-06	2.40172e-01	2.00000e-01
6.99200e-06	2.30637e-01	2.00000e-01
9.56800e-06	2.24223e-01	2.00000e-01
1.21440e-05	2.19400e-01	2.00000e-01
7.90000e-06	4.54898e-01	5.00000e-01
1.89600e-05	4.13789e-01	5.00000e-01
3.00200e-05	3.93034e-01	5.00000e-01
4.10800e-05	3.79177e-01	5.00000e-01
5.21400e-05	3.68806e-01	5.00000e-01
2.20500e-06	2.54907e-01	2.00000e-01
5.29200e-06	2.36397e-01	2.00000e-01
8.37900e-06	2.26927e-01	2.00000e-01
1.14660e-05	2.20558e-01	2.00000e-01
1.45530e-05	2.15769e-01	2.00000e-01
1.06000e-05	4.40862e-01	5.00000e-01
2.54400e-05	4.00447e-01	5.00000e-01
4.02800e-05	3.80039e-01	5.00000e-01
5.51200e-05	3.66407e-01	5.00000e-01
6.99600e-05	3.56201e-01	5.00000e-01
2.76000e-06	2.50098e-01	2.00000e-01
6.62400e-06	2.31750e-01	2.00000e-01
1.04880e-05	2.22361e-01	2.00000e-01
1.43520e-05	2.16047e-01	2.00000e-01
1.82160e-05	2.11299e-01	2.00000e-01
1.38000e-05	4.28465e-01	5.00000e-01
3.31200e-05	3.88666e-01	5.00000e-01
5.24400e-05	3.68558e-01	5.00000e-01
7.17600e-05	3.55121e-01	5.00000e-01
9.10800e-05	3.45062e-01	5.00000e-01
3.34500e-06	2.46016e-01	2.00000e-01
8.02800e-06	2.27802e-01	2.00000e-01
1.27110e-05	2.18482e-01	2.00000e-01
1.73940e-05	2.12215e-01	2.00000e-01
2.20770e-05	2.07502e-01	2.00000e-01
1.99000e-05	4.11578e-01	5.00000e-01
4.77600e-05	3.72607e-01	5.00000e-01
7.56200e-05	3.52899e-01	5.00000e-01
1.03480e-04	3.39731e-01	5.00000e-01
1.31340e-04	3.29878e-01	5.00000e-01
4.24500e-06	2.40999e-01	2.00000e-01
1.01880e-05	2.22949e-01	2.00000e-01
1.61310e-05	2.13714e-01	2.00000e-01
2.20740e-05	2.07504e-01	2.00000e-01
2.80170e-05	2.02832e-01	2.00000e-01
5.00000e-05	3.70619e-01	5.00000e-01
1.20000e-04	3.33594e-01	5.00000e-01
1.90000e-04	3.14894e-01	5.00000e-01
2.60000e-04	3.02436e-01	5.00000e-01
3.30000e-04	2.93138e-01	5.00000e-01
5.50000e-06	2.35596e-01	2.00000e-01
1.32000e-05	2.17724e-01	2.00000e-01
2.09000e-05	2.08581e-01	2.00000e-01
2.86000e-05	2.02430e-01	2.00000e-01
3.63000e-05	1.97800e-01	2.00000e-01
1.25500e-04	3.31747e-01	5.00000e-01
3.01200e-04	2.96682e-01	5.00000e-01
4.76900e-04	2.79063e-01	5.00000e-01
6.52600e-04	2.67341e-01	5.00000e-01
8.28300e-04	2.58588e-01	5.00000e-01
1.99000e-05	2.09549e-01	2.00000e-01
4.77600e-05	1.92516e-01	2.00000e-01
7.56200e-05	1.83770e-01	2.00000e-01
1.03480e-04	1.77875e-01	2.00000e-01
1.31340e-04	1.73437e-01	2.00000e-01
1.84000e-04	3.16182e-01	5.00000e-01
4.41600e-04	2.81974e-01	5.00000e-01
6.99200e-04	2.64795e-01	5.00000e-01
9.56800e-04	2.53357e-01	5.00000e-01
1.21440e-03	2.44813e-01	5.00000e-01
1.25500e-04	1.74281e-01	2.00000e-01
3.01200e-04	1.58295e-01	2.00000e-01
4.76900e-04	1.50117e-01	2.00000e-01
6.52600e-04	1.44611e-01	2.00000e-01
8.28300e-04	1.40461e-01	2.00000e-01
4.00000e-04	2.85741e-01	5.00000e-01
9.60000e-04	2.53236e-01	5.00000e-01
1.52000e-03	2.36885e-01	5.00000e-01
2.08000e-03	2.25991e-01	5.00000e-01
2.64000e-03	2.17852e-01	5.00000e-01
1.97000e-06	3.08505e-01	2.50000e-01
4.72800e-06	2.85420e-01	2.50000e-01
7.48600e-06	2.73640e-01	2.50000e-01
1.02440e-05	2.65728e-01	2.50000e-01
1.30020e-05	2.59784e-01	2.50000e-01
1.60000e-03	2.35089e-01	5.00000e-01
3.84000e-03	2.05288e-01	5.00000e-01
6.08000e-03	1.90194e-01	5.00000e-01
8.32000e-03	1.80032e-01	5.00000e-01
1.05600e-02	1.72353e-01	5.00000e-01
2.30000e-06	3.04355e-01	2.50000e-01
5.52000e-06	2.81425e-01	2.50000e-01
8.74000e-06	2.69720e-01	2.50000e-01
1.19600e-05	2.61860e-01	2.50000e-01
1.51800e-05	2.55956e-01	2.50000e-01
4.76000e-06	5.76112e-01	6.50000e-01
1.14240e-05	5.22646e-01	6.50000e-01
1.80880e-05	4.95753e-01	6.50000e-01
2.47520e-05	4.77857e-01	6.50000e-01
3.14160e-05	4.64498e-01	6.50000e-01
2.76000e-06	2.99507e-01	2.50000e-01
6.62400e-06	2.76754e-01	2.50000e-01
1.04880e-05	2.65139e-01	2.50000e-01
1.43520e-05	2.57339e-01	2.50000e-01
1.82160e-05	2.51481e-01	2.50000e-01
5.60000e-06	5.65965e-01	6.50000e-01
1.34400e-05	5.13043e-01	6.50000e-01
2.12800e-05	4.86434e-01	6.50000e-01
2.91200e-05	4.68728e-01	6.50000e-01
3.69600e-05	4.55510e-01	6.50000e-01
3.45000e-06	2.93628e-01	2.50000e-01
8.28000e-06	2.71086e-01	2.50000e-01
1.31100e-05	2.59579e-01	2.50000e-01
1.79400e-05	2.51854e-01	2.50000e-01
2.27700e-05	2.46050e-01	2.50000e-01
7.90000e-06	5.44816e-01	6.50000e-01
1.89600e-05	4.93043e-01	6.50000e-01
3.00200e-05	4.67029e-01	6.50000e-01
4.10800e-05	4.49715e-01	6.50000e-01
5.21400e-05	4.36784e-01	6.50000e-01
4.18000e-06	2.88616e-01	2.50000e-01
1.00320e-05	2.66252e-01	2.50000e-01
1.58840e-05	2.54840e-01	2.50000e-01
2.17360e-05	2.47177e-01	2.50000e-01
2.75880e-05	2.41419e-01	2.50000e-01
8.20000e-06	5.42552e-01	6.50000e-01
1.96800e-05	4.90904e-01	6.50000e-01
3.11600e-05	4.64953e-01	6.50000e-01
4.26400e-05	4.47680e-01	6.50000e-01
5.41200e-05	4.34780e-01	6.50000e-01
5.30000e-06	2.82471e-01	2.50000e-01
1.27200e-05	2.60329e-01	2.50000e-01
2.01400e-05	2.49031e-01	2.50000e-01
2.75600e-05	2.41443e-01	2.50000e-01
3.49800e-05	2.35740e-01	2.50000e-01
1.99000e-05	4.90267e-01	6.50000e-01
4.77600e-05	4.41520e-01	6.50000e-01
7.56200e-05	4.17002e-01	6.50000e-01
1.03480e-04	4.00671e-01	6.50000e-01
1.31340e-04	3.88480e-01	6.50000e-01
6.90000e-06	2.75713e-01	2.50000e-01
1.65600e-05	2.53816e-01	2.50000e-01
2.62200e-05	2.42643e-01	2.50000e-01
3.58800e-05	2.35135e-01	2.50000e-01
4.55400e-05	2.29488e-01	2.50000e-01
2.99000e-05	4.67253e-01	6.50000e-01
7.17600e-05	4.19761e-01	6.50000e-01
1.13620e-04	3.95868e-01	6.50000e-01
1.55480e-04	3.79970e-01	6.50000e-01
1.97340e-04	3.68114e-01	6.50000e-01
1.15000e-05	2.62837e-01	2.50000e-01
2.76000e-05	2.41409e-01	2.50000e-01
4.37000e-05	2.30462e-01	2.50000e-01
5.98000e-05	2.23097e-01	2.50000e-01
7.59000e-05	2.17555e-01	2.50000e-01
5.00000e-05	4.39043e-01	6.50000e-01
1.20000e-04	3.93075e-01	6.50000e-01
1.90000e-04	3.69986e-01	6.50000e-01
2.60000e-04	3.54655e-01	6.50000e-01
3.30000e-04	3.43239e-01	6.50000e-01
1.99000e-05	2.49323e-01	2.50000e-01
4.77600e-05	2.28367e-01	2.50000e-01
7.56200e-05	2.17641e-01	2.50000e-01
1.03480e-04	2.10424e-01	2.50000e-01
1.31340e-04	2.04997e-01	2.50000e-01
1.25500e-04	3.90791e-01	6.50000e-01
3.01200e-04	3.47587e-01	6.50000e-01
4.76900e-04	3.26008e-01	6.50000e-01
6.52600e-04	3.11705e-01	6.50000e-01
8.28300e-04	3.01055e-01	6.50000e-01
5.50000e-05	2.25053e-01	2.50000e-01
1.32000e-04	2.04884e-01	2.50000e-01
2.09000e-04	1.94578e-01	2.50000e-01
2.86000e-04	1.87664e-01	2.50000e-01
3.63000e-04	1.82473e-01	2.50000e-01
2.39000e-04	3.58736e-01	6.50000e-01
5.73600e-04	3.17548e-01	6.50000e-01
9.08200e-04	2.96992e-01	6.50000e-01
1.24280e-03	2.83357e-01	6.50000e-01
1.57740e-03	2.73202e-01	6.50000e-01
1.25500e-04	2.06029e-01	2.50000e-01
3.01200e-04	1.86531e-01	2.50000e-01
4.76900e-04	1.76597e-01	2.50000e-01
6.52600e-04	1.69927e-01	2.50000e-01
8.28300e-04	1.64910e-01	2.50000e-01
4.00000e-04	3.34177e-01	6.50000e-01
9.60000e-04	2.94558e-01	6.50000e-01
1.52000e-03	2.74769e-01	6.50000e-01
2.08000e-03	2.61646e-01	6.50000e-01
2.64000e-03	2.51876e-01	6.50000e-01
1.97000e-04	1.95893e-01	2.50000e-01
4.72800e-04	1.76782e-01	2.50000e-01
7.48600e-04	1.67034e-01	2.50000e-01
1.02440e-03	1.60476e-01	2.50000e-01
1.30020e-03	1.55540e-01	2.50000e-01
1.60000e-03	2.72602e-01	6.50000e-01
3.84000e-03	2.36858e-01	6.50000e-01
6.08000e-03	2.18916e-01	6.50000e-01
8.32000e-03	2.06877e-01	6.50000e-01
1.05600e-02	1.97786e-01	6.50000e-01
7.90000e-04	1.65903e-01	2.50000e-01
1.89600e-03	1.47807e-01	2.50000e-01
3.00200e-03	1.38508e-01	2.50000e-01
4.10800e-03	1.32236e-01	2.50000e-01
5.21400e-03	1.27513e-01	2.50000e-01
6.20000e-06	6.69054e-01	8.50000e-01
1.48800e-05	6.02793e-01	8.50000e-01
2.35600e-05	5.69661e-01	8.50000e-01
3.22400e-05	5.47683e-01	8.50000e-01
4.09200e-05	5.31314e-01	8.50000e-01
2.56000e-06	3.91911e-01	3.50000e-01
6.14400e-06	3.60477e-01	3.50000e-01
9.72800e-06	3.44497e-01	3.50000e-01
1.33120e-05	3.33793e-01	3.50000e-01
1.68960e-05	3.25767e-01	3.50000e-01
6.90000e-06	6.60736e-01	8.50000e-01
1.65600e-05	5.94980e-01	8.50000e-01
2.62200e-05	5.62108e-01	8.50000e-01
3.58800e-05	5.40303e-01	8.50000e-01
4.55400e-05	5.24061e-01	8.50000e-01
2.56000e-06	3.91911e-01	3.50000e-01
6.14400e-06	3.60477e-01	3.50000e-01
9.72800e-06	3.44497e-01	3.50000e-01
1.33120e-05	3.33793e-01	3.50000e-01
1.68960e-05	3.25767e-01	3.50000e-01
1.00000e-05	6.32361e-01	8.50000e-01
2.40000e-05	5.68350e-01	8.50000e-01
3.80000e-05	5.36367e-01	8.50000e-01
5.20000e-05	5.15144e-01	8.50000e-01
6.60000e-05	4.99331e-01	8.50000e-01
3.05000e-06	3.85515e-01	3.50000e-01
7.32000e-06	3.54345e-01	3.50000e-01
1.15900e-05	3.38499e-01	3.50000e-01
1.58600e-05	3.27888e-01	3.50000e-01
2.01300e-05	3.19932e-01	3.50000e-01
1.00000e-05	6.32361e-01	8.50000e-01
2.40000e-05	5.68350e-01	8.50000e-01
3.80000e-05	5.36367e-01	8.50000e-01
5.20000e-05	5.15144e-01	8.50000e-01
6.60000e-05	4.99331e-01	8.50000e-01
3.31000e-06	3.82546e-01	3.50000e-01
7.94400e-06	3.51498e-01	3.50000e-01
1.25780e-05	3.35716e-01	3.50000e-01
1.72120e-05	3.25147e-01	3.50000e-01
2.18460e-05	3.17223e-01	3.50000e-01
1.99000e-05	5.81703e-01	8.50000e-01
4.77600e-05	5.20851e-01	8.50000e-01
7.56200e-05	4.90427e-01	8.50000e-01
1.03480e-04	4.70234e-01	8.50000e-01
1.31340e-04	4.55197e-01	8.50000e-01
4.14000e-06	3.74487e-01	3.50000e-01
9.93600e-06	3.43769e-01	3.50000e-01
1.57320e-05	3.28160e-01	3.50000e-01
2.15280e-05	3.17708e-01	3.50000e-01
2.73240e-05	3.09871e-01	3.50000e-01
2.50000e-05	5.65465e-01	8.50000e-01
6.00000e-05	5.05620e-01	8.50000e-01
9.50000e-05	4.75692e-01	8.50000e-01
1.30000e-04	4.55838e-01	8.50000e-01
1.65000e-04	4.41062e-01	8.50000e-01
5.00000e-06	3.67756e-01	3.50000e-01
1.20000e-05	3.37315e-01	3.50000e-01
1.90000e-05	3.21851e-01	3.50000e-01
2.60000e-05	3.11496e-01	3.50000e-01
3.30000e-05	3.03729e-01	3.50000e-01
5.00000e-05	5.17771e-01	8.50000e-01
1.20000e-04	4.60860e-01	8.50000e-01
1.90000e-04	4.32449e-01	8.50000e-01
2.60000e-04	4.13651e-01	8.50000e-01
3.30000e-04	3.99691e-01	8.50000e-01
6.35000e-06	3.59318e-01	3.50000e-01
1.52400e-05	3.29228e-01	3.50000e-01
2.41300e-05	3.13946e-01	3.50000e-01
3.30200e-05	3.03710e-01	3.50000e-01
4.19100e-05	2.96029e-01	3.50000e-01
1.25500e-04	4.58045e-01	8.50000e-01
3.01200e-04	4.05005e-01	8.50000e-01
4.76900e-04	3.78682e-01	8.50000e-01
6.52600e-04	3.61305e-01	8.50000e-01
8.28300e-04	3.48404e-01	8.50000e-01
8.25000e-06	3.50187e-01	3.50000e-01
1.98000e-05	3.20480e-01	3.50000e-01
3.13500e-05	3.05393e-01	3.50000e-01
4.29000e-05	2.95282e-01	3.50000e-01
5.44500e-05	2.87692e-01	3.50000e-01
4.00000e-04	3.88632e-01	8.50000e-01
9.60000e-04	3.40550e-01	8.50000e-01
1.52000e-03	3.16713e-01	8.50000e-01
2.08000e-03	3.00979e-01	8.50000e-01
2.64000e-03	2.89306e-01	8.50000e-01
1.60000e-05	3.27593e-01	3.50000e-01
3.84000e-05	2.98837e-01	3.50000e-01
6.08000e-05	2.84208e-01	3.50000e-01
8.32000e-05	2.74394e-01	3.50000e-01
1.05600e-04	2.67028e-01	3.50000e-01
1.60000e-03	3.14110e-01	8.50000e-01
3.84000e-03	2.71441e-01	8.50000e-01
6.08000e-03	2.50231e-01	8.50000e-01
8.32000e-03	2.36072e-01	8.50000e-01
1.05600e-02	2.25401e-01	8.50000e-01
8.80000e-06	7.97017e-01	1.20000e+00
2.11200e-05	7.11236e-01	1.20000e+00
3.34400e-05	6.68695e-01	1.20000e+00
4.57600e-05	6.40600e-01	1.20000e+00
5.80800e-05	6.19738e-01	1.20000e+00
4.00000e-05	1.00722e+00	2.70000e+00
9.60000e-05	8.73195e-01	2.70000e+00
1.52000e-04	8.08173e-01	2.70000e+00
2.08000e-04	7.65840e-01	2.70000e+00
2.64000e-04	7.34761e-01	2.70000e+00
1.00000e-05	7.84098e-01	1.20000e+00
2.40000e-05	6.99234e-01	1.20000e+00
3.80000e-05	6.57154e-01	1.20000e+00
5.20000e-05	6.29362e-01	1.20000e+00
6.60000e-05	6.08725e-01	1.20000e+00
4.00000e-05	1.00722e+00	2.70000e+00
9.60000e-05	8.73195e-01	2.70000e+00
1.52000e-04	8.08173e-01	2.70000e+00
2.08000e-04	7.65840e-01	2.70000e+00
2.64000e-04	7.34761e-01	2.70000e+00
1.00000e-05	7.84098e-01	1.20000e+00
2.40000e-05	6.99234e-01	1.20000e+00
3.80000e-05	6.57154e-01	1.20000e+00
5.20000e-05	6.29362e-01	1.20000e+00
6.60000e-05	6.08725e-01	1.20000e+00
6.50000e-05	9.31216e-01	2.70000e+00
1.56000e-04	8.04605e-01	2.70000e+00
2.47000e-04	7.43343e-01	2.70000e+00
3.38000e-04	7.03537e-01	2.70000e+00
4.29000e-04	6.74348e-01	2.70000e+00
1.60000e-05	7.37759e-01	1.20000e+00
3.84000e-05	6.56215e-01	1.20000e+00
6.08000e-05	6.15781e-01	1.20000e+00
8.32000e-05	5.89072e-01	1.20000e+00
1.05600e-04	5.69244e-01	1.20000e+00
1.00000e-04	8.67273e-01	2.70000e+00
2.40000e-04	7.47073e-01	2.70000e+00
3.80000e-04	6.89083e-01	2.70000e+00
5.20000e-04	6.51453e-01	2.70000e+00
6.60000e-04	6.23873e-01	2.70000e+00
1.60000e-05	7.37759e-01	1.20000e+00
3.84000e-05	6.56215e-01	1.20000e+00
6.08000e-05	6.15781e-01	1.20000e+00
8.32000e-05	5.89072e-01	1.20000e+00
1.05600e-04	5.69244e-01	1.20000e+00
1.60000e-04	8.01137e-01	2.70000e+00
3.84000e-04	6.87802e-01	2.70000e+00
6.08000e-04	6.33268e-01	2.70000e+00
8.32000e-04	5.97904e-01	2.70000e+00
1.05600e-03	5.71994e-01	2.70000e+00
3.15500e-05	6.73989e-01	1.20000e+00
7.57200e-05	5.97020e-01	1.20000e+00
1.19890e-04	5.58855e-01	1.20000e+00
1.64060e-04	5.33678e-01	1.20000e+00
2.08230e-04	5.15019e-01	1.20000e+00
2.50000e-04	7.41781e-01	2.70000e+00
6.00000e-04	6.34794e-01	2.70000e+00
9.50000e-04	5.83388e-01	2.70000e+00
1.30000e-03	5.50069e-01	2.70000e+00
1.65000e-03	5.25674e-01	2.70000e+00
4.00000e-05	6.52559e-01	1.20000e+00
9.60000e-05	5.77122e-01	1.20000e+00
1.52000e-04	5.39741e-01	1.20000e+00
2.08000e-04	5.15105e-01	1.20000e+00
2.64000e-04	4.96861e-01	1.20000e+00
4.00000e-04	6.82823e-01	2.70000e+00
9.60000e-04	5.82253e-01	2.70000e+00
1.52000e-03	5.33981e-01	2.70000e+00
2.08000e-03	5.02731e-01	2.70000e+00
2.64000e-03	4.79878e-01	2.70000e+00
6.50000e-05	6.10034e-01	1.20000e+00
1.56000e-04	5.37674e-01	1.20000e+00
2.47000e-04	5.01912e-01	1.20000e+00
3.38000e-04	4.78393e-01	1.20000e+00
4.29000e-04	4.60996e-01	1.20000e+00
6.50000e-04	6.25613e-01	2.70000e+00
1.56000e-03	5.31342e-01	2.70000e+00
2.47000e-03	4.86181e-01	2.70000e+00
3.38000e-03	4.56992e-01	2.70000e+00
4.29000e-03	4.35655e-01	2.70000e+00
7.90000e-05	5.93434e-01	1.20000e+00
1.89600e-04	5.22305e-01	1.20000e+00
3.00200e-04	4.87201e-01	1.20000e+00
4.10800e-04	4.64129e-01	1.20000e+00
5.21400e-04	4.47067e-01	1.20000e+00
1.00000e-03	5.77843e-01	2.70000e+00
2.40000e-03	4.88922e-01	2.70000e+00
3.80000e-03	4.46421e-01	2.70000e+00
5.20000e-03	4.18942e-01	2.70000e+00
6.60000e-03	3.98799e-01	2.70000e+00
1.99000e-04	5.18536e-01	1.20000e+00
4.77600e-04	4.53299e-01	1.20000e+00
7.56200e-04	4.21256e-01	1.20000e+00
1.03480e-03	4.00212e-01	1.20000e+00
1.31340e-03	3.84652e-01	1.20000e+00
2.50000e-03	4.85033e-01	2.70000e+00
6.00000e-03	4.06780e-01	2.70000e+00
9.50000e-03	3.69048e-01	2.70000e+00
1.30000e-02	3.44114e-01	2.70000e+00
1.65000e-02	3.25339e-01	2.70000e+00
6.50000e-04	4.31647e-01	1.20000e+00
1.56000e-03	3.73652e-01	1.20000e+00
2.47000e-03	3.45213e-01	1.20000e+00
3.38000e-03	3.26570e-01	1.20000e+00
4.29000e-03	3.12795e-01	1.20000e+00
2.50000e-03	3.44484e-01	1.20000e+00
6.00000e-03	2.93925e-01	1.20000e+00
9.50000e-03	2.68801e-01	1.20000e+00
1.30000e-02	2.51883e-01	1.20000e+00
1.65000e-02	2.39001e-01	1.20000e+00
2.03000e-05	1.28019e+00	3.50000e+00
4.87200e-05	1.10716e+00	3.50000e+00
7.71400e-05	1.02366e+00	3.50000e+00
1.05560e-04	9.69400e-01	3.50000e+00
1.33980e-04	9.29601e-01	3.50000e+00
9.25000e-06	9.05382e-01	1.50000e+00
2.22000e-05	8.03456e-01	1.50000e+00
3.51500e-05	7.53173e-01	1.50000e+00
4.81000e-05	7.20068e-01	1.50000e+00
6.10500e-05	6.95542e-01	1.50000e+00
2.16000e-05	1.26729e+00	3.50000e+00
5.18400e-05	1.09560e+00	3.50000e+00
8.20800e-05	1.01275e+00	3.50000e+00
1.12320e-04	9.58919e-01	3.50000e+00
1.42560e-04	9.19441e-01	3.50000e+00
1.10000e-05	8.84558e-01	1.50000e+00
2.64000e-05	7.84243e-01	1.50000e+00
4.18000e-05	7.34766e-01	1.50000e+00
5.72000e-05	7.02190e-01	1.50000e+00
7.26000e-05	6.78056e-01	1.50000e+00
2.30000e-05	1.25434e+00	3.50000e+00
5.52000e-05	1.08399e+00	3.50000e+00
8.74000e-05	1.00180e+00	3.50000e+00
1.19600e-04	9.48400e-01	3.50000e+00
1.51800e-04	9.09246e-01	3.50000e+00
1.60000e-05	8.40630e-01	1.50000e+00
3.84000e-05	7.43742e-01	1.50000e+00
6.08000e-05	6.95960e-01	1.50000e+00
8.32000e-05	6.64499e-01	1.50000e+00
1.05600e-04	6.41198e-01	1.50000e+00
2.56000e-05	1.23248e+00	3.50000e+00
6.14400e-05	1.06441e+00	3.50000e+00
9.72800e-05	9.83322e-01	3.50000e+00
1.33120e-04	9.30659e-01	3.50000e+00
1.68960e-04	8.92055e-01	3.50000e+00
1.60000e-05	8.40630e-01	1.50000e+00
3.84000e-05	7.43742e-01	1.50000e+00
6.08000e-05	6.95960e-01	1.50000e+00
8.32000e-05	6.64499e-01	1.50000e+00
1.05600e-04	6.41198e-01	1.50000e+00
2.65500e-05	1.22512e+00	3.50000e+00
6.37200e-05	1.05780e+00	3.50000e+00
1.00890e-04	9.77093e-01	3.50000e+00
1.38060e-04	9.24680e-01	3.50000e+00
1.75230e-04	8.86263e-01	3.50000e+00
2.50000e-05	7.90251e-01	1.50000e+00
6.00000e-05	6.97309e-01	1.50000e+00
9.50000e-05	6.51472e-01	1.50000e+00
1.30000e-04	6.21311e-01	1.50000e+00
1.65000e-04	5.98995e-01	1.50000e+00
2.86500e-05	1.20983e+00	3.50000e+00
6.87600e-05	1.04410e+00	3.50000e+00
1.08870e-04	9.64176e-01	3.50000e+00
1.48980e-04	9.12281e-01	3.50000e+00
1.89090e-04	8.74252e-01	3.50000e+00
4.00000e-05	7.39414e-01	1.50000e+00
9.60000e-05	6.50450e-01	1.50000e+00
1.52000e-04	6.06617e-01	1.50000e+00
2.08000e-04	5.77824e-01	1.50000e+00
2.64000e-04	5.56551e-01	1.50000e+00
4.00000e-05	1.14450e+00	3.50000e+00
9.60000e-05	9.85593e-01	3.50000e+00
1.52000e-04	9.09033e-01	3.50000e+00
2.08000e-04	8.59386e-01	3.50000e+00
2.64000e-04	8.23040e-01	3.50000e+00
6.50000e-05	6.89183e-01	1.50000e+00
1.56000e-04	6.04198e-01	1.50000e+00
2.47000e-04	5.62437e-01	1.50000e+00
3.38000e-04	5.35061e-01	1.50000e+00
4.29000e-04	5.14860e-01	1.50000e+00
4.00000e-05	1.14450e+00	3.50000e+00
9.60000e-05	9.85593e-01	3.50000e+00
1.52000e-04	9.09033e-01	3.50000e+00
2.08000e-04	8.59386e-01	3.50000e+00
2.64000e-04	8.23040e-01	3.50000e+00
1.00000e-04	6.46477e-01	1.50000e+00
2.40000e-04	5.64992e-01	1.50000e+00
3.80000e-04	5.25072e-01	1.50000e+00
5.20000e-04	4.98936e-01	1.50000e+00
6.60000e-04	4.79658e-01	1.50000e+00
6.50000e-05	1.05421e+00	3.50000e+00
1.56000e-04	9.04842e-01	3.50000e+00
2.47000e-04	8.33068e-01	3.50000e+00
3.38000e-04	7.86614e-01	3.50000e+00
4.29000e-04	7.52645e-01	3.50000e+00
1.60000e-04	6.01846e-01	1.50000e+00
3.84000e-04	5.24185e-01	1.50000e+00
6.08000e-04	4.86238e-01	1.50000e+00
8.32000e-04	4.61405e-01	1.50000e+00
1.05600e-03	4.43088e-01	1.50000e+00
1.00000e-04	9.78605e-01	3.50000e+00
2.40000e-04	8.37427e-01	3.50000e+00
3.80000e-04	7.69783e-01	3.50000e+00
5.20000e-04	7.26058e-01	3.50000e+00
6.60000e-04	6.94102e-01	3.50000e+00
2.50000e-04	5.61366e-01	1.50000e+00
6.00000e-04	4.87305e-01	1.50000e+00
9.50000e-04	4.51156e-01	1.50000e+00
1.30000e-03	4.27504e-01	1.50000e+00
1.65000e-03	4.10066e-01	1.50000e+00
1.60000e-04	9.00771e-01	3.50000e+00
3.84000e-04	7.68292e-01	3.50000e+00
6.08000e-04	7.04979e-01	3.50000e+00
8.32000e-04	6.64084e-01	3.50000e+00
1.05600e-03	6.34209e-01	3.50000e+00
4.00000e-04	5.20737e-01	1.50000e+00
9.60000e-04	4.50354e-01	1.50000e+00
1.52000e-03	4.16016e-01	1.50000e+00
2.08000e-03	3.93569e-01	1.50000e+00
2.64000e-03	3.77037e-01	1.50000e+00
2.50000e-04	8.31242e-01	3.50000e+00
6.00000e-04	7.06747e-01	3.50000e+00
9.50000e-04	6.47338e-01	3.50000e+00
1.30000e-03	6.08988e-01	3.50000e+00
1.65000e-03	5.80992e-01	3.50000e+00
5.00000e-04	5.02156e-01	1.50000e+00
1.20000e-03	4.33462e-01	1.50000e+00
1.90000e-03	3.99965e-01	1.50000e+00
2.60000e-03	3.78082e-01	1.50000e+00
3.30000e-03	3.61970e-01	1.50000e+00
4.00000e-04	7.62499e-01	3.50000e+00
9.60000e-04	6.46029e-01	3.50000e+00
1.52000e-03	5.90518e-01	3.50000e+00
2.08000e-03	5.54731e-01	3.50000e+00
2.64000e-03	5.28639e-01	3.50000e+00
1.60000e-03	4.12291e-01	1.50000e+00
3.84000e-03	3.51954e-01	1.50000e+00
6.08000e-03	3.22561e-01	1.50000e+00
8.32000e-03	3.03192e-01	1.50000e+00
1.05600e-02	2.88716e-01	1.50000e+00
6.50000e-04	6.96116e-01	3.50000e+00
1.56000e-03	5.87490e-01	3.50000e+00
2.47000e-03	5.35829e-01	3.50000e+00
3.38000e-03	5.02581e-01	3.50000e+00
4.29000e-03	4.78353e-01	3.50000e+00
6.50000e-04	4.80878e-01	1.50000e+00
1.56000e-03	4.14127e-01	1.50000e+00
2.47000e-03	3.81607e-01	1.50000e+00
3.38000e-03	3.60375e-01	1.50000e+00
4.29000e-03	3.44736e-01	1.50000e+00
1.00000e-03	6.40946e-01	3.50000e+00
2.40000e-03	5.38956e-01	3.50000e+00
3.80000e-03	4.90569e-01	3.50000e+00
5.20000e-03	4.59424e-01	3.50000e+00
6.60000e-03	4.36674e-01	3.50000e+00
1.23500e-05	1.02621e+00	2.00000e+00
2.96400e-05	9.02868e-01	2.00000e+00
4.69300e-05	8.42465e-01	2.00000e+00
6.42200e-05	8.02861e-01	2.00000e+00
8.15100e-05	7.73612e-01	2.00000e+00
4.00000e-03	4.85376e-01	3.50000e+00
9.60000e-03	4.02272e-01	3.50000e+00
1.52000e-02	3.61603e-01	3.50000e+00
2.08000e-02	3.34108e-01	3.50000e+00
2.64000e-02	3.12905e-01	3.50000e+00
1.46500e-05	1.00127e+00	2.00000e+00
3.51600e-05	8.80082e-01	2.00000e+00
5.56700e-05	8.20741e-01	2.00000e+00
7.61800e-05	7.81834e-01	2.00000e+00
9.66900e-05	7.53105e-01	2.00000e+00
2.61000e-05	1.38835e+00	4.50000e+00
6.26400e-05	1.19100e+00	4.50000e+00
9.91800e-05	1.09643e+00	4.50000e+00
1.35720e-04	1.03525e+00	4.50000e+00
1.72260e-04	9.90521e-01	4.50000e+00
1.63500e-05	9.85464e-01	2.00000e+00
3.92400e-05	8.65646e-01	2.00000e+00
6.21300e-05	8.06978e-01	2.00000e+00
8.50200e-05	7.68515e-01	2.00000e+00
1.07910e-04	7.40117e-01	2.00000e+00
2.96000e-05	1.35853e+00	4.50000e+00
7.10400e-05	1.16451e+00	4.50000e+00
1.12480e-04	1.07156e+00	4.50000e+00
1.53920e-04	1.01145e+00	4.50000e+00
1.95360e-04	9.67523e-01	4.50000e+00
2.50000e-05	9.25988e-01	2.00000e+00
6.00000e-05	8.11334e-01	2.00000e+00
9.50000e-05	7.55205e-01	2.00000e+00
1.30000e-04	7.18432e-01	2.00000e+00
1.65000e-04	6.91309e-01	2.00000e+00
3.09000e-05	1.34846e+00	4.50000e+00
7.41600e-05	1.15556e+00	4.50000e+00
1.17420e-04	1.06317e+00	4.50000e+00
1.60680e-04	1.00342e+00	4.50000e+00
2.03940e-04	9.59764e-01	4.50000e+00
2.50000e-05	9.25988e-01	2.00000e+00
6.00000e-05	8.11334e-01	2.00000e+00
9.50000e-05	7.55205e-01	2.00000e+00
1.30000e-04	7.18432e-01	2.00000e+00
1.65000e-04	6.91309e-01	2.00000e+00
3.41500e-05	1.32525e+00	4.50000e+00
8.19600e-05	1.13495e+00	4.50000e+00
1.29770e-04	1.04383e+00	4.50000e+00
1.77580e-04	9.84924e-01	4.50000e+00
2.25390e-04	9.41897e-01	4.50000e+00
4.00000e-05	8.63141e-01	2.00000e+00
9.60000e-05	7.53957e-01	2.00000e+00
1.52000e-04	7.00565e-01	2.00000e+00
2.08000e-04	6.65643e-01	2.00000e+00
2.64000e-04	6.39922e-01	2.00000e+00
3.66000e-05	1.30936e+00	4.50000e+00
8.78400e-05	1.12084e+00	4.50000e+00
1.39080e-04	1.03059e+00	4.50000e+00
1.90320e-04	9.72265e-01	4.50000e+00
2.41560e-04	9.29672e-01	4.50000e+00
6.50000e-05	8.01362e-01	2.00000e+00
1.56000e-04	6.97626e-01	2.00000e+00
2.47000e-04	6.47032e-01	2.00000e+00
3.38000e-04	6.14008e-01	2.00000e+00
4.29000e-04	5.89714e-01	2.00000e+00
4.09000e-05	1.28418e+00	4.50000e+00
9.81600e-05	1.09849e+00	4.50000e+00
1.55420e-04	1.00963e+00	4.50000e+00
2.12680e-04	9.52235e-01	4.50000e+00
2.69940e-04	9.10330e-01	4.50000e+00
1.00000e-04	7.49107e-01	2.00000e+00
2.40000e-04	6.50120e-01	2.00000e+00
3.80000e-04	6.01987e-01	2.00000e+00
5.20000e-04	5.70610e-01	2.00000e+00
6.60000e-04	5.47539e-01	2.00000e+00
4.09000e-05	1.28418e+00	4.50000e+00
9.81600e-05	1.09849e+00	4.50000e+00
1.55420e-04	1.00963e+00	4.50000e+00
2.12680e-04	9.52235e-01	4.50000e+00
2.69940e-04	9.10330e-01	4.50000e+00
1.60000e-04	6.94770e-01	2.00000e+00
3.84000e-04	6.00920e-01	2.00000e+00
6.08000e-04	5.55406e-01	2.00000e+00
8.32000e-04	5.25754e-01	2.00000e+00
1.05600e-03	5.03955e-01	2.00000e+00
6.50000e-05	1.18317e+00	4.50000e+00
1.56000e-04	1.00894e+00	4.50000e+00
2.47000e-04	9.25768e-01	4.50000e+00
3.38000e-04	8.72143e-01	4.50000e+00
4.29000e-04	8.33033e-01	4.50000e+00
2.50000e-04	6.45738e-01	2.00000e+00
6.00000e-04	5.56683e-01	2.00000e+00
9.50000e-04	5.13550e-01	2.00000e+00
1.30000e-03	4.85458e-01	2.00000e+00
1.65000e-03	4.64818e-01	2.00000e+00
6.50000e-05	1.18317e+00	4.50000e+00
1.56000e-04	1.00894e+00	4.50000e+00
2.47000e-04	9.25768e-01	4.50000e+00
3.38000e-04	8.72143e-01	4.50000e+00
4.29000e-04	8.33033e-01	4.50000e+00
5.00000e-04	5.74469e-01	2.00000e+00
1.20000e-03	4.92525e-01	2.00000e+00
1.90000e-03	4.52891e-01	2.00000e+00
2.60000e-03	4.27125e-01	2.00000e+00
3.30000e-03	4.08222e-01	2.00000e+00
1.00000e-04	1.09479e+00	4.50000e+00
2.40000e-04	9.30810e-01	4.50000e+00
3.80000e-04	8.52754e-01	4.50000e+00
5.20000e-04	8.02487e-01	4.50000e+00
6.60000e-04	7.65848e-01	4.50000e+00
1.60000e-03	4.67448e-01	2.00000e+00
3.84000e-03	3.96503e-01	2.00000e+00
6.08000e-03	3.62268e-01	2.00000e+00
8.32000e-03	3.39853e-01	2.00000e+00
1.05600e-02	3.23181e-01	2.00000e+00
1.60000e-04	1.00421e+00	4.50000e+00
3.84000e-04	8.51037e-01	4.50000e+00
6.08000e-04	7.78310e-01	4.50000e+00
8.32000e-04	7.31511e-01	4.50000e+00
1.05600e-03	6.97416e-01	4.50000e+00
6.50000e-04	5.48997e-01	2.00000e+00
1.56000e-03	4.69619e-01	2.00000e+00
2.47000e-03	4.31268e-01	2.00000e+00
3.38000e-03	4.06355e-01	2.00000e+00
4.29000e-03	3.88074e-01	2.00000e+00
2.50000e-04	9.23658e-01	4.50000e+00
6.00000e-04	7.80336e-01	4.50000e+00
9.50000e-04	7.12389e-01	4.50000e+00
1.30000e-03	6.68697e-01	4.50000e+00
1.65000e-03	6.36891e-01	4.50000e+00
1.54500e-05	1.16904e+00	2.70000e+00
3.70800e-05	1.01948e+00	2.70000e+00
5.87100e-05	9.46797e-01	2.70000e+00
8.03400e-05	8.99363e-01	2.70000e+00
1.01970e-04	8.64453e-01	2.70000e+00
4.00000e-04	8.44370e-01	4.50000e+00
9.60000e-04	7.10896e-01	4.50000e+00
1.52000e-03	6.47704e-01	4.50000e+00
2.08000e-03	6.07127e-01	4.50000e+00
2.64000e-03	5.77626e-01	4.50000e+00
1.83000e-05	1.13893e+00	2.70000e+00
4.39200e-05	9.92251e-01	2.70000e+00
6.95400e-05	9.20981e-01	2.70000e+00
9.51600e-05	8.74473e-01	2.70000e+00
1.20780e-04	8.40256e-01	2.70000e+00
6.50000e-04	7.68155e-01	4.50000e+00
1.56000e-03	6.44266e-01	4.50000e+00
2.47000e-03	5.85748e-01	4.50000e+00
3.38000e-03	5.48239e-01	4.50000e+00
4.29000e-03	5.20986e-01	4.50000e+00
2.04500e-05	1.11950e+00	2.70000e+00
4.90800e-05	9.74675e-01	2.70000e+00
7.77100e-05	9.04315e-01	2.70000e+00
1.06340e-04	8.58409e-01	2.70000e+00
1.34970e-04	8.24643e-01	2.70000e+00
1.00000e-03	7.05098e-01	4.50000e+00
2.40000e-03	5.89283e-01	4.50000e+00
3.80000e-03	5.34718e-01	4.50000e+00
5.20000e-03	4.99744e-01	4.50000e+00
6.60000e-03	4.74277e-01	4.50000e+00
2.04500e-05	1.11950e+00	2.70000e+00
4.90800e-05	9.74675e-01	2.70000e+00
7.77100e-05	9.04315e-01	2.70000e+00
1.06340e-04	8.58409e-01	2.70000e+00
1.34970e-04	8.24643e-01	2.70000e+00
1.60000e-03	6.40929e-01	4.50000e+00
3.84000e-03	5.33522e-01	4.50000e+00
6.08000e-03	4.82941e-01	4.50000e+00
8.32000e-03	4.50355e-01	4.50000e+00
1.05600e-02	4.26435e-01	4.50000e+00
2.50000e-05	1.08496e+00	2.70000e+00
6.00000e-05	9.43455e-01	2.70000e+00
9.50000e-05	8.74718e-01	2.70000e+00
1.30000e-04	8.29893e-01	2.70000e+00
1.65000e-04	7.96938e-01	2.70000e+00
2.50000e-05	1.08496e+00	2.70000e+00
6.00000e-05	9.43455e-01	2.70000e+00
9.50000e-05	8.74718e-01	2.70000e+00
1.30000e-04	8.29893e-01	2.70000e+00
1.65000e-04	7.96938e-01	2.70000e+00
3.77000e-05	1.54019e+00	6.50000e+00
9.04800e-05	1.30548e+00	6.50000e+00
1.43260e-04	1.19420e+00	6.50000e+00
1.96040e-04	1.12269e+00	6.50000e+00
2.48820e-04	1.07067e+00	6.50000e+00
6.96000e-05	1.76593e+00	1.20000e+01
1.67040e-04	1.46664e+00	1.20000e+01
2.64480e-04	1.32729e+00	1.20000e+01
3.61920e-04	1.23870e+00	1.20000e+01
4.59360e-04	1.17472e+00	1.20000e+01
4.01500e-05	1.52226e+00	6.50000e+00
9.63600e-05	1.28977e+00	6.50000e+00
1.52570e-04	1.17956e+00	6.50000e+00
2.08780e-04	1.10876e+00	6.50000e+00
2.64990e-04	1.05726e+00	6.50000e+00
8.05000e-05	1.71296e+00	1.20000e+01
1.93200e-04	1.42126e+00	1.20000e+01
3.05900e-04	1.28556e+00	1.20000e+01
4.18600e-04	1.19932e+00	1.20000e+01
5.31300e-04	1.13706e+00	1.20000e+01
4.27500e-05	1.50456e+00	6.50000e+00
1.02600e-04	1.27426e+00	6.50000e+00
1.62450e-04	1.16512e+00	6.50000e+00
2.22300e-04	1.09501e+00	6.50000e+00
2.82150e-04	1.04403e+00	6.50000e+00
8.05000e-05	1.71296e+00	1.20000e+01
1.93200e-04	1.42126e+00	1.20000e+01
3.05900e-04	1.28556e+00	1.20000e+01
4.18600e-04	1.19932e+00	1.20000e+01
5.31300e-04	1.13706e+00	1.20000e+01
4.76000e-05	1.47464e+00	6.50000e+00
1.14240e-04	1.24803e+00	6.50000e+00
1.80880e-04	1.14070e+00	6.50000e+00
2.47520e-04	1.07179e+00	6.50000e+00
3.14160e-04	1.02169e+00	6.50000e+00
9.10000e-05	1.66934e+00	1.20000e+01
2.18400e-04	1.38393e+00	1.20000e+01
3.45800e-04	1.25125e+00	1.20000e+01
4.73200e-04	1.16696e+00	1.20000e+01
6.00600e-04	1.10611e+00	1.20000e+01
4.93000e-05	1.46497e+00	6.50000e+00
1.18320e-04	1.23956e+00	6.50000e+00
1.87340e-04	1.13282e+00	6.50000e+00
2.56360e-04	1.06429e+00	6.50000e+00
3.25380e-04	1.01447e+00	6.50000e+00
1.00000e-04	1.63642e+00	1.20000e+01
2.40000e-04	1.35578e+00	1.20000e+01
3.80000e-04	1.22539e+00	1.20000e+01
5.20000e-04	1.14256e+00	1.20000e+01
6.60000e-04	1.08279e+00	1.20000e+01
4.93000e-05	1.46497e+00	6.50000e+00
1.18320e-04	1.23956e+00	6.50000e+00
1.87340e-04	1.13282e+00	6.50000e+00
2.56360e-04	1.06429e+00	6.50000e+00
3.25380e-04	1.01447e+00	6.50000e+00
1.00000e-04	1.63642e+00	1.20000e+01
2.40000e-04	1.35578e+00	1.20000e+01
3.80000e-04	1.22539e+00	1.20000e+01
5.20000e-04	1.14256e+00	1.20000e+01
6.60000e-04	1.08279e+00	1.20000e+01
6.50000e-05	1.39055e+00	6.50000e+00
1.56000e-04	1.17443e+00	6.50000e+00
2.47000e-04	1.07224e+00	6.50000e+00
3.38000e-04	1.00670e+00	6.50000e+00
4.29000e-04	9.59085e-01	6.50000e+00
1.60000e-04	1.48030e+00	1.20000e+01
3.84000e-04	1.22254e+00	1.20000e+01
6.08000e-04	1.10306e+00	1.20000e+01
8.32000e-04	1.02724e+00	1.20000e+01
1.05600e-03	9.72559e-01	1.20000e+01
6.50000e-05	1.39055e+00	6.50000e+00
1.56000e-04	1.17443e+00	6.50000e+00
2.47000e-04	1.07224e+00	6.50000e+00
3.38000e-04	1.00670e+00	6.50000e+00
4.29000e-04	9.59085e-01	6.50000e+00
1.60000e-04	1.48030e+00	1.20000e+01
3.84000e-04	1.22254e+00	1.20000e+01
6.08000e-04	1.10306e+00	1.20000e+01
8.32000e-04	1.02724e+00	1.20000e+01
1.05600e-03	9.72559e-01	1.20000e+01
1.00000e-04	1.28058e+00	6.50000e+00
2.40000e-04	1.07841e+00	6.50000e+00
3.80000e-04	9.83076e-01	6.50000e+00
5.20000e-04	9.22005e-01	6.50000e+00
6.60000e-04	8.77660e-01	6.50000e+00
2.50000e-04	1.34375e+00	1.20000e+01
6.00000e-04	1.10636e+00	1.20000e+01
9.50000e-04	9.96514e-01	1.20000e+01
1.30000e-03	9.26880e-01	1.20000e+01
1.65000e-03	8.76710e-01	1.20000e+01
1.00000e-04	1.28058e+00	6.50000e+00
2.40000e-04	1.07841e+00	6.50000e+00
3.80000e-04	9.83076e-01	6.50000e+00
5.20000e-04	9.22005e-01	6.50000e+00
6.60000e-04	8.77660e-01	6.50000e+00
4.00000e-04	1.21151e+00	1.20000e+01
9.60000e-04	9.94121e-01	1.20000e+01
1.52000e-03	8.93716e-01	1.20000e+01
2.08000e-03	8.30173e-01	1.20000e+01
2.64000e-03	7.84455e-01	1.20000e+01
1.60000e-04	1.16860e+00	6.50000e+00
3.84000e-04	9.80985e-01	6.50000e+00
6.08000e-04	8.92726e-01	6.50000e+00
8.32000e-04	8.36237e-01	6.50000e+00
1.05600e-03	7.95241e-01	6.50000e+00
6.50000e-04	1.08653e+00	1.20000e+01
1.56000e-03	8.88304e-01	1.20000e+01
2.47000e-03	7.96999e-01	1.20000e+01
3.38000e-03	7.39329e-01	1.20000e+01
4.29000e-03	6.97873e-01	1.20000e+01
2.50000e-04	1.06965e+00	6.50000e+00
6.00000e-04	8.95177e-01	6.50000e+00
9.50000e-04	8.13228e-01	6.50000e+00
1.30000e-03	7.60820e-01	6.50000e+00
1.65000e-03	7.22820e-01	6.50000e+00
1.00000e-03	9.84838e-01	1.20000e+01
2.40000e-03	8.02470e-01	1.20000e+01
3.80000e-03	7.18714e-01	1.20000e+01
5.20000e-03	6.65838e-01	1.20000e+01
6.60000e-03	6.27778e-01	1.20000e+01
4.00000e-04	9.72871e-01	6.50000e+00
9.60000e-04	8.11433e-01	6.50000e+00
1.52000e-03	7.35725e-01	6.50000e+00
2.08000e-03	6.87381e-01	6.50000e+00
2.64000e-03	6.52375e-01	6.50000e+00
1.60000e-03	8.83055e-01	1.20000e+01
3.84000e-03	7.16894e-01	1.20000e+01
6.08000e-03	6.40682e-01	1.20000e+01
8.32000e-03	5.92405e-01	1.20000e+01
1.05600e-02	5.57444e-01	1.20000e+01
6.50000e-04	8.80447e-01	6.50000e+00
1.56000e-03	7.31620e-01	6.50000e+00
2.47000e-03	6.62000e-01	6.50000e+00
3.38000e-03	6.17627e-01	6.50000e+00
4.29000e-03	5.85520e-01	6.50000e+00
2.50000e-03	7.94712e-01	1.20000e+01
6.00000e-03	6.42784e-01	1.20000e+01
9.50000e-03	5.72788e-01	1.20000e+01
1.30000e-02	5.27983e-01	1.20000e+01
1.65000e-02	4.95107e-01	1.20000e+01
1.00000e-03	8.04466e-01	6.50000e+00
2.40000e-03	6.66193e-01	6.50000e+00
3.80000e-03	6.01684e-01	6.50000e+00
5.20000e-03	5.60578e-01	6.50000e+00
6.60000e-03	5.30780e-01	6.50000e+00
1.60000e-03	7.27638e-01	6.50000e+00
3.84000e-03	6.00275e-01	6.50000e+00
6.08000e-03	5.40904e-01	6.50000e+00
8.32000e-03	5.02904e-01	6.50000e+00
1.05600e-02	4.75157e-01	6.50000e+00
8.70000e-05	1.83644e+00	1.50000e+01
2.08800e-04	1.51365e+00	1.50000e+01
3.30600e-04	1.36434e+00	1.50000e+01
4.52400e-04	1.26975e+00	1.50000e+01
5.74200e-04	1.20161e+00	1.50000e+01
2.50000e-03	6.60246e-01	6.50000e+00
6.00000e-03	5.42551e-01	6.50000e+00
9.50000e-03	4.87361e-01	6.50000e+00
1.30000e-02	4.51597e-01	6.50000e+00
1.65000e-02	4.25085e-01	6.50000e+00
1.00000e-04	1.78153e+00	1.50000e+01
2.40000e-04	1.46701e+00	1.50000e+01
3.80000e-04	1.32163e+00	1.50000e+01
5.20000e-04	1.22956e+00	1.50000e+01
6.60000e-04	1.16326e+00	1.50000e+01
1.00000e-04	1.78153e+00	1.50000e+01
2.40000e-04	1.46701e+00	1.50000e+01
3.80000e-04	1.32163e+00	1.50000e+01
5.20000e-04	1.22956e+00	1.50000e+01
6.60000e-04	1.16326e+00	1.50000e+01
1.14000e-04	1.73114e+00	1.50000e+01
2.73600e-04	1.42424e+00	1.50000e+01
4.33200e-04	1.28249e+00	1.50000e+01
5.92800e-04	1.19274e+00	1.50000e+01
7.52400e-04	1.12812e+00	1.50000e+01
4.93000e-05	1.64399e+00	8.50000e+00
1.18320e-04	1.38119e+00	8.50000e+00
1.87340e-04	1.25758e+00	8.50000e+00
2.56360e-04	1.17852e+00	8.50000e+00
3.25380e-04	1.12121e+00	8.50000e+00
1.23000e-04	1.70247e+00	1.50000e+01
2.95200e-04	1.39993e+00	1.50000e+01
4.67400e-04	1.26024e+00	1.50000e+01
6.39600e-04	1.17182e+00	1.50000e+01
8.11800e-04	1.10816e+00	1.50000e+01
5.25000e-05	1.62385e+00	8.50000e+00
1.26000e-04	1.36371e+00	8.50000e+00
1.99500e-04	1.24139e+00	8.50000e+00
2.73000e-04	1.16318e+00	8.50000e+00
3.46500e-04	1.10648e+00	8.50000e+00
1.60000e-04	1.60630e+00	1.50000e+01
3.84000e-04	1.31847e+00	1.50000e+01
6.08000e-04	1.18573e+00	1.50000e+01
8.32000e-04	1.10176e+00	1.50000e+01
1.05600e-03	1.04134e+00	1.50000e+01
5.60000e-05	1.60340e+00	8.50000e+00
1.34400e-04	1.34596e+00	8.50000e+00
2.12800e-04	1.22495e+00	8.50000e+00
2.91200e-04	1.14760e+00	8.50000e+00
3.69600e-04	1.09153e+00	8.50000e+00
1.60000e-04	1.60630e+00	1.50000e+01
3.84000e-04	1.31847e+00	1.50000e+01
6.08000e-04	1.18573e+00	1.50000e+01
8.32000e-04	1.10176e+00	1.50000e+01
1.05600e-03	1.04134e+00	1.50000e+01
6.20000e-05	1.57157e+00	8.50000e+00
1.48800e-04	1.31835e+00	8.50000e+00
2.35600e-04	1.19940e+00	8.50000e+00
3.22400e-04	1.12338e+00	8.50000e+00
4.09200e-04	1.06829e+00	8.50000e+00
2.50000e-04	1.45357e+00	1.50000e+01
6.00000e-04	1.18940e+00	1.50000e+01
9.50000e-04	1.06780e+00	1.50000e+01
1.30000e-03	9.90953e-01	1.50000e+01
1.65000e-03	9.35714e-01	1.50000e+01
6.45000e-05	1.55934e+00	8.50000e+00
1.54800e-04	1.30776e+00	8.50000e+00
2.45100e-04	1.18959e+00	8.50000e+00
3.35400e-04	1.11408e+00	8.50000e+00
4.25700e-04	1.05937e+00	8.50000e+00
4.00000e-04	1.30619e+00	1.50000e+01
9.60000e-04	1.06515e+00	1.50000e+01
1.52000e-03	9.54427e-01	1.50000e+01
2.08000e-03	8.84575e-01	1.50000e+01
2.64000e-03	8.34432e-01	1.50000e+01
6.95000e-05	1.53647e+00	8.50000e+00
1.66800e-04	1.28793e+00	8.50000e+00
2.64100e-04	1.17124e+00	8.50000e+00
3.61400e-04	1.09671e+00	8.50000e+00
4.58700e-04	1.04270e+00	8.50000e+00
6.50000e-04	1.16742e+00	1.50000e+01
1.56000e-03	9.48470e-01	1.50000e+01
2.47000e-03	8.48181e-01	1.50000e+01
3.38000e-03	7.85039e-01	1.50000e+01
4.29000e-03	7.39756e-01	1.50000e+01
6.95000e-05	1.53647e+00	8.50000e+00
1.66800e-04	1.28793e+00	8.50000e+00
2.64100e-04	1.17124e+00	8.50000e+00
3.61400e-04	1.09671e+00	8.50000e+00
4.58700e-04	1.04270e+00	8.50000e+00
1.00000e-03	1.05490e+00	1.50000e+01
2.40000e-03	8.54179e-01	1.50000e+01
3.80000e-03	7.62509e-01	1.50000e+01
5.20000e-03	7.04829e-01	1.50000e+01
6.60000e-03	6.63415e-01	1.50000e+01
1.00000e-04	1.42884e+00	8.50000e+00
2.40000e-04	1.19480e+00	8.50000e+00
3.80000e-04	1.08515e+00	8.50000e+00
5.20000e-04	1.01518e+00	8.50000e+00
6.60000e-04	9.64509e-01	8.50000e+00
1.60000e-03	9.42694e-01	1.50000e+01
3.84000e-03	7.60522e-01	1.50000e+01
6.08000e-03	6.77446e-01	1.50000e+01
8.32000e-03	6.25014e-01	1.50000e+01
1.05600e-02	5.87158e-01	1.50000e+01
1.00000e-04	1.42884e+00	8.50000e+00
2.40000e-04	1.19480e+00	8.50000e+00
3.80000e-04	1.08515e+00	8.50000e+00
5.20000e-04	1.01518e+00	8.50000e+00
6.60000e-04	9.64509e-01	8.50000e+00
2.50000e-03	8.45673e-01	1.50000e+01
6.00000e-03	6.79732e-01	1.50000e+01
9.50000e-03	6.03760e-01	1.50000e+01
1.30000e-02	5.55342e-01	1.50000e+01
1.65000e-02	5.19944e-01	1.50000e+01
1.60000e-04	1.29895e+00	8.50000e+00
3.84000e-04	1.08275e+00	8.50000e+00
6.08000e-04	9.81711e-01	8.50000e+00
8.32000e-04	9.17287e-01	8.50000e+00
1.05600e-03	8.70661e-01	8.50000e+00
4.00000e-03	7.52816e-01	1.50000e+01
9.60000e-03	6.02103e-01	1.50000e+01
1.52000e-02	5.32017e-01	1.50000e+01
2.08000e-02	4.86332e-01	1.50000e+01
2.64000e-02	4.52078e-01	1.50000e+01
2.50000e-04	1.18470e+00	8.50000e+00
6.00000e-04	9.84511e-01	8.50000e+00
9.50000e-04	8.91104e-01	8.50000e+00
1.30000e-03	8.31601e-01	8.50000e+00
1.65000e-03	7.88577e-01	8.50000e+00
4.00000e-04	1.07344e+00	8.50000e+00
9.60000e-04	8.89063e-01	8.50000e+00
1.52000e-03	8.03176e-01	8.50000e+00
2.08000e-03	7.48549e-01	8.50000e+00
2.64000e-03	7.09106e-01	8.50000e+00
1.04500e-04	1.88791e+00	1.80000e+01
2.50800e-04	1.54626e+00	1.80000e+01
3.97100e-04	1.38904e+00	1.80000e+01
5.43400e-04	1.28972e+00	1.80000e+01
6.89700e-04	1.21833e+00	1.80000e+01
6.50000e-04	9.67691e-01	8.50000e+00
1.56000e-03	7.98531e-01	8.50000e+00
2.47000e-03	7.19941e-01	8.50000e+00
3.38000e-03	6.70051e-01	8.50000e+00
4.29000e-03	6.34056e-01	8.50000e+00
1.18500e-04	1.83523e+00	1.80000e+01
2.84400e-04	1.50181e+00	1.80000e+01
4.50300e-04	1.34848e+00	1.80000e+01
6.16200e-04	1.25164e+00	1.80000e+01
7.82100e-04	1.18205e+00	1.80000e+01
1.00000e-03	8.81143e-01	8.50000e+00
2.40000e-03	7.24663e-01	8.50000e+00
3.80000e-03	6.52165e-01	8.50000e+00
5.20000e-03	6.06160e-01	8.50000e+00
6.60000e-03	5.72914e-01	8.50000e+00
1.34000e-04	1.78493e+00	1.80000e+01
3.21600e-04	1.45941e+00	1.80000e+01
5.09200e-04	1.30979e+00	1.80000e+01
6.96800e-04	1.21534e+00	1.80000e+01
8.84400e-04	1.14747e+00	1.80000e+01
1.60000e-03	7.94026e-01	8.50000e+00
3.84000e-03	6.50586e-01	8.50000e+00
6.08000e-03	5.84199e-01	8.50000e+00
8.32000e-03	5.41902e-01	8.50000e+00
1.05600e-02	5.11131e-01	8.50000e+00
1.34000e-04	1.78493e+00	1.80000e+01
3.21600e-04	1.45941e+00	1.80000e+01
5.09200e-04	1.30979e+00	1.80000e+01
6.96800e-04	1.21534e+00	1.80000e+01
8.84400e-04	1.14747e+00	1.80000e+01
2.50000e-03	7.17965e-01	8.50000e+00
6.00000e-03	5.86036e-01	8.50000e+00
9.50000e-03	5.24652e-01	8.50000e+00
1.30000e-02	4.85091e-01	8.50000e+00
1.65000e-02	4.55897e-01	8.50000e+00
1.64000e-04	1.70481e+00	1.80000e+01
3.93600e-04	1.39193e+00	1.80000e+01
6.23200e-04	1.24827e+00	1.80000e+01
8.52800e-04	1.15761e+00	1.80000e+01
1.08240e-03	1.09250e+00	1.80000e+01
1.64000e-04	1.70481e+00	1.80000e+01
3.93600e-04	1.39193e+00	1.80000e+01
6.23200e-04	1.24827e+00	1.80000e+01
8.52800e-04	1.15761e+00	1.80000e+01
1.08240e-03	1.09250e+00	1.80000e+01
6.50000e-05	1.66444e+00	1.00000e+01
1.56000e-04	1.38979e+00	1.00000e+01
2.47000e-04	1.26130e+00	1.00000e+01
3.38000e-04	1.17939e+00	1.00000e+01
4.29000e-04	1.12013e+00	1.00000e+01
2.50000e-04	1.54740e+00	1.80000e+01
6.00000e-04	1.25963e+00	1.80000e+01
9.50000e-04	1.12774e+00	1.80000e+01
1.30000e-03	1.04460e+00	1.80000e+01
1.65000e-03	9.84947e-01	1.80000e+01
1.00000e-04	1.52422e+00	1.00000e+01
2.40000e-04	1.26904e+00	1.00000e+01
3.80000e-04	1.14996e+00	1.00000e+01
5.20000e-04	1.07414e+00	1.00000e+01
6.60000e-04	1.01932e+00	1.00000e+01
2.50000e-04	1.54740e+00	1.80000e+01
6.00000e-04	1.25963e+00	1.80000e+01
9.50000e-04	1.12774e+00	1.80000e+01
1.30000e-03	1.04460e+00	1.80000e+01
1.65000e-03	9.84947e-01	1.80000e+01
1.60000e-04	1.38244e+00	1.00000e+01
3.84000e-04	1.14736e+00	1.00000e+01
6.08000e-04	1.03792e+00	1.00000e+01
8.32000e-04	9.68305e-01	1.00000e+01
1.05600e-03	9.18002e-01	1.00000e+01
4.00000e-04	1.38666e+00	1.80000e+01
9.60000e-04	1.12487e+00	1.80000e+01
1.52000e-03	1.00514e+00	1.80000e+01
2.08000e-03	9.29809e-01	1.80000e+01
2.64000e-03	8.75830e-01	1.80000e+01
2.50000e-04	1.25806e+00	1.00000e+01
6.00000e-04	1.04095e+00	1.00000e+01
9.50000e-04	9.40049e-01	1.00000e+01
1.30000e-03	8.75918e-01	1.00000e+01
1.65000e-03	8.29627e-01	1.00000e+01
6.50000e-04	1.23576e+00	1.80000e+01
1.56000e-03	9.98714e-01	1.80000e+01
2.47000e-03	8.90622e-01	1.80000e+01
3.38000e-03	8.22745e-01	1.80000e+01
4.29000e-03	7.74158e-01	1.80000e+01
4.00000e-04	1.13727e+00	1.00000e+01
9.60000e-04	9.37847e-01	1.00000e+01
1.52000e-03	8.45327e-01	1.00000e+01
2.08000e-03	7.86620e-01	1.00000e+01
2.64000e-03	7.44302e-01	1.00000e+01
1.00000e-03	1.11377e+00	1.80000e+01
2.40000e-03	8.97078e-01	1.80000e+01
3.80000e-03	7.98561e-01	1.80000e+01
5.20000e-03	7.36741e-01	1.80000e+01
6.60000e-03	6.92445e-01	1.80000e+01
6.50000e-04	1.02276e+00	1.00000e+01
1.56000e-03	8.40331e-01	1.00000e+01
2.47000e-03	7.55921e-01	1.00000e+01
3.38000e-03	7.02463e-01	1.00000e+01
4.29000e-03	6.63962e-01	1.00000e+01
1.60000e-03	9.92480e-01	1.80000e+01
3.84000e-03	7.96429e-01	1.80000e+01
6.08000e-03	7.07443e-01	1.80000e+01
8.32000e-03	6.51449e-01	1.80000e+01
1.05600e-02	6.11119e-01	1.80000e+01
1.00000e-03	9.29305e-01	1.00000e+01
2.40000e-03	7.60986e-01	1.00000e+01
3.80000e-03	6.83325e-01	1.00000e+01
5.20000e-03	6.34164e-01	1.00000e+01
6.60000e-03	5.98705e-01	1.00000e+01
2.50000e-03	8.87924e-01	1.80000e+01
6.00000e-03	7.09888e-01	1.80000e+01
9.50000e-03	6.28795e-01	1.80000e+01
1.30000e-02	5.77299e-01	1.80000e+01
1.65000e-02	5.39761e-01	1.80000e+01
2.50000e-03	7.53802e-01	1.00000e+01
6.00000e-03	6.12693e-01	1.00000e+01
9.50000e-03	5.47344e-01	1.00000e+01
1.30000e-02	5.05362e-01	1.00000e+01
1.65000e-02	4.74466e-01	1.00000e+01
4.00000e-03	7.88162e-01	1.80000e+01
9.60000e-03	6.27030e-01	1.80000e+01
1.52000e-02	5.52552e-01	1.80000e+01
2.08000e-02	5.04218e-01	1.80000e+01
2.64000e-02	4.68109e-01	1.80000e+01
1.45000e-04	1.88181e+00	2.20000e+01
3.48000e-04	1.52897e+00	2.20000e+01
5.51000e-04	1.36760e+00	2.20000e+01
7.54000e-04	1.26602e+00	2.20000e+01
9.57000e-04	1.19318e+00	2.20000e+01
1.00000e-03	1.33941e+00	3.50000e+01
2.40000e-03	1.05671e+00	3.50000e+01
3.80000e-03	9.30294e-01	3.50000e+01
5.20000e-03	8.51744e-01	3.50000e+01
6.60000e-03	7.95879e-01	3.50000e+01
1.60000e-04	1.83895e+00	2.20000e+01
3.84000e-04	1.49310e+00	2.20000e+01
6.08000e-04	1.33500e+00	2.20000e+01
8.32000e-04	1.23550e+00	2.20000e+01
1.05600e-03	1.16417e+00	2.20000e+01
1.60000e-03	1.18043e+00	3.50000e+01
3.84000e-03	9.27575e-01	3.50000e+01
6.08000e-03	8.14751e-01	3.50000e+01
8.32000e-03	7.44529e-01	3.50000e+01
1.05600e-02	6.94393e-01	3.50000e+01
1.72500e-04	1.80677e+00	2.20000e+01
4.14000e-04	1.46617e+00	2.20000e+01
6.55500e-04	1.31054e+00	2.20000e+01
8.97000e-04	1.21260e+00	2.20000e+01
1.13850e-03	1.14241e+00	2.20000e+01
2.50000e-03	1.04490e+00	3.50000e+01
6.00000e-03	8.17832e-01	3.50000e+01
9.50000e-03	7.16316e-01	3.50000e+01
1.30000e-02	6.52681e-01	3.50000e+01
1.65000e-02	6.06792e-01	3.50000e+01
1.94000e-04	1.75747e+00	2.20000e+01
4.65600e-04	1.42496e+00	2.20000e+01
7.37200e-04	1.27310e+00	2.20000e+01
1.00880e-03	1.17757e+00	2.20000e+01
1.28040e-03	1.10912e+00	2.20000e+01
4.00000e-03	9.17037e-01	3.50000e+01
9.60000e-03	7.14124e-01	3.50000e+01
1.52000e-02	6.22377e-01	3.50000e+01
2.08000e-02	5.63788e-01	3.50000e+01
2.64000e-02	5.20596e-01	3.50000e+01
2.50000e-04	1.65495e+00	2.20000e+01
6.00000e-04	1.33935e+00	2.20000e+01
9.50000e-04	1.19537e+00	2.20000e+01
1.30000e-03	1.10488e+00	2.20000e+01
1.65000e-03	1.04007e+00	2.20000e+01
2.50000e-04	1.65495e+00	2.20000e+01
6.00000e-04	1.33935e+00	2.20000e+01
9.50000e-04	1.19537e+00	2.20000e+01
1.30000e-03	1.10488e+00	2.20000e+01
1.65000e-03	1.04007e+00	2.20000e+01
2.96000e-04	1.58955e+00	2.20000e+01
7.10400e-04	1.28480e+00	2.20000e+01
1.12480e-03	1.14589e+00	2.20000e+01
1.53920e-03	1.05862e+00	2.20000e+01
1.95360e-03	9.96166e-01	2.20000e+01
4.00000e-04	1.47843e+00	2.20000e+01
9.60000e-04	1.19225e+00	2.20000e+01
1.52000e-03	1.06200e+00	2.20000e+01
2.08000e-03	9.80279e-01	2.20000e+01
2.64000e-03	9.21844e-01	2.20000e+01
6.50000e-04	1.31326e+00	2.20000e+01
1.56000e-03	1.05502e+00	2.20000e+01
2.47000e-03	9.37847e-01	2.20000e+01
3.38000e-03	8.64479e-01	2.20000e+01
4.29000e-03	8.12071e-01	2.20000e+01
2.95000e-04	1.98564e+00	4.50000e+01
7.08000e-04	1.57017e+00	4.50000e+01
1.12100e-03	1.38395e+00	4.50000e+01
1.53400e-03	1.26814e+00	4.50000e+01
1.94700e-03	1.18586e+00	4.50000e+01
1.00000e-03	1.18015e+00	2.20000e+01
2.40000e-03	9.44833e-01	2.20000e+01
3.80000e-03	8.38381e-01	2.20000e+01
5.20000e-03	7.71779e-01	2.20000e+01
6.60000e-03	7.24164e-01	2.20000e+01
3.17000e-04	1.94825e+00	4.50000e+01
7.60800e-04	1.53966e+00	4.50000e+01
1.20460e-03	1.35661e+00	4.50000e+01
1.64840e-03	1.24281e+00	4.50000e+01
2.09220e-03	1.16197e+00	4.50000e+01
1.60000e-03	1.04825e+00	2.20000e+01
3.84000e-03	8.36081e-01	2.20000e+01
6.08000e-03	7.40275e-01	2.20000e+01
8.32000e-03	6.80188e-01	2.20000e+01
1.05600e-02	6.37025e-01	2.20000e+01
3.50000e-04	1.89776e+00	4.50000e+01
8.40000e-04	1.49850e+00	4.50000e+01
1.33000e-03	1.31974e+00	4.50000e+01
1.82000e-03	1.20865e+00	4.50000e+01
2.31000e-03	1.12976e+00	4.50000e+01
2.50000e-03	9.34927e-01	2.20000e+01
6.00000e-03	7.42902e-01	2.20000e+01
9.50000e-03	6.55929e-01	2.20000e+01
1.30000e-02	6.00915e-01	2.20000e+01
1.65000e-02	5.60944e-01	2.20000e+01
4.00000e-04	1.83148e+00	4.50000e+01
9.60000e-04	1.44451e+00	4.50000e+01
1.52000e-03	1.27140e+00	4.50000e+01
2.08000e-03	1.16389e+00	4.50000e+01
2.64000e-03	1.08758e+00	4.50000e+01
4.00000e-03	8.27167e-01	2.20000e+01
9.60000e-03	6.54041e-01	2.20000e+01
1.52000e-02	5.74551e-01	2.20000e+01
2.08000e-02	5.23215e-01	2.20000e+01
2.64000e-02	4.85017e-01	2.20000e+01
4.00000e-04	1.83148e+00	4.50000e+01
9.60000e-04	1.44451e+00	4.50000e+01
1.52000e-03	1.27140e+00	4.50000e+01
2.08000e-03	1.16389e+00	4.50000e+01
2.64000e-03	1.08758e+00	4.50000e+01
4.60000e-04	1.76427e+00	4.50000e+01
1.10400e-03	1.38982e+00	4.50000e+01
1.74800e-03	1.22247e+00	4.50000e+01
2.39200e-03	1.11861e+00	4.50000e+01
3.03600e-03	1.04491e+00	4.50000e+01
5.50000e-04	1.68145e+00	4.50000e+01
1.32000e-03	1.32252e+00	4.50000e+01
2.09000e-03	1.16231e+00	4.50000e+01
2.86000e-03	1.06296e+00	4.50000e+01
3.63000e-03	9.92488e-01	4.50000e+01
1.57000e-04	1.98101e+00	2.70000e+01
3.76800e-04	1.59905e+00	2.70000e+01
5.96600e-04	1.42525e+00	2.70000e+01
8.16400e-04	1.31616e+00	2.70000e+01
1.03620e-03	1.23811e+00	2.70000e+01
6.50000e-04	1.60710e+00	4.50000e+01
1.56000e-03	1.26218e+00	4.50000e+01
2.47000e-03	1.10843e+00	4.50000e+01
3.38000e-03	1.01314e+00	4.50000e+01
4.29000e-03	9.45573e-01	4.50000e+01
1.67500e-04	1.95031e+00	2.70000e+01
4.02000e-04	1.57352e+00	2.70000e+01
6.36500e-04	1.40212e+00	2.70000e+01
8.71000e-04	1.29456e+00	2.70000e+01
1.10550e-03	1.21761e+00	2.70000e+01
6.50000e-04	1.60710e+00	4.50000e+01
1.56000e-03	1.26218e+00	4.50000e+01
2.47000e-03	1.10843e+00	4.50000e+01
3.38000e-03	1.01314e+00	4.50000e+01
4.29000e-03	9.45573e-01	4.50000e+01
1.77500e-04	1.92315e+00	2.70000e+01
4.26000e-04	1.55094e+00	2.70000e+01
6.74500e-04	1.38168e+00	2.70000e+01
9.23000e-04	1.27547e+00	2.70000e+01
1.17150e-03	1.19951e+00	2.70000e+01
1.00000e-03	1.42835e+00	4.50000e+01
2.40000e-03	1.11754e+00	4.50000e+01
3.80000e-03	9.79438e-01	4.50000e+01
5.20000e-03	8.93938e-01	4.50000e+01
6.60000e-03	8.33301e-01	4.50000e+01
2.05000e-04	1.85710e+00	2.70000e+01
4.92000e-04	1.49607e+00	2.70000e+01
7.79000e-04	1.33200e+00	2.70000e+01
1.06600e-03	1.22910e+00	2.70000e+01
1.35300e-03	1.15552e+00	2.70000e+01
1.60000e-03	1.25325e+00	4.50000e+01
3.84000e-03	9.76473e-01	4.50000e+01
6.08000e-03	8.53769e-01	4.50000e+01
8.32000e-03	7.77707e-01	4.50000e+01
1.05600e-02	7.23581e-01	4.50000e+01
2.05000e-04	1.85710e+00	2.70000e+01
4.92000e-04	1.49607e+00	2.70000e+01
7.79000e-04	1.33200e+00	2.70000e+01
1.06600e-03	1.22910e+00	2.70000e+01
1.35300e-03	1.15552e+00	2.70000e+01
2.50000e-03	1.10462e+00	4.50000e+01
6.00000e-03	8.57112e-01	4.50000e+01
9.50000e-03	7.47229e-01	4.50000e+01
1.30000e-02	6.78681e-01	4.50000e+01
1.65000e-02	6.29446e-01	4.50000e+01
2.50000e-04	1.76930e+00	2.70000e+01
6.00000e-04	1.42320e+00	2.70000e+01
9.50000e-04	1.26607e+00	2.70000e+01
1.30000e-03	1.16758e+00	2.70000e+01
1.65000e-03	1.09721e+00	2.70000e+01
4.00000e-03	9.64990e-01	4.50000e+01
9.60000e-03	7.44862e-01	4.50000e+01
1.52000e-02	6.46148e-01	4.50000e+01
2.08000e-02	5.83485e-01	4.50000e+01
2.64000e-02	5.37523e-01	4.50000e+01
2.50000e-04	1.76930e+00	2.70000e+01
6.00000e-04	1.42320e+00	2.70000e+01
9.50000e-04	1.26607e+00	2.70000e+01
1.30000e-03	1.16758e+00	2.70000e+01
1.65000e-03	1.09721e+00	2.70000e+01
4.00000e-04	1.57547e+00	2.70000e+01
9.60000e-04	1.26267e+00	2.70000e+01
1.52000e-03	1.12101e+00	2.70000e+01
2.08000e-03	1.03238e+00	2.70000e+01
2.64000e-03	9.69142e-01	2.70000e+01
4.00000e-04	1.57547e+00	2.70000e+01
9.60000e-04	1.26267e+00	2.70000e+01
1.52000e-03	1.12101e+00	2.70000e+01
2.08000e-03	1.03238e+00	2.70000e+01
2.64000e-03	9.69142e-01	2.70000e+01
6.50000e-04	1.39469e+00	2.70000e+01
1.56000e-03	1.11342e+00	2.70000e+01
2.47000e-03	9.86449e-01	2.70000e+01
3.38000e-03	9.07176e-01	2.70000e+01
4.29000e-03	8.50669e-01	2.70000e+01
1.00000e-03	1.24949e+00	2.70000e+01
2.40000e-03	9.94007e-01	2.70000e+01
3.80000e-03	8.79024e-01	2.70000e+01
5.20000e-03	8.07300e-01	2.70000e+01
6.60000e-03	7.56142e-01	2.70000e+01
4.00000e-04	1.98346e+00	6.00000e+01
9.60000e-04	1.54989e+00	6.00000e+01
1.52000e-03	1.35729e+00	6.00000e+01
2.08000e-03	1.23815e+00	6.00000e+01
2.64000e-03	1.15383e+00	6.00000e+01
1.60000e-03	1.10608e+00	2.70000e+01
3.84000e-03	8.76544e-01	2.70000e+01
6.08000e-03	7.73439e-01	2.70000e+01
8.32000e-03	7.08993e-01	2.70000e+01
1.05600e-02	6.62824e-01	2.70000e+01
4.30000e-04	1.94403e+00	6.00000e+01
1.03200e-03	1.51809e+00	6.00000e+01
1.63400e-03	1.32896e+00	6.00000e+01
2.23600e-03	1.21202e+00	6.00000e+01
2.83800e-03	1.12927e+00	6.00000e+01
2.50000e-03	9.83290e-01	2.70000e+01
6.00000e-03	7.76261e-01	2.70000e+01
9.50000e-03	6.83030e-01	2.70000e+01
1.30000e-02	6.24293e-01	2.70000e+01
1.65000e-02	5.81758e-01	2.70000e+01
4.70000e-04	1.89648e+00	6.00000e+01
1.12800e-03	1.47975e+00	6.00000e+01
1.78600e-03	1.29483e+00	6.00000e+01
2.44400e-03	1.18054e+00	6.00000e+01
3.10200e-03	1.09969e+00	6.00000e+01
4.00000e-03	8.66934e-01	2.70000e+01
9.60000e-03	6.81011e-01	2.70000e+01
1.52000e-02	5.96223e-01	2.70000e+01
2.08000e-02	5.41737e-01	2.70000e+01
2.64000e-02	5.01361e-01	2.70000e+01
5.50000e-04	1.81492e+00	6.00000e+01
1.32000e-03	1.41406e+00	6.00000e+01
2.09000e-03	1.23640e+00	6.00000e+01
2.86000e-03	1.12667e+00	6.00000e+01
3.63000e-03	1.04908e+00	6.00000e+01
6.50000e-04	1.73159e+00	6.00000e+01
1.56000e-03	1.34705e+00	6.00000e+01
2.47000e-03	1.17685e+00	6.00000e+01
3.38000e-03	1.07180e+00	6.00000e+01
4.29000e-03	9.97532e-01	6.00000e+01
6.50000e-04	1.73159e+00	6.00000e+01
1.56000e-03	1.34705e+00	6.00000e+01
2.47000e-03	1.17685e+00	6.00000e+01
3.38000e-03	1.07180e+00	6.00000e+01
4.29000e-03	9.97532e-01	6.00000e+01
7.50000e-04	1.66287e+00	6.00000e+01
1.80000e-03	1.29188e+00	6.00000e+01
2.85000e-03	1.12785e+00	6.00000e+01
3.90000e-03	1.02666e+00	6.00000e+01
4.95000e-03	9.55143e-01	6.00000e+01
2.30000e-04	1.96175e+00	3.50000e+01
5.52000e-04	1.56663e+00	3.50000e+01
8.74000e-04	1.38824e+00	3.50000e+01
1.19600e-03	1.27681e+00	3.50000e+01
1.51800e-03	1.19737e+00	3.50000e+01
1.00000e-03	1.53187e+00	6.00000e+01
2.40000e-03	1.18691e+00	6.00000e+01
3.80000e-03	1.03473e+00	6.00000e+01
5.20000e-03	9.40913e-01	6.00000e+01
6.60000e-03	8.74589e-01	6.00000e+01
2.50000e-04	1.92074e+00	3.50000e+01
6.00000e-04	1.53287e+00	3.50000e+01
9.50000e-04	1.35783e+00	3.50000e+01
1.30000e-03	1.24852e+00	3.50000e+01
1.65000e-03	1.17061e+00	3.50000e+01
1.60000e-03	1.33714e+00	6.00000e+01
3.84000e-03	1.03147e+00	6.00000e+01
6.08000e-03	8.96955e-01	6.00000e+01
8.32000e-03	8.13957e-01	6.00000e+01
1.05600e-02	7.55111e-01	6.00000e+01
2.65500e-04	1.89162e+00	3.50000e+01
6.37200e-04	1.50890e+00	3.50000e+01
1.00890e-03	1.33625e+00	3.50000e+01
1.38060e-03	1.22845e+00	3.50000e+01
1.75230e-03	1.15164e+00	3.50000e+01
2.50000e-03	1.17264e+00	6.00000e+01
6.00000e-03	9.00610e-01	6.00000e+01
9.50000e-03	7.80797e-01	6.00000e+01
1.30000e-02	7.06458e-01	6.00000e+01
1.65000e-02	6.53304e-01	6.00000e+01
2.87000e-04	1.85448e+00	3.50000e+01
6.88800e-04	1.47836e+00	3.50000e+01
1.09060e-03	1.30875e+00	3.50000e+01
1.49240e-03	1.20289e+00	3.50000e+01
1.89420e-03	1.12747e+00	3.50000e+01
4.00000e-03	1.01885e+00	6.00000e+01
9.60000e-03	7.78225e-01	6.00000e+01
1.52000e-02	6.71310e-01	6.00000e+01
2.08000e-02	6.03900e-01	6.00000e+01
2.64000e-02	5.54736e-01	6.00000e+01
3.08000e-04	1.82136e+00	3.50000e+01
7.39200e-04	1.45113e+00	3.50000e+01
1.17040e-03	1.28424e+00	3.50000e+01
1.60160e-03	1.18011e+00	3.50000e+01
2.03280e-03	1.10594e+00	3.50000e+01
3.28500e-04	1.79157e+00	3.50000e+01
7.88400e-04	1.42665e+00	3.50000e+01
1.24830e-03	1.26222e+00	3.50000e+01
1.70820e-03	1.15965e+00	3.50000e+01
2.16810e-03	1.08660e+00	3.50000e+01
4.00000e-04	1.70315e+00	3.50000e+01
9.60000e-04	1.35405e+00	3.50000e+01
1.52000e-03	1.19694e+00	3.50000e+01
2.08000e-03	1.09901e+00	3.50000e+01
2.64000e-03	1.02932e+00	3.50000e+01
4.00000e-04	1.70315e+00	3.50000e+01
9.60000e-04	1.35405e+00	3.50000e+01
1.52000e-03	1.19694e+00	3.50000e+01
2.08000e-03	1.09901e+00	3.50000e+01
2.64000e-03	1.02932e+00	3.50000e+01
5.00000e-04	1.60752e+00	3.50000e+01
1.20000e-03	1.27567e+00	3.50000e+01
1.90000e-03	1.12653e+00	3.50000e+01
2.60000e-03	1.03367e+00	3.50000e+01
3.30000e-03	9.67620e-01	3.50000e+01
6.50000e-04	1.50105e+00	3.50000e+01
1.56000e-03	1.18855e+00	3.50000e+01
2.47000e-03	1.04838e+00	3.50000e+01
3.38000e-03	9.61192e-01	3.50000e+01
4.29000e-03	8.99211e-01	3.50000e+01
4.61000e-04	1.98528e+00	7.00000e+01
1.10640e-03	1.54148e+00	7.00000e+01
1.75180e-03	1.34526e+00	7.00000e+01
2.39720e-03	1.22423e+00	7.00000e+01
3.04260e-03	1.13874e+00	7.00000e+01
5.00000e-04	1.93990e+00	7.00000e+01
1.20000e-03	1.50508e+00	7.00000e+01
1.90000e-03	1.31295e+00	7.00000e+01
2.60000e-03	1.19450e+00	7.00000e+01
3.30000e-03	1.11084e+00	7.00000e+01
5.50000e-04	1.88779e+00	7.00000e+01
1.32000e-03	1.46333e+00	7.00000e+01
2.09000e-03	1.27591e+00	7.00000e+01
2.86000e-03	1.16041e+00	7.00000e+01
3.63000e-03	1.07887e+00	7.00000e+01
6.20000e-04	1.82402e+00	7.00000e+01
1.48800e-03	1.41228e+00	7.00000e+01
2.35600e-03	1.23066e+00	7.00000e+01
3.22400e-03	1.11878e+00	7.00000e+01
4.09200e-03	1.03982e+00	7.00000e+01
1.00000e-03	1.86510e+00	1.50000e+02
2.40000e-03	1.39998e+00	1.50000e+02
3.80000e-03	1.19937e+00	1.50000e+02
5.20000e-03	1.07735e+00	1.50000e+02
6.60000e-03	9.91931e-01	1.50000e+02
6.50000e-04	1.79939e+00	7.00000e+01
1.56000e-03	1.39258e+00	7.00000e+01
2.47000e-03	1.21320e+00	7.00000e+01
3.38000e-03	1.10273e+00	7.00000e+01
4.29000e-03	1.02476e+00	7.00000e+01
1.60000e-03	1.60089e+00	1.50000e+02
3.84000e-03	1.19511e+00	1.50000e+02
6.08000e-03	1.02065e+00	1.50000e+02
8.32000e-03	9.14541e-01	1.50000e+02
1.05600e-02	8.40146e-01	1.50000e+02
6.50000e-04	1.79939e+00	7.00000e+01
1.56000e-03	1.39258e+00	7.00000e+01
2.47000e-03	1.21320e+00	7.00000e+01
3.38000e-03	1.10273e+00	7.00000e+01
4.29000e-03	1.02476e+00	7.00000e+01
1.60000e-03	1.60089e+00	1.50000e+02
3.84000e-03	1.19511e+00	1.50000e+02
6.08000e-03	1.02065e+00	1.50000e+02
8.32000e-03	9.14541e-01	1.50000e+02
1.05600e-02	8.40146e-01	1.50000e+02
1.00000e-03	1.58786e+00	7.00000e+01
2.40000e-03	1.22380e+00	7.00000e+01
3.80000e-03	1.06380e+00	7.00000e+01
5.20000e-03	9.65389e-01	7.00000e+01
6.60000e-03	8.95935e-01	7.00000e+01
2.50000e-03	1.38104e+00	1.50000e+02
6.00000e-03	1.02535e+00	1.50000e+02
9.50000e-03	8.72526e-01	1.50000e+02
1.30000e-02	7.79245e-01	1.50000e+02
1.65000e-02	7.13436e-01	1.50000e+02
1.00000e-03	1.58786e+00	7.00000e+01
2.40000e-03	1.22380e+00	7.00000e+01
3.80000e-03	1.06380e+00	7.00000e+01
5.20000e-03	9.65389e-01	7.00000e+01
6.60000e-03	8.95935e-01	7.00000e+01
4.00000e-03	1.17863e+00	1.50000e+02
9.60000e-03	8.69277e-01	1.50000e+02
1.52000e-02	7.35637e-01	1.50000e+02
2.08000e-02	6.53062e-01	1.50000e+02
2.64000e-02	5.93867e-01	1.50000e+02
1.25000e-03	1.48707e+00	7.00000e+01
3.00000e-03	1.14365e+00	7.00000e+01
4.75000e-03	9.92941e-01	7.00000e+01
6.50000e-03	9.00252e-01	7.00000e+01
8.25000e-03	8.34786e-01	7.00000e+01
1.60000e-03	1.38213e+00	7.00000e+01
3.84000e-03	1.06038e+00	7.00000e+01
6.08000e-03	9.19345e-01	7.00000e+01
8.32000e-03	8.32540e-01	7.00000e+01
1.05600e-02	7.71114e-01	7.00000e+01
2.50000e-03	1.20878e+00	7.00000e+01
6.00000e-03	9.23172e-01	7.00000e+01
9.50000e-03	7.97913e-01	7.00000e+01
1.30000e-02	7.20416e-01	7.00000e+01
1.65000e-02	6.65135e-01	7.00000e+01
4.00000e-03	1.04713e+00	7.00000e+01
9.60000e-03	7.95228e-01	7.00000e+01
1.52000e-02	6.83848e-01	7.00000e+01
2.08000e-02	6.13871e-01	7.00000e+01
2.64000e-02	5.62989e-01	7.00000e+01
1.30000e-03	1.80220e+00	2.00000e+02
3.12000e-03	1.33513e+00	2.00000e+02
4.94000e-03	1.13548e+00	2.00000e+02
6.76000e-03	1.01460e+00	2.00000e+02
8.58000e-03	9.30210e-01	2.00000e+02
1.60000e-03	1.68008e+00	2.00000e+02
3.84000e-03	1.24141e+00	2.00000e+02
6.08000e-03	1.05416e+00	2.00000e+02
8.32000e-03	9.40760e-01	2.00000e+02
1.05600e-02	8.61523e-01	2.00000e+02
6.50000e-04	1.91111e+00	9.00000e+01
1.56000e-03	1.46657e+00	9.00000e+01
2.47000e-03	1.27175e+00	9.00000e+01
3.38000e-03	1.15220e+00	9.00000e+01
4.29000e-03	1.06804e+00	9.00000e+01
1.60000e-03	1.68008e+00	2.00000e+02
3.84000e-03	1.24141e+00	2.00000e+02
6.08000e-03	1.05416e+00	2.00000e+02
8.32000e-03	9.40760e-01	2.00000e+02
1.05600e-02	8.61523e-01	2.00000e+02
7.50000e-04	1.83127e+00	9.00000e+01
1.80000e-03	1.40327e+00	9.00000e+01
2.85000e-03	1.21592e+00	9.00000e+01
3.90000e-03	1.10101e+00	9.00000e+01
4.95000e-03	1.02014e+00	9.00000e+01
2.50000e-03	1.44192e+00	2.00000e+02
6.00000e-03	1.05919e+00	2.00000e+02
9.50000e-03	8.95981e-01	2.00000e+02
1.30000e-02	7.96848e-01	2.00000e+02
1.65000e-02	7.27185e-01	2.00000e+02
1.00000e-03	1.67953e+00	9.00000e+01
2.40000e-03	1.28323e+00	9.00000e+01
3.80000e-03	1.11015e+00	9.00000e+01
5.20000e-03	1.00409e+00	9.00000e+01
6.60000e-03	9.29439e-01	9.00000e+01
2.50000e-03	1.44192e+00	2.00000e+02
6.00000e-03	1.05919e+00	2.00000e+02
9.50000e-03	8.95981e-01	2.00000e+02
1.30000e-02	7.96848e-01	2.00000e+02
1.65000e-02	7.27185e-01	2.00000e+02
1.00000e-03	1.67953e+00	9.00000e+01
2.40000e-03	1.28323e+00	9.00000e+01
3.80000e-03	1.11015e+00	9.00000e+01
5.20000e-03	1.00409e+00	9.00000e+01
6.60000e-03	9.29439e-01	9.00000e+01
4.00000e-03	1.22368e+00	2.00000e+02
9.60000e-03	8.92521e-01	2.00000e+02
1.52000e-02	7.50657e-01	2.00000e+02
2.08000e-02	6.63518e-01	2.00000e+02
2.64000e-02	6.01363e-01	2.00000e+02
1.60000e-03	1.45519e+00	9.00000e+01
3.84000e-03	1.10646e+00	9.00000e+01
6.08000e-03	9.54580e-01	9.00000e+01
8.32000e-03	8.61468e-01	9.00000e+01
1.05600e-02	7.95784e-01	9.00000e+01
2.50000e-03	1.26695e+00	9.00000e+01
6.00000e-03	9.58692e-01	9.00000e+01
9.50000e-03	8.24417e-01	9.00000e+01
1.30000e-02	7.41722e-01	9.00000e+01
1.65000e-02	6.82954e-01	9.00000e+01
4.00000e-03	1.09217e+00	9.00000e+01
9.60000e-03	8.21548e-01	9.00000e+01
1.52000e-02	7.02824e-01	9.00000e+01
2.08000e-02	6.28655e-01	9.00000e+01
2.64000e-02	5.74984e-01	9.00000e+01
8.00000e-04	1.91306e+00	1.20000e+02
1.92000e-03	1.45063e+00	1.20000e+02
3.04000e-03	1.24973e+00	1.20000e+02
4.16000e-03	1.12706e+00	1.20000e+02
5.28000e-03	1.04098e+00	1.20000e+02
1.65000e-03	1.72100e+00	2.50000e+02
3.96000e-03	1.26113e+00	2.50000e+02
6.27000e-03	1.06594e+00	2.50000e+02
8.58000e-03	9.48121e-01	2.50000e+02
1.08900e-02	8.65990e-01	2.50000e+02
8.60000e-04	1.87049e+00	1.20000e+02
2.06400e-03	1.41725e+00	1.20000e+02
3.26800e-03	1.22046e+00	1.20000e+02
4.47200e-03	1.10031e+00	1.20000e+02
5.67600e-03	1.01602e+00	1.20000e+02
2.50000e-03	1.48707e+00	2.50000e+02
6.00000e-03	1.08343e+00	2.50000e+02
9.50000e-03	9.12290e-01	2.50000e+02
1.30000e-02	8.08726e-01	2.50000e+02
1.65000e-02	7.36166e-01	2.50000e+02
9.40000e-04	1.81928e+00	1.20000e+02
2.25600e-03	1.37712e+00	1.20000e+02
3.57200e-03	1.18527e+00	1.20000e+02
4.88800e-03	1.06818e+00	1.20000e+02
6.20400e-03	9.86030e-01	1.20000e+02
2.50000e-03	1.48707e+00	2.50000e+02
6.00000e-03	1.08343e+00	2.50000e+02
9.50000e-03	9.12290e-01	2.50000e+02
1.30000e-02	8.08726e-01	2.50000e+02
1.65000e-02	7.36166e-01	2.50000e+02
1.00000e-03	1.78438e+00	1.20000e+02
2.40000e-03	1.34979e+00	1.20000e+02
3.80000e-03	1.16132e+00	1.20000e+02
5.20000e-03	1.04631e+00	1.20000e+02
6.60000e-03	9.65617e-01	1.20000e+02
4.00000e-03	1.25655e+00	2.50000e+02
9.60000e-03	9.08670e-01	2.50000e+02
1.52000e-02	7.60592e-01	2.50000e+02
2.08000e-02	6.70040e-01	2.50000e+02
2.64000e-02	6.05696e-01	2.50000e+02
1.06000e-03	1.75206e+00	1.20000e+02
2.54400e-03	1.32449e+00	1.20000e+02
4.02800e-03	1.13916e+00	1.20000e+02
5.51200e-03	1.02607e+00	1.20000e+02
6.99600e-03	9.46723e-01	1.20000e+02
1.06000e-03	1.75206e+00	1.20000e+02
2.54400e-03	1.32449e+00	1.20000e+02
4.02800e-03	1.13916e+00	1.20000e+02
5.51200e-03	1.02607e+00	1.20000e+02
6.99600e-03	9.46723e-01	1.20000e+02
1.35000e-03	1.62330e+00	1.20000e+02
3.24000e-03	1.22391e+00	1.20000e+02
5.13000e-03	1.05107e+00	1.20000e+02
7.02000e-03	9.45623e-01	1.20000e+02
8.91000e-03	8.71578e-01	1.20000e+02
1.60000e-03	1.53788e+00	1.20000e+02
3.84000e-03	1.15731e+00	1.20000e+02
6.08000e-03	9.92770e-01	1.20000e+02
8.32000e-03	8.92347e-01	1.20000e+02
1.05600e-02	8.21752e-01	1.20000e+02
1.60000e-03	1.53788e+00	1.20000e+02
3.84000e-03	1.15731e+00	1.20000e+02
6.08000e-03	9.92770e-01	1.20000e+02
8.32000e-03	8.92347e-01	1.20000e+02
1.05600e-02	8.21752e-01	1.20000e+02
2.50000e-03	1.33202e+00	1.20000e+02
6.00000e-03	9.97212e-01	1.20000e+02
9.50000e-03	8.52499e-01	1.20000e+02
1.30000e-02	7.63827e-01	1.20000e+02
1.65000e-02	7.01074e-01	1.20000e+02
4.00000e-03	1.14179e+00	1.20000e+02
9.60000e-03	8.49415e-01	1.20000e+02
1.52000e-02	7.22265e-01	1.20000e+02
2.08000e-02	6.43329e-01	1.20000e+02
2.64000e-02	5.86512e-01	1.20000e+02
1.95000e-03	1.66496e+00	3.00000e+02
4.68000e-03	1.20942e+00	3.00000e+02
7.41000e-03	1.01708e+00	3.00000e+02
1.01400e-02	9.01245e-01	3.00000e+02
1.28700e-02	8.20558e-01	3.00000e+02
2.50000e-03	1.52248e+00	3.00000e+02
6.00000e-03	1.10187e+00	3.00000e+02
9.50000e-03	9.24377e-01	3.00000e+02
1.30000e-02	8.17285e-01	3.00000e+02
1.65000e-02	7.42432e-01	3.00000e+02
2.50000e-03	1.52248e+00	3.00000e+02
6.00000e-03	1.10187e+00	3.00000e+02
9.50000e-03	9.24377e-01	3.00000e+02
1.30000e-02	8.17285e-01	3.00000e+02
1.65000e-02	7.42432e-01	3.00000e+02
4.00000e-03	1.28198e+00	3.00000e+02
9.60000e-03	9.20630e-01	3.00000e+02
1.52000e-02	7.67611e-01	3.00000e+02
2.08000e-02	6.74371e-01	3.00000e+02
2.64000e-02	6.08316e-01	3.00000e+02
4.00000e-03	1.28198e+00	3.00000e+02
9.60000e-03	9.20630e-01	3.00000e+02
1.52000e-02	7.67611e-01	3.00000e+02
2.08000e-02	6.74371e-01	3.00000e+02
2.64000e-02	6.08316e-01	3.00000e+02
2.65000e-03	1.54149e+00	4.00000e+02
6.36000e-03	1.10308e+00	4.00000e+02
1.00700e-02	9.19423e-01	4.00000e+02
1.37800e-02	8.09053e-01	4.00000e+02
1.74900e-02	7.32115e-01	4.00000e+02
4.00000e-03	1.31936e+00	4.00000e+02
9.60000e-03	9.37248e-01	4.00000e+02
1.52000e-02	7.76728e-01	4.00000e+02
2.08000e-02	6.79454e-01	4.00000e+02
2.64000e-02	6.10858e-01	4.00000e+02
4.00000e-03	1.31936e+00	4.00000e+02
9.60000e-03	9.37248e-01	4.00000e+02
1.52000e-02	7.76728e-01	4.00000e+02
2.08000e-02	6.79454e-01	4.00000e+02
2.64000e-02	6.10858e-01	4.00000e+02
3.30000e-03	1.45054e+00	5.00000e+02
7.92000e-03	1.02574e+00	5.00000e+02
1.25400e-02	8.48690e-01	5.00000e+02
1.71600e-02	7.42332e-01	5.00000e+02
2.17800e-02	6.68044e-01	5.00000e+02
4.00000e-03	1.34600e+00	5.00000e+02
9.60000e-03	9.48274e-01	5.00000e+02
1.52000e-02	7.82211e-01	5.00000e+02
2.08000e-02	6.81996e-01	5.00000e+02
2.64000e-02	6.11573e-01	5.00000e+02
4.00000e-03	1.34600e+00	5.00000e+02
9.60000e-03	9.48274e-01	5.00000e+02
1.52000e-02	7.82211e-01	5.00000e+02
2.08000e-02	6.81996e-01	5.00000e+02
2.64000e-02	6.11573e-01	5.00000e+02
4.25000e-03	1.34160e+00	6.50000e+02
1.02000e-02	9.34918e-01	6.50000e+02
1.61500e-02	7.66175e-01	6.50000e+02
2.21000e-02	6.64653e-01	6.50000e+02
2.80500e-02	5.93442e-01	6.50000e+02
4.25000e-03	1.34160e+00	6.50000e+02
1.02000e-02	9.34918e-01	6.50000e+02
1.61500e-02	7.66175e-01	6.50000e+02
2.21000e-02	6.64653e-01	6.50000e+02
2.80500e-02	5.93442e-01	6.50000e+02
