3.10500e-07	8.29159e-02	4.50000e-02
7.45200e-07	7.91803e-02	4.50000e-02
1.17990e-06	7.72603e-02	4.50000e-02
1.61460e-06	7.59645e-02	4.50000e-02
2.04930e-06	7.49872e-02	4.50000e-02
3.31000e-05	3.02064e-01	3.50000e-01
7.94400e-05	2.76837e-01	3.50000e-01
1.25780e-04	2.64066e-01	3.50000e-01
1.72120e-04	2.55538e-01	3.50000e-01
2.18460e-04	2.49157e-01	3.50000e-01
4.48500e-07	1.11508e-01	6.50000e-02
1.07640e-06	1.06097e-01	6.50000e-02
1.70430e-06	1.03315e-01	6.50000e-02
2.33220e-06	1.01438e-01	6.50000e-02
2.96010e-06	1.00023e-01	6.50000e-02
6.50000e-05	2.82515e-01	3.50000e-01
1.56000e-04	2.58195e-01	3.50000e-01
2.47000e-04	2.45905e-01	3.50000e-01
3.38000e-04	2.37702e-01	3.50000e-01
4.29000e-04	2.31566e-01	3.50000e-01
5.10000e-07	1.10704e-01	6.50000e-02
1.22400e-06	1.05315e-01	6.50000e-02
1.93800e-06	1.02544e-01	6.50000e-02
2.65200e-06	1.00674e-01	6.50000e-02
3.36600e-06	9.92636e-02	6.50000e-02
1.10000e-04	2.67758e-01	3.50000e-01
2.64000e-04	2.44152e-01	3.50000e-01
4.18000e-04	2.32230e-01	3.50000e-01
5.72000e-04	2.24274e-01	3.50000e-01
7.26000e-04	2.18321e-01	3.50000e-01
5.85000e-07	1.37726e-01	8.50000e-02
1.40400e-06	1.30637e-01	8.50000e-02
2.22300e-06	1.26993e-01	8.50000e-02
3.04200e-06	1.24535e-01	8.50000e-02
3.86100e-06	1.22682e-01	8.50000e-02
2.50000e-04	2.45586e-01	3.50000e-01
6.00000e-04	2.23074e-01	3.50000e-01
9.50000e-04	2.11701e-01	3.50000e-01
1.30000e-03	2.04097e-01	3.50000e-01
1.65000e-03	1.98394e-01	3.50000e-01
6.70000e-07	1.36614e-01	8.50000e-02
1.60800e-06	1.29556e-01	8.50000e-02
2.54600e-06	1.25927e-01	8.50000e-02
3.48400e-06	1.23479e-01	8.50000e-02
4.42200e-06	1.21633e-01	8.50000e-02
1.25500e-03	2.04945e-01	3.50000e-01
3.01200e-03	1.84214e-01	3.50000e-01
4.76900e-03	1.73485e-01	3.50000e-01
6.52600e-03	1.66145e-01	3.50000e-01
8.28300e-03	1.60530e-01	3.50000e-01
7.80000e-07	1.35374e-01	8.50000e-02
1.87200e-06	1.28350e-01	8.50000e-02
2.96400e-06	1.24738e-01	8.50000e-02
4.05600e-06	1.22301e-01	8.50000e-02
5.14800e-06	1.20463e-01	8.50000e-02
4.41500e-06	4.01786e-01	4.00000e-01
1.05960e-05	3.70080e-01	4.00000e-01
1.67770e-05	3.53978e-01	4.00000e-01
2.29580e-05	3.43201e-01	4.00000e-01
2.91390e-05	3.35126e-01	4.00000e-01
7.55000e-07	1.67991e-01	1.10000e-01
1.81200e-06	1.58807e-01	1.10000e-01
2.86900e-06	1.54089e-01	1.10000e-01
3.92600e-06	1.50908e-01	1.10000e-01
4.98300e-06	1.48510e-01	1.10000e-01
5.50000e-06	3.93701e-01	4.00000e-01
1.32000e-05	3.62334e-01	4.00000e-01
2.09000e-05	3.46410e-01	4.00000e-01
2.86000e-05	3.35755e-01	4.00000e-01
3.63000e-05	3.27774e-01	4.00000e-01
8.65000e-07	1.66547e-01	1.10000e-01
2.07600e-06	1.57403e-01	1.10000e-01
3.28700e-06	1.52706e-01	1.10000e-01
4.49800e-06	1.49538e-01	1.10000e-01
5.70900e-06	1.47150e-01	1.10000e-01
6.65000e-06	3.86784e-01	4.00000e-01
1.59600e-05	3.55709e-01	4.00000e-01
2.52700e-05	3.39939e-01	4.00000e-01
3.45800e-05	3.29391e-01	4.00000e-01
4.38900e-05	3.21492e-01	4.00000e-01
1.01000e-06	1.64909e-01	1.10000e-01
2.42400e-06	1.55812e-01	1.10000e-01
3.83800e-06	1.51137e-01	1.10000e-01
5.25200e-06	1.47984e-01	1.10000e-01
6.66600e-06	1.45608e-01	1.10000e-01
8.50000e-06	3.77935e-01	4.00000e-01
2.04000e-05	3.47239e-01	4.00000e-01
3.23000e-05	3.31670e-01	4.00000e-01
4.42000e-05	3.21261e-01	4.00000e-01
5.61000e-05	3.13469e-01	4.00000e-01
1.21500e-06	1.62967e-01	1.10000e-01
2.91600e-06	1.53924e-01	1.10000e-01
4.61700e-06	1.49275e-01	1.10000e-01
6.31800e-06	1.46141e-01	1.10000e-01
8.01900e-06	1.43778e-01	1.10000e-01
1.10000e-05	3.68755e-01	4.00000e-01
2.64000e-05	3.38457e-01	4.00000e-01
4.18000e-05	3.23100e-01	4.00000e-01
5.72000e-05	3.12839e-01	4.00000e-01
7.26000e-05	3.05161e-01	4.00000e-01
1.03500e-06	2.11919e-01	1.50000e-01
2.48400e-06	1.99401e-01	1.50000e-01
3.93300e-06	1.92979e-01	1.50000e-01
5.38200e-06	1.88652e-01	1.50000e-01
6.83100e-06	1.85394e-01	1.50000e-01
1.84000e-05	3.50787e-01	4.00000e-01
4.41600e-05	3.21290e-01	4.00000e-01
6.99200e-05	3.06365e-01	4.00000e-01
9.56800e-05	2.96404e-01	4.00000e-01
1.21440e-04	2.88956e-01	4.00000e-01
1.18000e-06	2.10020e-01	1.50000e-01
2.83200e-06	1.97559e-01	1.50000e-01
4.48400e-06	1.91165e-01	1.50000e-01
6.13600e-06	1.86857e-01	1.50000e-01
7.78800e-06	1.83613e-01	1.50000e-01
4.41500e-05	3.21298e-01	4.00000e-01
1.05960e-04	2.93202e-01	4.00000e-01
1.67770e-04	2.79032e-01	4.00000e-01
2.29580e-04	2.69588e-01	4.00000e-01
2.91390e-04	2.62532e-01	4.00000e-01
1.38000e-06	2.07764e-01	1.50000e-01
3.31200e-06	1.95369e-01	1.50000e-01
5.24400e-06	1.89009e-01	1.50000e-01
7.17600e-06	1.84724e-01	1.50000e-01
9.10800e-06	1.81497e-01	1.50000e-01
8.80000e-05	2.99043e-01	4.00000e-01
2.11200e-04	2.72082e-01	4.00000e-01
3.34400e-04	2.58506e-01	4.00000e-01
4.57600e-04	2.49462e-01	4.00000e-01
5.80800e-04	2.42707e-01	4.00000e-01
1.65500e-06	2.05161e-01	1.50000e-01
3.97200e-06	1.92842e-01	1.50000e-01
6.28900e-06	1.86521e-01	1.50000e-01
8.60600e-06	1.82262e-01	1.50000e-01
1.09230e-05	1.79054e-01	1.50000e-01
1.47000e-04	2.83066e-01	4.00000e-01
3.52800e-04	2.56949e-01	4.00000e-01
5.58600e-04	2.43804e-01	4.00000e-01
7.64400e-04	2.35047e-01	4.00000e-01
9.70200e-04	2.28502e-01	4.00000e-01
2.07000e-06	2.01977e-01	1.50000e-01
4.96800e-06	1.89752e-01	1.50000e-01
7.86600e-06	1.83478e-01	1.50000e-01
1.07640e-05	1.79251e-01	1.50000e-01
1.36620e-05	1.76067e-01	1.50000e-01
3.15500e-04	2.60203e-01	4.00000e-01
7.57200e-04	2.35309e-01	4.00000e-01
1.19890e-03	2.22767e-01	4.00000e-01
1.64060e-03	2.14388e-01	4.00000e-01
2.08230e-03	2.08101e-01	4.00000e-01
2.51000e-06	1.99255e-01	1.50000e-01
6.02400e-06	1.87109e-01	1.50000e-01
9.53800e-06	1.80875e-01	1.50000e-01
1.30520e-05	1.76675e-01	1.50000e-01
1.65660e-05	1.73511e-01	1.50000e-01
3.66000e-06	4.80434e-01	5.00000e-01
8.78400e-06	4.40700e-01	5.00000e-01
1.39080e-05	4.20582e-01	5.00000e-01
1.90320e-05	4.07142e-01	5.00000e-01
2.41560e-05	3.97087e-01	5.00000e-01
1.57500e-06	2.58678e-01	2.00000e-01
3.78000e-06	2.42119e-01	2.00000e-01
5.98500e-06	2.33638e-01	2.00000e-01
8.19000e-06	2.27931e-01	2.00000e-01
1.03950e-05	2.23638e-01	2.00000e-01
4.30000e-06	4.72982e-01	5.00000e-01
1.03200e-05	4.33587e-01	5.00000e-01
1.63400e-05	4.13647e-01	5.00000e-01
2.23600e-05	4.00330e-01	5.00000e-01
2.83800e-05	3.90368e-01	5.00000e-01
1.84000e-06	2.55698e-01	2.00000e-01
4.41600e-06	2.39232e-01	2.00000e-01
6.99200e-06	2.30800e-01	2.00000e-01
9.56800e-06	2.25126e-01	2.00000e-01
1.21440e-05	2.20858e-01	2.00000e-01
7.90000e-06	4.45416e-01	5.00000e-01
1.89600e-05	4.07303e-01	5.00000e-01
3.00200e-05	3.88041e-01	5.00000e-01
4.10800e-05	3.75192e-01	5.00000e-01
5.21400e-05	3.65590e-01	5.00000e-01
2.20500e-06	2.52251e-01	2.00000e-01
5.29200e-06	2.35895e-01	2.00000e-01
8.37900e-06	2.27519e-01	2.00000e-01
1.14660e-05	2.21883e-01	2.00000e-01
1.45530e-05	2.17642e-01	2.00000e-01
1.06000e-05	4.32411e-01	5.00000e-01
2.54400e-05	3.94920e-01	5.00000e-01
4.02800e-05	3.75990e-01	5.00000e-01
5.51200e-05	3.63372e-01	5.00000e-01
6.99600e-05	3.53948e-01	5.00000e-01
2.76000e-06	2.48006e-01	2.00000e-01
6.62400e-06	2.31785e-01	2.00000e-01
1.04880e-05	2.23478e-01	2.00000e-01
1.43520e-05	2.17889e-01	2.00000e-01
1.82160e-05	2.13683e-01	2.00000e-01
1.38000e-05	4.20919e-01	5.00000e-01
3.31200e-05	3.83989e-01	5.00000e-01
5.24400e-05	3.65361e-01	5.00000e-01
7.17600e-05	3.52952e-01	5.00000e-01
9.10800e-05	3.43689e-01	5.00000e-01
3.34500e-06	2.44399e-01	2.00000e-01
8.02800e-06	2.28293e-01	2.00000e-01
1.27110e-05	2.20045e-01	2.00000e-01
1.73940e-05	2.14495e-01	2.00000e-01
2.20770e-05	2.10319e-01	2.00000e-01
1.99000e-05	4.05251e-01	5.00000e-01
4.77600e-05	3.69107e-01	5.00000e-01
7.56200e-05	3.50904e-01	5.00000e-01
1.03480e-04	3.38790e-01	5.00000e-01
1.31340e-04	3.29753e-01	5.00000e-01
4.24500e-06	2.39964e-01	2.00000e-01
1.01880e-05	2.23999e-01	2.00000e-01
1.61310e-05	2.15823e-01	2.00000e-01
2.20740e-05	2.10322e-01	2.00000e-01
2.80170e-05	2.06183e-01	2.00000e-01
5.00000e-05	3.67267e-01	5.00000e-01
1.20000e-04	3.33159e-01	5.00000e-01
1.90000e-04	3.16049e-01	5.00000e-01
2.60000e-04	3.04683e-01	5.00000e-01
3.30000e-04	2.96213e-01	5.00000e-01
5.50000e-06	2.35186e-01	2.00000e-01
1.32000e-05	2.19373e-01	2.00000e-01
2.09000e-05	2.11275e-01	2.00000e-01
2.86000e-05	2.05827e-01	2.00000e-01
3.63000e-05	2.01728e-01	2.00000e-01
1.25500e-04	3.31466e-01	5.00000e-01
3.01200e-04	2.99440e-01	5.00000e-01
4.76900e-04	2.83412e-01	5.00000e-01
6.52600e-04	2.72772e-01	5.00000e-01
8.28300e-04	2.64842e-01	5.00000e-01
1.99000e-05	2.12133e-01	2.00000e-01
4.77600e-05	1.97057e-01	2.00000e-01
7.56200e-05	1.89345e-01	2.00000e-01
1.03480e-04	1.84161e-01	2.00000e-01
1.31340e-04	1.80264e-01	2.00000e-01
1.84000e-04	3.17226e-01	5.00000e-01
4.41600e-04	2.86057e-01	5.00000e-01
6.99200e-04	2.70464e-01	5.00000e-01
9.56800e-04	2.60109e-01	5.00000e-01
1.21440e-03	2.52384e-01	5.00000e-01
1.25500e-04	1.81005e-01	2.00000e-01
3.01200e-04	1.66986e-01	2.00000e-01
4.76900e-04	1.59822e-01	2.00000e-01
6.52600e-04	1.55004e-01	2.00000e-01
8.28300e-04	1.51380e-01	2.00000e-01
4.00000e-04	2.89483e-01	5.00000e-01
9.60000e-04	2.60000e-01	5.00000e-01
1.52000e-03	2.45218e-01	5.00000e-01
2.08000e-03	2.35358e-01	5.00000e-01
2.64000e-03	2.27963e-01	5.00000e-01
1.97000e-06	3.02574e-01	2.50000e-01
4.72800e-06	2.81982e-01	2.50000e-01
7.48600e-06	2.71458e-01	2.50000e-01
1.02440e-05	2.64385e-01	2.50000e-01
1.30020e-05	2.59069e-01	2.50000e-01
1.60000e-03	2.43594e-01	5.00000e-01
3.84000e-03	2.16457e-01	5.00000e-01
6.08000e-03	2.02408e-01	5.00000e-01
8.32000e-03	1.92759e-01	5.00000e-01
1.05600e-02	1.85342e-01	5.00000e-01
2.30000e-06	2.98880e-01	2.50000e-01
5.52000e-06	2.78414e-01	2.50000e-01
8.74000e-06	2.67954e-01	2.50000e-01
1.19600e-05	2.60925e-01	2.50000e-01
1.51800e-05	2.55642e-01	2.50000e-01
4.76000e-06	5.62907e-01	6.50000e-01
1.14240e-05	5.12668e-01	6.50000e-01
1.80880e-05	4.87361e-01	6.50000e-01
2.47520e-05	4.70511e-01	6.50000e-01
3.14160e-05	4.57935e-01	6.50000e-01
2.76000e-06	2.94559e-01	2.50000e-01
6.62400e-06	2.74241e-01	2.50000e-01
1.04880e-05	2.63858e-01	2.50000e-01
1.43520e-05	2.56881e-01	2.50000e-01
1.82160e-05	2.51637e-01	2.50000e-01
5.60000e-06	5.53381e-01	6.50000e-01
1.34400e-05	5.03634e-01	6.50000e-01
2.12800e-05	4.78587e-01	6.50000e-01
2.91200e-05	4.61916e-01	6.50000e-01
3.69600e-05	4.49478e-01	6.50000e-01
3.45000e-06	2.89313e-01	2.50000e-01
8.28000e-06	2.69175e-01	2.50000e-01
1.31100e-05	2.58885e-01	2.50000e-01
1.79400e-05	2.51971e-01	2.50000e-01
2.27700e-05	2.46775e-01	2.50000e-01
7.90000e-06	5.33512e-01	6.50000e-01
1.89600e-05	4.84809e-01	6.50000e-01
3.00200e-05	4.60317e-01	6.50000e-01
4.10800e-05	4.44030e-01	6.50000e-01
5.21400e-05	4.31886e-01	6.50000e-01
4.18000e-06	2.84837e-01	2.50000e-01
1.00320e-05	2.64854e-01	2.50000e-01
1.58840e-05	2.54644e-01	2.50000e-01
2.17360e-05	2.47784e-01	2.50000e-01
2.75880e-05	2.42629e-01	2.50000e-01
8.20000e-06	5.31384e-01	6.50000e-01
1.96800e-05	4.82795e-01	6.50000e-01
3.11600e-05	4.58363e-01	6.50000e-01
4.26400e-05	4.42118e-01	6.50000e-01
5.41200e-05	4.30006e-01	6.50000e-01
5.30000e-06	2.79349e-01	2.50000e-01
1.27200e-05	2.59555e-01	2.50000e-01
2.01400e-05	2.49443e-01	2.50000e-01
2.75600e-05	2.42650e-01	2.50000e-01
3.49800e-05	2.37547e-01	2.50000e-01
1.99000e-05	4.82195e-01	6.50000e-01
4.77600e-05	4.36331e-01	6.50000e-01
7.56200e-05	4.13363e-01	6.50000e-01
1.03480e-04	3.98132e-01	6.50000e-01
1.31340e-04	3.86799e-01	6.50000e-01
6.90000e-06	2.73310e-01	2.50000e-01
1.65600e-05	2.53727e-01	2.50000e-01
2.62200e-05	2.43724e-01	2.50000e-01
3.58800e-05	2.37006e-01	2.50000e-01
4.55400e-05	2.31959e-01	2.50000e-01
2.99000e-05	4.60527e-01	6.50000e-01
7.17600e-05	4.15942e-01	6.50000e-01
1.13620e-04	3.93663e-01	6.50000e-01
1.55480e-04	3.78906e-01	6.50000e-01
1.97340e-04	3.67933e-01	6.50000e-01
1.15000e-05	2.61799e-01	2.50000e-01
2.76000e-05	2.42619e-01	2.50000e-01
4.37000e-05	2.32828e-01	2.50000e-01
5.98000e-05	2.26256e-01	2.50000e-01
7.59000e-05	2.21322e-01	2.50000e-01
5.00000e-05	4.34006e-01	6.50000e-01
1.20000e-04	3.91066e-01	6.50000e-01
1.90000e-04	3.69664e-01	6.50000e-01
2.60000e-04	3.55503e-01	6.50000e-01
3.30000e-04	3.44981e-01	6.50000e-01
1.99000e-05	2.49705e-01	2.50000e-01
4.77600e-05	2.30958e-01	2.50000e-01
7.56200e-05	2.21398e-01	2.50000e-01
1.03480e-04	2.14986e-01	2.50000e-01
1.31340e-04	2.10174e-01	2.50000e-01
1.25500e-04	3.88944e-01	6.50000e-01
3.01200e-04	3.48987e-01	6.50000e-01
4.76900e-04	3.29132e-01	6.50000e-01
6.52600e-04	3.16009e-01	6.50000e-01
8.28300e-04	3.06259e-01	6.50000e-01
5.50000e-05	2.28001e-01	2.50000e-01
1.32000e-04	2.10074e-01	2.50000e-01
2.09000e-04	2.00950e-01	2.50000e-01
2.86000e-04	1.94834e-01	2.50000e-01
3.63000e-04	1.90244e-01	2.50000e-01
2.39000e-04	3.59270e-01	6.50000e-01
5.73600e-04	3.21366e-01	6.50000e-01
9.08200e-04	3.02543e-01	6.50000e-01
1.24280e-03	2.90089e-01	6.50000e-01
1.57740e-03	2.80818e-01	6.50000e-01
1.25500e-04	2.11088e-01	2.50000e-01
3.01200e-04	1.93833e-01	2.50000e-01
4.76900e-04	1.85053e-01	2.50000e-01
6.52600e-04	1.79166e-01	2.50000e-01
8.28300e-04	1.74746e-01	2.50000e-01
4.00000e-04	3.36640e-01	6.50000e-01
9.60000e-04	3.00318e-01	6.50000e-01
1.52000e-03	2.82249e-01	6.50000e-01
2.08000e-03	2.70250e-01	6.50000e-01
2.64000e-03	2.61279e-01	6.50000e-01
1.97000e-04	2.02113e-01	2.50000e-01
4.72800e-04	1.85216e-01	2.50000e-01
7.48600e-04	1.76616e-01	2.50000e-01
1.02440e-03	1.70843e-01	2.50000e-01
1.30020e-03	1.66504e-01	2.50000e-01
1.60000e-03	2.80269e-01	6.50000e-01
3.84000e-03	2.47372e-01	6.50000e-01
6.08000e-03	2.30465e-01	6.50000e-01
8.32000e-03	2.18880e-01	6.50000e-01
1.05600e-02	2.09980e-01	6.50000e-01
7.90000e-04	1.75620e-01	2.50000e-01
1.89600e-03	1.59707e-01	2.50000e-01
3.00200e-03	1.51508e-01	2.50000e-01
4.10800e-03	1.45933e-01	2.50000e-01
5.21400e-03	1.41694e-01	2.50000e-01
6.20000e-06	6.56118e-01	8.50000e-01
1.48800e-05	5.92876e-01	8.50000e-01
2.35600e-05	5.61218e-01	8.50000e-01
3.22400e-05	5.40223e-01	8.50000e-01
4.09200e-05	5.24601e-01	8.50000e-01
2.56000e-06	3.82305e-01	3.50000e-01
6.14400e-06	3.53781e-01	3.50000e-01
9.72800e-06	3.39259e-01	3.50000e-01
1.33120e-05	3.29523e-01	3.50000e-01
1.68960e-05	3.22219e-01	3.50000e-01
6.90000e-06	6.48185e-01	8.50000e-01
1.65600e-05	5.85411e-01	8.50000e-01
2.62200e-05	5.54001e-01	8.50000e-01
3.58800e-05	5.33178e-01	8.50000e-01
4.55400e-05	5.17687e-01	8.50000e-01
2.56000e-06	3.82305e-01	3.50000e-01
6.14400e-06	3.53781e-01	3.50000e-01
9.72800e-06	3.39259e-01	3.50000e-01
1.33120e-05	3.29523e-01	3.50000e-01
1.68960e-05	3.22219e-01	3.50000e-01
1.00000e-05	6.21111e-01	8.50000e-01
2.40000e-05	5.59965e-01	8.50000e-01
3.80000e-05	5.29421e-01	8.50000e-01
5.20000e-05	5.09195e-01	8.50000e-01
6.60000e-05	4.94163e-01	8.50000e-01
3.05000e-06	3.76509e-01	3.50000e-01
7.32000e-06	3.48210e-01	3.50000e-01
1.15900e-05	3.33805e-01	3.50000e-01
1.58600e-05	3.24149e-01	3.50000e-01
2.01300e-05	3.16906e-01	3.50000e-01
1.00000e-05	6.21111e-01	8.50000e-01
2.40000e-05	5.59965e-01	8.50000e-01
3.80000e-05	5.29421e-01	8.50000e-01
5.20000e-05	5.09195e-01	8.50000e-01
6.60000e-05	4.94163e-01	8.50000e-01
3.31000e-06	3.73817e-01	3.50000e-01
7.94400e-06	3.45623e-01	3.50000e-01
1.25780e-05	3.31273e-01	3.50000e-01
1.72120e-05	3.21654e-01	3.50000e-01
2.18460e-05	3.14440e-01	3.50000e-01
1.99000e-05	5.72725e-01	8.50000e-01
4.77600e-05	5.14630e-01	8.50000e-01
7.56200e-05	4.85718e-01	8.50000e-01
1.03480e-04	4.66620e-01	8.50000e-01
1.31340e-04	4.52450e-01	8.50000e-01
4.14000e-06	3.66505e-01	3.50000e-01
9.93600e-06	3.38597e-01	3.50000e-01
1.57320e-05	3.24397e-01	3.50000e-01
2.15280e-05	3.14881e-01	3.50000e-01
2.73240e-05	3.07744e-01	3.50000e-01
2.50000e-05	5.57209e-01	8.50000e-01
6.00000e-05	5.00137e-01	8.50000e-01
9.50000e-05	4.71774e-01	8.50000e-01
1.30000e-04	4.53054e-01	8.50000e-01
1.65000e-04	4.39171e-01	8.50000e-01
5.00000e-06	3.60393e-01	3.50000e-01
1.20000e-05	3.32728e-01	3.50000e-01
1.90000e-05	3.18653e-01	3.50000e-01
2.60000e-05	3.09224e-01	3.50000e-01
3.30000e-05	3.02153e-01	3.50000e-01
5.00000e-05	5.11696e-01	8.50000e-01
1.20000e-04	4.57782e-01	8.50000e-01
1.90000e-04	4.31096e-01	8.50000e-01
2.60000e-04	4.13517e-01	8.50000e-01
3.30000e-04	4.00495e-01	8.50000e-01
6.35000e-06	3.52729e-01	3.50000e-01
1.52400e-05	3.25369e-01	3.50000e-01
2.41300e-05	3.11455e-01	3.50000e-01
3.30200e-05	3.02136e-01	3.50000e-01
4.19100e-05	2.95150e-01	3.50000e-01
1.25500e-04	4.55130e-01	8.50000e-01
3.01200e-04	4.05448e-01	8.50000e-01
4.76900e-04	3.80951e-01	8.50000e-01
6.52600e-04	3.64835e-01	8.50000e-01
8.28300e-04	3.52901e-01	8.50000e-01
8.25000e-06	3.44431e-01	3.50000e-01
1.98000e-05	3.17405e-01	3.50000e-01
3.13500e-05	3.03668e-01	3.50000e-01
4.29000e-05	2.94470e-01	3.50000e-01
5.44500e-05	2.87578e-01	3.50000e-01
4.00000e-04	3.90199e-01	8.50000e-01
9.60000e-04	3.45648e-01	8.50000e-01
1.52000e-03	3.23667e-01	8.50000e-01
2.08000e-03	3.09141e-01	8.50000e-01
2.64000e-03	2.98319e-01	8.50000e-01
1.60000e-05	3.23881e-01	3.50000e-01
3.84000e-05	2.97703e-01	3.50000e-01
6.08000e-05	2.84419e-01	3.50000e-01
8.32000e-05	2.75537e-01	3.50000e-01
1.05600e-04	2.68887e-01	3.50000e-01
1.60000e-03	3.21267e-01	8.50000e-01
3.84000e-03	2.81606e-01	8.50000e-01
6.08000e-03	2.61386e-01	8.50000e-01
8.32000e-03	2.47585e-01	8.50000e-01
1.05600e-02	2.36997e-01	8.50000e-01
8.80000e-06	7.86260e-01	1.20000e+00
2.11200e-05	7.02798e-01	1.20000e+00
3.34400e-05	6.61416e-01	1.20000e+00
4.57600e-05	6.34138e-01	1.20000e+00
5.80800e-05	6.13932e-01	1.20000e+00
4.00000e-05	1.00399e+00	2.70000e+00
9.60000e-05	8.70673e-01	2.70000e+00
1.52000e-04	8.06734e-01	2.70000e+00
2.08000e-04	7.65404e-01	2.70000e+00
2.64000e-04	7.35211e-01	2.70000e+00
1.00000e-05	7.73696e-01	1.20000e+00
2.40000e-05	6.91118e-01	1.20000e+00
3.80000e-05	6.50203e-01	1.20000e+00
5.20000e-05	6.23247e-01	1.20000e+00
6.60000e-05	6.03286e-01	1.20000e+00
4.00000e-05	1.00399e+00	2.70000e+00
9.60000e-05	8.70673e-01	2.70000e+00
1.52000e-04	8.06734e-01	2.70000e+00
2.08000e-04	7.65404e-01	2.70000e+00
2.64000e-04	7.35211e-01	2.70000e+00
1.00000e-05	7.73696e-01	1.20000e+00
2.40000e-05	6.91118e-01	1.20000e+00
3.80000e-05	6.50203e-01	1.20000e+00
5.20000e-05	6.23247e-01	1.20000e+00
6.60000e-05	6.03286e-01	1.20000e+00
6.50000e-05	9.28169e-01	2.70000e+00
1.56000e-04	8.03241e-01	2.70000e+00
2.47000e-04	7.43535e-01	2.70000e+00
3.38000e-04	7.05005e-01	2.70000e+00
4.29000e-04	6.76885e-01	2.70000e+00
1.60000e-05	7.28610e-01	1.20000e+00
3.84000e-05	6.49291e-01	1.20000e+00
6.08000e-05	6.10105e-01	1.20000e+00
8.32000e-05	5.84335e-01	1.20000e+00
1.05600e-04	5.65280e-01	1.20000e+00
1.00000e-04	8.64828e-01	2.70000e+00
2.40000e-04	7.47156e-01	2.70000e+00
3.80000e-04	6.91067e-01	2.70000e+00
5.20000e-04	6.54910e-01	2.70000e+00
6.60000e-04	6.28534e-01	2.70000e+00
1.60000e-05	7.28610e-01	1.20000e+00
3.84000e-05	6.49291e-01	1.20000e+00
6.08000e-05	6.10105e-01	1.20000e+00
8.32000e-05	5.84335e-01	1.20000e+00
1.05600e-04	5.65280e-01	1.20000e+00
1.60000e-04	7.99849e-01	2.70000e+00
3.84000e-04	6.89832e-01	2.70000e+00
6.08000e-04	6.37507e-01	2.70000e+00
8.32000e-04	6.03793e-01	2.70000e+00
1.05600e-03	5.79190e-01	2.70000e+00
3.15500e-05	6.66562e-01	1.20000e+00
7.57200e-05	5.91992e-01	1.20000e+00
1.19890e-04	5.55323e-01	1.20000e+00
1.64060e-04	5.31271e-01	1.20000e+00
2.08230e-04	5.13515e-01	1.20000e+00
2.50000e-04	7.42020e-01	2.70000e+00
6.00000e-04	6.38966e-01	2.70000e+00
9.50000e-04	5.90000e-01	2.70000e+00
1.30000e-03	5.58422e-01	2.70000e+00
1.65000e-03	5.35340e-01	2.70000e+00
4.00000e-05	6.45741e-01	1.20000e+00
9.60000e-05	5.72842e-01	1.20000e+00
1.52000e-04	5.37053e-01	1.20000e+00
2.08000e-04	5.13597e-01	1.20000e+00
2.64000e-04	4.96289e-01	1.20000e+00
4.00000e-04	6.85038e-01	2.70000e+00
9.60000e-04	5.88923e-01	2.70000e+00
1.52000e-03	5.43200e-01	2.70000e+00
2.08000e-03	5.13615e-01	2.70000e+00
2.64000e-03	4.91901e-01	2.70000e+00
6.50000e-05	6.04550e-01	1.20000e+00
1.56000e-04	5.35081e-01	1.20000e+00
2.47000e-04	5.01076e-01	1.20000e+00
3.38000e-04	4.78819e-01	1.20000e+00
4.29000e-04	4.62408e-01	1.20000e+00
6.50000e-04	6.30195e-01	2.70000e+00
1.56000e-03	5.40702e-01	2.70000e+00
2.47000e-03	4.97901e-01	2.70000e+00
3.38000e-03	4.70008e-01	2.70000e+00
4.29000e-03	4.49382e-01	2.70000e+00
7.90000e-05	5.88536e-01	1.20000e+00
1.89600e-04	5.20442e-01	1.20000e+00
3.00200e-04	4.87145e-01	1.20000e+00
4.10800e-04	4.65360e-01	1.20000e+00
5.21400e-04	4.49300e-01	1.20000e+00
1.00000e-03	5.84738e-01	2.70000e+00
2.40000e-03	5.00508e-01	2.70000e+00
3.80000e-03	4.59820e-01	2.70000e+00
5.20000e-03	4.33027e-01	2.70000e+00
6.60000e-03	4.13022e-01	2.70000e+00
1.99000e-04	5.16857e-01	1.20000e+00
4.77600e-04	4.55161e-01	1.20000e+00
7.56200e-04	4.25091e-01	1.20000e+00
1.03480e-03	4.05424e-01	1.20000e+00
1.31340e-03	3.90913e-01	1.20000e+00
2.50000e-03	4.96810e-01	2.70000e+00
6.00000e-03	4.20991e-01	2.70000e+00
9.50000e-03	3.82760e-01	2.70000e+00
1.30000e-02	3.56661e-01	2.70000e+00
1.65000e-02	3.36570e-01	2.70000e+00
6.50000e-04	4.34825e-01	1.20000e+00
1.56000e-03	3.80660e-01	1.20000e+00
2.47000e-03	3.54085e-01	1.20000e+00
3.38000e-03	3.36511e-01	1.20000e+00
4.29000e-03	3.23381e-01	1.20000e+00
2.50000e-03	3.53401e-01	1.20000e+00
6.00000e-03	3.05116e-01	1.20000e+00
9.50000e-03	2.80167e-01	1.20000e+00
1.30000e-02	2.62913e-01	1.20000e+00
1.65000e-02	2.49527e-01	1.20000e+00
2.03000e-05	1.27889e+00	3.50000e+00
4.87200e-05	1.10452e+00	3.50000e+00
7.71400e-05	1.02108e+00	3.50000e+00
1.05560e-04	9.67223e-01	3.50000e+00
1.33980e-04	9.27933e-01	3.50000e+00
9.25000e-06	8.96489e-01	1.50000e+00
2.22000e-05	7.96210e-01	1.50000e+00
3.51500e-05	7.46784e-01	1.50000e+00
4.81000e-05	7.14321e-01	1.50000e+00
6.10500e-05	6.90337e-01	1.50000e+00
2.16000e-05	1.26585e+00	3.50000e+00
5.18400e-05	1.09293e+00	3.50000e+00
8.20800e-05	1.01022e+00	3.50000e+00
1.12320e-04	9.56858e-01	3.50000e+00
1.42560e-04	9.17933e-01	3.50000e+00
1.10000e-05	8.76006e-01	1.50000e+00
2.64000e-05	7.77314e-01	1.50000e+00
4.18000e-05	7.28723e-01	1.50000e+00
5.72000e-05	6.96831e-01	1.50000e+00
7.26000e-05	6.73282e-01	1.50000e+00
2.30000e-05	1.25276e+00	3.50000e+00
5.52000e-05	1.08131e+00	3.50000e+00
8.74000e-05	9.99339e-01	3.50000e+00
1.19600e-04	9.46468e-01	3.50000e+00
1.51800e-04	9.07911e-01	3.50000e+00
1.60000e-05	8.32785e-01	1.50000e+00
3.84000e-05	7.37527e-01	1.50000e+00
6.08000e-05	6.90745e-01	1.50000e+00
8.32000e-05	6.60090e-01	1.50000e+00
1.05600e-04	6.37480e-01	1.50000e+00
2.56000e-05	1.23069e+00	3.50000e+00
6.14400e-05	1.06172e+00	3.50000e+00
9.72800e-05	9.81009e-01	3.50000e+00
1.33120e-04	9.28976e-01	3.50000e+00
1.68960e-04	8.91040e-01	3.50000e+00
1.60000e-05	8.32785e-01	1.50000e+00
3.84000e-05	7.37527e-01	1.50000e+00
6.08000e-05	6.90745e-01	1.50000e+00
8.32000e-05	6.60090e-01	1.50000e+00
1.05600e-04	6.37480e-01	1.50000e+00
2.65500e-05	1.22325e+00	3.50000e+00
6.37200e-05	1.05512e+00	3.50000e+00
1.00890e-04	9.74839e-01	3.50000e+00
1.38060e-04	9.23088e-01	3.50000e+00
1.75230e-04	8.85363e-01	3.50000e+00
2.50000e-05	7.83222e-01	1.50000e+00
6.00000e-05	6.92062e-01	1.50000e+00
9.50000e-05	6.47438e-01	1.50000e+00
1.30000e-04	6.18251e-01	1.50000e+00
1.65000e-04	5.96750e-01	1.50000e+00
2.86500e-05	1.20782e+00	3.50000e+00
6.87600e-05	1.04145e+00	3.50000e+00
1.08870e-04	9.62055e-01	3.50000e+00
1.48980e-04	9.10893e-01	3.50000e+00
1.89090e-04	8.73605e-01	3.50000e+00
4.00000e-05	7.33281e-01	1.50000e+00
9.60000e-05	6.46447e-01	1.50000e+00
1.52000e-04	6.04084e-01	1.50000e+00
2.08000e-04	5.76425e-01	1.50000e+00
2.64000e-04	5.56072e-01	1.50000e+00
4.00000e-05	1.14202e+00	3.50000e+00
9.60000e-05	9.83261e-01	3.50000e+00
1.52000e-04	9.07702e-01	3.50000e+00
2.08000e-04	8.59076e-01	3.50000e+00
2.64000e-04	8.23666e-01	3.50000e+00
6.50000e-05	6.84130e-01	1.50000e+00
1.56000e-04	6.01755e-01	1.50000e+00
2.47000e-04	5.61696e-01	1.50000e+00
3.38000e-04	5.35579e-01	1.50000e+00
4.29000e-04	5.16377e-01	1.50000e+00
4.00000e-05	1.14202e+00	3.50000e+00
9.60000e-05	9.83261e-01	3.50000e+00
1.52000e-04	9.07702e-01	3.50000e+00
2.08000e-04	8.59076e-01	3.50000e+00
2.64000e-04	8.23666e-01	3.50000e+00
1.00000e-04	6.42594e-01	1.50000e+00
2.40000e-04	5.64140e-01	1.50000e+00
3.80000e-04	5.26076e-01	1.50000e+00
5.20000e-04	5.01282e-01	1.50000e+00
6.60000e-04	4.83060e-01	1.50000e+00
6.50000e-05	1.05153e+00	3.50000e+00
1.56000e-04	9.03585e-01	3.50000e+00
2.47000e-04	8.33419e-01	3.50000e+00
3.38000e-04	7.88339e-01	3.50000e+00
4.29000e-04	7.55543e-01	3.50000e+00
1.60000e-04	5.99492e-01	1.50000e+00
3.84000e-04	5.25233e-01	1.50000e+00
6.08000e-04	4.89273e-01	1.50000e+00
8.32000e-04	4.65856e-01	1.50000e+00
1.05600e-03	4.48640e-01	1.50000e+00
1.00000e-04	9.76336e-01	3.50000e+00
2.40000e-04	8.37664e-01	3.50000e+00
3.80000e-04	7.72072e-01	3.50000e+00
5.20000e-04	7.29977e-01	3.50000e+00
6.60000e-04	6.99368e-01	3.50000e+00
2.50000e-04	5.60673e-01	1.50000e+00
6.00000e-04	4.90281e-01	1.50000e+00
9.50000e-04	4.56218e-01	1.50000e+00
1.30000e-03	4.34017e-01	1.50000e+00
1.65000e-03	4.17666e-01	1.50000e+00
1.60000e-04	8.99589e-01	3.50000e+00
3.84000e-04	7.70632e-01	3.50000e+00
6.08000e-04	7.09772e-01	3.50000e+00
8.32000e-04	6.70734e-01	3.50000e+00
1.05600e-03	6.42338e-01	3.50000e+00
4.00000e-04	5.21957e-01	1.50000e+00
9.60000e-04	4.55464e-01	1.50000e+00
1.52000e-03	4.23246e-01	1.50000e+00
2.08000e-03	4.02178e-01	1.50000e+00
2.64000e-03	3.86599e-01	1.50000e+00
2.50000e-04	8.31643e-01	3.50000e+00
6.00000e-04	7.11464e-01	3.50000e+00
9.50000e-04	6.54805e-01	3.50000e+00
1.30000e-03	6.18430e-01	3.50000e+00
1.65000e-03	5.91925e-01	3.50000e+00
5.00000e-04	5.04331e-01	1.50000e+00
1.20000e-03	4.39606e-01	1.50000e+00
1.90000e-03	4.08188e-01	1.50000e+00
2.60000e-03	3.87586e-01	1.50000e+00
3.30000e-03	3.72307e-01	1.50000e+00
4.00000e-04	7.65043e-01	3.50000e+00
9.60000e-04	6.53562e-01	3.50000e+00
1.52000e-03	6.00942e-01	3.50000e+00
2.08000e-03	5.67047e-01	3.50000e+00
2.64000e-03	5.42248e-01	3.50000e+00
1.60000e-03	4.19753e-01	1.50000e+00
3.84000e-03	3.62735e-01	1.50000e+00
6.08000e-03	3.34181e-01	1.50000e+00
8.32000e-03	3.14880e-01	1.50000e+00
1.05600e-02	3.00161e-01	1.50000e+00
6.50000e-04	7.01293e-01	3.50000e+00
1.56000e-03	5.98076e-01	3.50000e+00
2.47000e-03	5.49094e-01	3.50000e+00
3.38000e-03	5.17313e-01	3.50000e+00
4.29000e-03	4.93887e-01	3.50000e+00
6.50000e-04	4.84211e-01	1.50000e+00
1.56000e-03	4.21475e-01	1.50000e+00
2.47000e-03	3.90914e-01	1.50000e+00
3.38000e-03	3.70787e-01	1.50000e+00
4.29000e-03	3.55794e-01	1.50000e+00
1.00000e-03	6.48734e-01	3.50000e+00
2.40000e-03	5.52069e-01	3.50000e+00
3.80000e-03	5.05734e-01	3.50000e+00
5.20000e-03	4.75356e-01	3.50000e+00
6.60000e-03	4.52745e-01	3.50000e+00
1.23500e-05	1.02063e+00	2.00000e+00
2.96400e-05	8.97825e-01	2.00000e+00
4.69300e-05	8.37876e-01	2.00000e+00
6.42200e-05	7.98731e-01	2.00000e+00
8.15100e-05	7.69935e-01	2.00000e+00
4.00000e-03	5.00707e-01	3.50000e+00
9.60000e-03	4.17676e-01	3.50000e+00
1.52000e-02	3.74646e-01	3.50000e+00
2.08000e-02	3.44645e-01	3.50000e+00
2.64000e-02	3.21178e-01	3.50000e+00
1.46500e-05	9.95788e-01	2.00000e+00
3.51600e-05	8.75184e-01	2.00000e+00
5.56700e-05	8.16384e-01	2.00000e+00
7.61800e-05	7.78019e-01	2.00000e+00
9.66900e-05	7.49812e-01	2.00000e+00
2.61000e-05	1.38567e+00	4.50000e+00
6.26400e-05	1.18707e+00	4.50000e+00
9.91800e-05	1.09292e+00	4.50000e+00
1.35720e-04	1.03248e+00	4.50000e+00
1.72260e-04	9.88545e-01	4.50000e+00
1.63500e-05	9.80044e-01	2.00000e+00
3.92400e-05	8.60855e-01	2.00000e+00
6.21300e-05	8.02792e-01	2.00000e+00
8.50200e-05	7.64928e-01	2.00000e+00
1.07910e-04	7.37098e-01	2.00000e+00
2.96000e-05	1.35553e+00	4.50000e+00
7.10400e-05	1.16061e+00	4.50000e+00
1.12480e-04	1.06830e+00	4.50000e+00
1.53920e-04	1.00908e+00	4.50000e+00
1.95360e-04	9.66042e-01	4.50000e+00
2.50000e-05	9.20823e-01	2.00000e+00
6.00000e-05	8.07092e-01	2.00000e+00
9.50000e-05	7.51870e-01	2.00000e+00
1.30000e-04	7.15925e-01	2.00000e+00
1.65000e-04	6.89538e-01	2.00000e+00
3.09000e-05	1.34536e+00	4.50000e+00
7.41600e-05	1.15169e+00	4.50000e+00
1.17420e-04	1.06001e+00	4.50000e+00
1.60680e-04	1.00119e+00	4.50000e+00
2.03940e-04	9.58462e-01	4.50000e+00
2.50000e-05	9.20823e-01	2.00000e+00
6.00000e-05	8.07092e-01	2.00000e+00
9.50000e-05	7.51870e-01	2.00000e+00
1.30000e-04	7.15925e-01	2.00000e+00
1.65000e-04	6.89538e-01	2.00000e+00
3.41500e-05	1.32194e+00	4.50000e+00
8.19600e-05	1.13117e+00	4.50000e+00
1.29770e-04	1.04093e+00	4.50000e+00
1.77580e-04	9.83063e-01	4.50000e+00
2.25390e-04	9.41034e-01	4.50000e+00
4.00000e-05	8.58369e-01	2.00000e+00
9.60000e-05	7.50647e-01	2.00000e+00
1.52000e-04	6.98531e-01	2.00000e+00
2.08000e-04	6.64669e-01	2.00000e+00
2.64000e-04	6.39841e-01	2.00000e+00
3.66000e-05	1.30591e+00	4.50000e+00
8.78400e-05	1.11714e+00	4.50000e+00
1.39080e-04	1.02789e+00	4.50000e+00
1.90320e-04	9.70677e-01	4.50000e+00
2.41560e-04	9.29129e-01	4.50000e+00
6.50000e-05	7.97253e-01	2.00000e+00
1.56000e-04	6.95674e-01	2.00000e+00
2.47000e-04	6.46695e-01	2.00000e+00
3.38000e-04	6.14922e-01	2.00000e+00
4.29000e-04	5.91646e-01	2.00000e+00
4.09000e-05	1.28055e+00	4.50000e+00
9.81600e-05	1.09496e+00	4.50000e+00
1.55420e-04	1.00729e+00	4.50000e+00
2.12680e-04	9.51114e-01	4.50000e+00
2.69940e-04	9.10328e-01	4.50000e+00
1.00000e-04	7.45896e-01	2.00000e+00
2.40000e-04	6.49673e-01	2.00000e+00
3.80000e-04	6.03394e-01	2.00000e+00
5.20000e-04	5.73403e-01	2.00000e+00
6.60000e-04	5.51442e-01	2.00000e+00
4.09000e-05	1.28055e+00	4.50000e+00
9.81600e-05	1.09496e+00	4.50000e+00
1.55420e-04	1.00729e+00	4.50000e+00
2.12680e-04	9.51114e-01	4.50000e+00
2.69940e-04	9.10328e-01	4.50000e+00
1.60000e-04	6.92899e-01	2.00000e+00
3.84000e-04	6.02372e-01	2.00000e+00
6.08000e-04	5.58922e-01	2.00000e+00
8.32000e-04	5.30776e-01	2.00000e+00
1.05600e-03	5.10158e-01	2.00000e+00
6.50000e-05	1.17924e+00	4.50000e+00
1.56000e-04	1.00661e+00	4.50000e+00
2.47000e-04	9.25331e-01	4.50000e+00
3.38000e-04	8.73331e-01	4.50000e+00
4.29000e-04	8.35612e-01	4.50000e+00
2.50000e-04	6.45447e-01	2.00000e+00
6.00000e-04	5.60137e-01	2.00000e+00
9.50000e-04	5.19226e-01	2.00000e+00
1.30000e-03	4.92701e-01	2.00000e+00
1.65000e-03	4.73238e-01	2.00000e+00
6.50000e-05	1.17924e+00	4.50000e+00
1.56000e-04	1.00661e+00	4.50000e+00
2.47000e-04	9.25331e-01	4.50000e+00
3.38000e-04	8.73331e-01	4.50000e+00
4.29000e-04	8.35612e-01	4.50000e+00
5.00000e-04	5.77084e-01	2.00000e+00
1.20000e-03	4.99367e-01	2.00000e+00
1.90000e-03	4.61984e-01	2.00000e+00
2.60000e-03	4.37600e-01	2.00000e+00
3.30000e-03	4.19581e-01	2.00000e+00
1.00000e-04	1.09129e+00	4.50000e+00
2.40000e-04	9.30236e-01	4.50000e+00
3.80000e-04	8.54609e-01	4.50000e+00
5.20000e-04	8.06275e-01	4.50000e+00
6.60000e-04	7.71233e-01	4.50000e+00
1.60000e-03	4.75718e-01	2.00000e+00
3.84000e-03	4.08323e-01	2.00000e+00
6.08000e-03	3.74873e-01	2.00000e+00
8.32000e-03	3.52374e-01	2.00000e+00
1.05600e-02	3.35276e-01	2.00000e+00
1.60000e-04	1.00197e+00	4.50000e+00
3.84000e-04	8.52953e-01	4.50000e+00
6.08000e-04	7.83134e-01	4.50000e+00
8.32000e-04	7.38533e-01	4.50000e+00
1.05600e-03	7.06187e-01	4.50000e+00
6.50000e-04	5.52827e-01	2.00000e+00
1.56000e-03	4.77765e-01	2.00000e+00
2.47000e-03	4.41531e-01	2.00000e+00
3.38000e-03	4.17793e-01	2.00000e+00
4.29000e-03	4.00173e-01	2.00000e+00
2.50000e-04	9.23279e-01	4.50000e+00
6.00000e-04	7.85070e-01	4.50000e+00
9.50000e-04	7.20379e-01	4.50000e+00
1.30000e-03	6.79018e-01	4.50000e+00
1.65000e-03	6.48969e-01	4.50000e+00
1.54500e-05	1.16647e+00	2.70000e+00
3.70800e-05	1.01626e+00	2.70000e+00
5.87100e-05	9.43672e-01	2.70000e+00
8.03400e-05	8.96557e-01	2.70000e+00
1.01970e-04	8.62046e-01	2.70000e+00
4.00000e-04	8.46527e-01	4.50000e+00
9.60000e-04	7.18963e-01	4.50000e+00
1.52000e-03	6.59183e-01	4.50000e+00
2.08000e-03	6.20834e-01	4.50000e+00
2.64000e-03	5.92858e-01	4.50000e+00
1.83000e-05	1.13620e+00	2.70000e+00
4.39200e-05	9.89024e-01	2.70000e+00
6.95400e-05	9.17999e-01	2.70000e+00
9.51600e-05	8.71936e-01	2.70000e+00
1.20780e-04	8.38214e-01	2.70000e+00
6.50000e-04	7.73434e-01	4.50000e+00
1.56000e-03	6.55935e-01	4.50000e+00
2.47000e-03	6.00573e-01	4.50000e+00
3.38000e-03	5.64800e-01	4.50000e+00
4.29000e-03	5.38507e-01	4.50000e+00
2.04500e-05	1.11665e+00	2.70000e+00
4.90800e-05	9.71467e-01	2.70000e+00
7.77100e-05	9.01464e-01	2.70000e+00
1.06340e-04	8.56087e-01	2.70000e+00
1.34970e-04	8.22878e-01	2.70000e+00
1.00000e-03	7.13466e-01	4.50000e+00
2.40000e-03	6.03928e-01	4.50000e+00
3.80000e-03	5.51796e-01	4.50000e+00
5.20000e-03	5.17756e-01	4.50000e+00
6.60000e-03	4.92490e-01	4.50000e+00
2.04500e-05	1.11665e+00	2.70000e+00
4.90800e-05	9.71467e-01	2.70000e+00
7.77100e-05	9.01464e-01	2.70000e+00
1.06340e-04	8.56087e-01	2.70000e+00
1.34970e-04	8.22878e-01	2.70000e+00
1.60000e-03	6.52783e-01	4.50000e+00
3.84000e-03	5.50642e-01	4.50000e+00
6.08000e-03	5.01139e-01	4.50000e+00
8.32000e-03	4.68286e-01	4.50000e+00
1.05600e-02	4.43551e-01	4.50000e+00
2.50000e-05	1.08195e+00	2.70000e+00
6.00000e-05	9.40344e-01	2.70000e+00
9.50000e-05	8.72178e-01	2.70000e+00
1.30000e-04	8.28031e-01	2.70000e+00
1.65000e-04	7.95742e-01	2.70000e+00
2.50000e-05	1.08195e+00	2.70000e+00
6.00000e-05	9.40344e-01	2.70000e+00
9.50000e-05	8.72178e-01	2.70000e+00
1.30000e-04	8.28031e-01	2.70000e+00
1.65000e-04	7.95742e-01	2.70000e+00
