3.10500e-07	8.18876e-02	4.50000e-02
7.45200e-07	7.79634e-02	4.50000e-02
1.17990e-06	7.59480e-02	4.50000e-02
1.61460e-06	7.45886e-02	4.50000e-02
2.04930e-06	7.35635e-02	4.50000e-02
3.31000e-05	3.00470e-01	3.50000e-01
7.94400e-05	2.73208e-01	3.50000e-01
1.25780e-04	2.59348e-01	3.50000e-01
1.72120e-04	2.50069e-01	3.50000e-01
2.18460e-04	2.43115e-01	3.50000e-01
4.48500e-07	1.10439e-01	6.50000e-02
1.07640e-06	1.04747e-01	6.50000e-02
1.70430e-06	1.01824e-01	6.50000e-02
2.33220e-06	9.98513e-02	6.50000e-02
2.96010e-06	9.83641e-02	6.50000e-02
6.50000e-05	2.79357e-01	3.50000e-01
1.56000e-04	2.52962e-01	3.50000e-01
2.47000e-04	2.39568e-01	3.50000e-01
3.38000e-04	2.30614e-01	3.50000e-01
4.29000e-04	2.23912e-01	3.50000e-01
5.10000e-07	1.09593e-01	6.50000e-02
1.22400e-06	1.03925e-01	6.50000e-02
1.93800e-06	1.01013e-01	6.50000e-02
2.65200e-06	9.90484e-02	6.50000e-02
3.36600e-06	9.75666e-02	6.50000e-02
1.10000e-04	2.63359e-01	3.50000e-01
2.64000e-04	2.37655e-01	3.50000e-01
4.18000e-04	2.24637e-01	3.50000e-01
5.72000e-04	2.15946e-01	3.50000e-01
7.26000e-04	2.09447e-01	3.50000e-01
5.85000e-07	1.36738e-01	8.50000e-02
1.40400e-06	1.29272e-01	8.50000e-02
2.22300e-06	1.25437e-01	8.50000e-02
3.04200e-06	1.22851e-01	8.50000e-02
3.86100e-06	1.20900e-01	8.50000e-02
2.50000e-04	2.39221e-01	3.50000e-01
6.00000e-04	2.14636e-01	3.50000e-01
9.50000e-04	2.02230e-01	3.50000e-01
1.30000e-03	1.93967e-01	3.50000e-01
1.65000e-03	1.87800e-01	3.50000e-01
6.70000e-07	1.35566e-01	8.50000e-02
1.60800e-06	1.28134e-01	8.50000e-02
2.54600e-06	1.24316e-01	8.50000e-02
3.48400e-06	1.21739e-01	8.50000e-02
4.42200e-06	1.19796e-01	8.50000e-02
1.25500e-03	1.94887e-01	3.50000e-01
3.01200e-03	1.72684e-01	3.50000e-01
4.76900e-03	1.61588e-01	3.50000e-01
6.52600e-03	1.54244e-01	3.50000e-01
8.28300e-03	1.48789e-01	3.50000e-01
7.80000e-07	1.34260e-01	8.50000e-02
1.87200e-06	1.26865e-01	8.50000e-02
2.96400e-06	1.23064e-01	8.50000e-02
4.05600e-06	1.20499e-01	8.50000e-02
5.14800e-06	1.18564e-01	8.50000e-02
4.41500e-06	4.06231e-01	4.00000e-01
1.05960e-05	3.72188e-01	4.00000e-01
1.67770e-05	3.54856e-01	4.00000e-01
2.29580e-05	3.43238e-01	4.00000e-01
2.91390e-05	3.34522e-01	4.00000e-01
7.55000e-07	1.67227e-01	1.10000e-01
1.81200e-06	1.57541e-01	1.10000e-01
2.86900e-06	1.52566e-01	1.10000e-01
3.92600e-06	1.49212e-01	1.10000e-01
4.98300e-06	1.46683e-01	1.10000e-01
5.50000e-06	3.97560e-01	4.00000e-01
1.32000e-05	3.63854e-01	4.00000e-01
2.09000e-05	3.46699e-01	4.00000e-01
2.86000e-05	3.35201e-01	4.00000e-01
3.63000e-05	3.26578e-01	4.00000e-01
8.65000e-07	1.65703e-01	1.10000e-01
2.07600e-06	1.56061e-01	1.10000e-01
3.28700e-06	1.51108e-01	1.10000e-01
4.49800e-06	1.47767e-01	1.10000e-01
5.70900e-06	1.45248e-01	1.10000e-01
6.65000e-06	3.90136e-01	4.00000e-01
1.59600e-05	3.56721e-01	4.00000e-01
2.52700e-05	3.39718e-01	4.00000e-01
3.45800e-05	3.28326e-01	4.00000e-01
4.38900e-05	3.19782e-01	4.00000e-01
1.01000e-06	1.63976e-01	1.10000e-01
2.42400e-06	1.54382e-01	1.10000e-01
3.83800e-06	1.49453e-01	1.10000e-01
5.25200e-06	1.46128e-01	1.10000e-01
6.66600e-06	1.43620e-01	1.10000e-01
8.50000e-06	3.80633e-01	4.00000e-01
2.04000e-05	3.47594e-01	4.00000e-01
3.23000e-05	3.30788e-01	4.00000e-01
4.42000e-05	3.19531e-01	4.00000e-01
5.61000e-05	3.11091e-01	4.00000e-01
1.21500e-06	1.61927e-01	1.10000e-01
2.91600e-06	1.52392e-01	1.10000e-01
4.61700e-06	1.47490e-01	1.10000e-01
6.31800e-06	1.44183e-01	1.10000e-01
8.01900e-06	1.41688e-01	1.10000e-01
1.10000e-05	3.70763e-01	4.00000e-01
2.64000e-05	3.38119e-01	4.00000e-01
4.18000e-05	3.21522e-01	4.00000e-01
5.72000e-05	3.10408e-01	4.00000e-01
7.26000e-05	3.02078e-01	4.00000e-01
1.03500e-06	2.11706e-01	1.50000e-01
2.48400e-06	1.98474e-01	1.50000e-01
3.93300e-06	1.91684e-01	1.50000e-01
5.38200e-06	1.87107e-01	1.50000e-01
6.83100e-06	1.83658e-01	1.50000e-01
1.84000e-05	3.51418e-01	4.00000e-01
4.41600e-05	3.19563e-01	4.00000e-01
6.99200e-05	3.03385e-01	4.00000e-01
9.56800e-05	2.92561e-01	4.00000e-01
1.21440e-04	2.84452e-01	4.00000e-01
1.18000e-06	2.09698e-01	1.50000e-01
2.83200e-06	1.96526e-01	1.50000e-01
4.48400e-06	1.89765e-01	1.50000e-01
6.13600e-06	1.85207e-01	1.50000e-01
7.78800e-06	1.81772e-01	1.50000e-01
4.41500e-05	3.19571e-01	4.00000e-01
1.05960e-04	2.89077e-01	4.00000e-01
1.67770e-04	2.73628e-01	4.00000e-01
2.29580e-04	2.63308e-01	4.00000e-01
2.91390e-04	2.55589e-01	4.00000e-01
1.38000e-06	2.07313e-01	1.50000e-01
3.31200e-06	1.94211e-01	1.50000e-01
5.24400e-06	1.87484e-01	1.50000e-01
7.17600e-06	1.82949e-01	1.50000e-01
9.10800e-06	1.79531e-01	1.50000e-01
8.80000e-05	2.95431e-01	4.00000e-01
2.11200e-04	2.66036e-01	4.00000e-01
3.34400e-04	2.51181e-01	4.00000e-01
4.57600e-04	2.41276e-01	4.00000e-01
5.80800e-04	2.33877e-01	4.00000e-01
1.65500e-06	2.04562e-01	1.50000e-01
3.97200e-06	1.91539e-01	1.50000e-01
6.28900e-06	1.84851e-01	1.50000e-01
8.60600e-06	1.80341e-01	1.50000e-01
1.09230e-05	1.76942e-01	1.50000e-01
1.47000e-04	2.78031e-01	4.00000e-01
3.52800e-04	2.49476e-01	4.00000e-01
5.58600e-04	2.35079e-01	4.00000e-01
7.64400e-04	2.25493e-01	4.00000e-01
9.70200e-04	2.18341e-01	4.00000e-01
2.07000e-06	2.01197e-01	1.50000e-01
4.96800e-06	1.88270e-01	1.50000e-01
7.86600e-06	1.81629e-01	1.50000e-01
1.07640e-05	1.77150e-01	1.50000e-01
1.36620e-05	1.73774e-01	1.50000e-01
3.15500e-04	2.53039e-01	4.00000e-01
7.57200e-04	2.25780e-01	4.00000e-01
1.19890e-03	2.12090e-01	4.00000e-01
1.64060e-03	2.02999e-01	4.00000e-01
2.08230e-03	1.96230e-01	4.00000e-01
2.51000e-06	1.98319e-01	1.50000e-01
6.02400e-06	1.85473e-01	1.50000e-01
9.53800e-06	1.78872e-01	1.50000e-01
1.30520e-05	1.74419e-01	1.50000e-01
1.65660e-05	1.71062e-01	1.50000e-01
3.66000e-06	4.88727e-01	5.00000e-01
8.78400e-06	4.45907e-01	5.00000e-01
1.39080e-05	4.24169e-01	5.00000e-01
1.90320e-05	4.09625e-01	5.00000e-01
2.41560e-05	3.98730e-01	5.00000e-01
1.57500e-06	2.59242e-01	2.00000e-01
3.78000e-06	2.41685e-01	2.00000e-01
5.98500e-06	2.32684e-01	2.00000e-01
8.19000e-06	2.26622e-01	2.00000e-01
1.03950e-05	2.22058e-01	2.00000e-01
4.30000e-06	4.80706e-01	5.00000e-01
1.03200e-05	4.38226e-01	5.00000e-01
1.63400e-05	4.16667e-01	5.00000e-01
2.23600e-05	4.02245e-01	5.00000e-01
2.83800e-05	3.91444e-01	5.00000e-01
1.84000e-06	2.56083e-01	2.00000e-01
4.41600e-06	2.38623e-01	2.00000e-01
6.99200e-06	2.29670e-01	2.00000e-01
9.56800e-06	2.23641e-01	2.00000e-01
1.21440e-05	2.19100e-01	2.00000e-01
7.90000e-06	4.50997e-01	5.00000e-01
1.89600e-05	4.09799e-01	5.00000e-01
3.00200e-05	3.88919e-01	5.00000e-01
4.10800e-05	3.74964e-01	5.00000e-01
5.21400e-05	3.64520e-01	5.00000e-01
2.20500e-06	2.52429e-01	2.00000e-01
5.29200e-06	2.35080e-01	2.00000e-01
8.37900e-06	2.26184e-01	2.00000e-01
1.14660e-05	2.20191e-01	2.00000e-01
1.45530e-05	2.15678e-01	2.00000e-01
1.06000e-05	4.36956e-01	5.00000e-01
2.54400e-05	3.96381e-01	5.00000e-01
4.02800e-05	3.75832e-01	5.00000e-01
5.51200e-05	3.62106e-01	5.00000e-01
6.99600e-05	3.51836e-01	5.00000e-01
2.76000e-06	2.47929e-01	2.00000e-01
6.62400e-06	2.30716e-01	2.00000e-01
1.04880e-05	2.21888e-01	2.00000e-01
1.43520e-05	2.15940e-01	2.00000e-01
1.82160e-05	2.11462e-01	2.00000e-01
1.38000e-05	4.24534e-01	5.00000e-01
3.31200e-05	3.84521e-01	5.00000e-01
5.24400e-05	3.64270e-01	5.00000e-01
7.17600e-05	3.50750e-01	5.00000e-01
9.10800e-05	3.40639e-01	5.00000e-01
3.34500e-06	2.44104e-01	2.00000e-01
8.02800e-06	2.27006e-01	2.00000e-01
1.27110e-05	2.18235e-01	2.00000e-01
1.73940e-05	2.12326e-01	2.00000e-01
2.20770e-05	2.07876e-01	2.00000e-01
1.99000e-05	4.07576e-01	5.00000e-01
4.77600e-05	3.68348e-01	5.00000e-01
7.56200e-05	3.48516e-01	5.00000e-01
1.03480e-04	3.35285e-01	5.00000e-01
1.31340e-04	3.25396e-01	5.00000e-01
4.24500e-06	2.39399e-01	2.00000e-01
1.01880e-05	2.22441e-01	2.00000e-01
1.61310e-05	2.13741e-01	2.00000e-01
2.20740e-05	2.07878e-01	2.00000e-01
2.80170e-05	2.03463e-01	2.00000e-01
5.00000e-05	3.66346e-01	5.00000e-01
1.20000e-04	3.29124e-01	5.00000e-01
1.90000e-04	3.10370e-01	5.00000e-01
2.60000e-04	2.97887e-01	5.00000e-01
3.30000e-04	2.88573e-01	5.00000e-01
5.50000e-06	2.34328e-01	2.00000e-01
1.32000e-05	2.17521e-01	2.00000e-01
2.09000e-05	2.08895e-01	2.00000e-01
2.86000e-05	2.03084e-01	2.00000e-01
3.63000e-05	1.98706e-01	2.00000e-01
1.25500e-04	3.27271e-01	5.00000e-01
3.01200e-04	2.92123e-01	5.00000e-01
4.76900e-04	2.74490e-01	5.00000e-01
6.52600e-04	2.62786e-01	5.00000e-01
8.28300e-04	2.54073e-01	5.00000e-01
1.99000e-05	2.09809e-01	2.00000e-01
4.77600e-05	1.93712e-01	2.00000e-01
7.56200e-05	1.85449e-01	2.00000e-01
1.03480e-04	1.79882e-01	2.00000e-01
1.31340e-04	1.75691e-01	2.00000e-01
1.84000e-04	3.11662e-01	5.00000e-01
4.41600e-04	2.77401e-01	5.00000e-01
6.99200e-04	2.60249e-01	5.00000e-01
9.56800e-04	2.48879e-01	5.00000e-01
1.21440e-03	2.40424e-01	5.00000e-01
1.25500e-04	1.76488e-01	2.00000e-01
3.01200e-04	1.61374e-01	2.00000e-01
4.76900e-04	1.53635e-01	2.00000e-01
6.52600e-04	1.48432e-01	2.00000e-01
8.28300e-04	1.44522e-01	2.00000e-01
4.00000e-04	2.81170e-01	5.00000e-01
9.60000e-04	2.48760e-01	5.00000e-01
1.52000e-03	2.32612e-01	5.00000e-01
2.08000e-03	2.21940e-01	5.00000e-01
2.64000e-03	2.14022e-01	5.00000e-01
1.97000e-06	3.04195e-01	2.50000e-01
4.72800e-06	2.82298e-01	2.50000e-01
7.48600e-06	2.71089e-01	2.50000e-01
1.02440e-05	2.63548e-01	2.50000e-01
1.30020e-05	2.57874e-01	2.50000e-01
1.60000e-03	2.30847e-01	5.00000e-01
3.84000e-03	2.01917e-01	5.00000e-01
6.08000e-03	1.87648e-01	5.00000e-01
8.32000e-03	1.78277e-01	5.00000e-01
1.05600e-02	1.71356e-01	5.00000e-01
2.30000e-06	3.00268e-01	2.50000e-01
5.52000e-06	2.78498e-01	2.50000e-01
8.74000e-06	2.67354e-01	2.50000e-01
1.19600e-05	2.59856e-01	2.50000e-01
1.51800e-05	2.54215e-01	2.50000e-01
4.76000e-06	5.75392e-01	6.50000e-01
1.14240e-05	5.20879e-01	6.50000e-01
1.80880e-05	4.93341e-01	6.50000e-01
2.47520e-05	4.74975e-01	6.50000e-01
3.14160e-05	4.61250e-01	6.50000e-01
2.76000e-06	2.95675e-01	2.50000e-01
6.62400e-06	2.74054e-01	2.50000e-01
1.04880e-05	2.62985e-01	2.50000e-01
1.43520e-05	2.55538e-01	2.50000e-01
1.82160e-05	2.49935e-01	2.50000e-01
5.60000e-06	5.65071e-01	6.50000e-01
1.34400e-05	5.11054e-01	6.50000e-01
2.12800e-05	4.83781e-01	6.50000e-01
2.91200e-05	4.65597e-01	6.50000e-01
3.69600e-05	4.52012e-01	6.50000e-01
3.45000e-06	2.90096e-01	2.50000e-01
8.28000e-06	2.68655e-01	2.50000e-01
1.31100e-05	2.57678e-01	2.50000e-01
1.79400e-05	2.50292e-01	2.50000e-01
2.27700e-05	2.44736e-01	2.50000e-01
7.90000e-06	5.43520e-01	6.50000e-01
1.89600e-05	4.90561e-01	6.50000e-01
3.00200e-05	4.63851e-01	6.50000e-01
4.10800e-05	4.46056e-01	6.50000e-01
5.21400e-05	4.32769e-01	6.50000e-01
4.18000e-06	2.85335e-01	2.50000e-01
1.00320e-05	2.64048e-01	2.50000e-01
1.58840e-05	2.53148e-01	2.50000e-01
2.17360e-05	2.45815e-01	2.50000e-01
2.75880e-05	2.40298e-01	2.50000e-01
8.20000e-06	5.41211e-01	6.50000e-01
1.96800e-05	4.88367e-01	6.50000e-01
3.11600e-05	4.61718e-01	6.50000e-01
4.26400e-05	4.43965e-01	6.50000e-01
5.41200e-05	4.30710e-01	6.50000e-01
5.30000e-06	2.79494e-01	2.50000e-01
1.27200e-05	2.58394e-01	2.50000e-01
2.01400e-05	2.47590e-01	2.50000e-01
2.75600e-05	2.40321e-01	2.50000e-01
3.49800e-05	2.34853e-01	2.50000e-01
1.99000e-05	4.87713e-01	6.50000e-01
4.77600e-05	4.37635e-01	6.50000e-01
7.56200e-05	4.12463e-01	6.50000e-01
1.03480e-04	3.95731e-01	6.50000e-01
1.31340e-04	3.83259e-01	6.50000e-01
6.90000e-06	2.73063e-01	2.50000e-01
1.65600e-05	2.52169e-01	2.50000e-01
2.62200e-05	2.41471e-01	2.50000e-01
3.58800e-05	2.34273e-01	2.50000e-01
4.55400e-05	2.28859e-01	2.50000e-01
2.99000e-05	4.64081e-01	6.50000e-01
7.17600e-05	4.15294e-01	6.50000e-01
1.13620e-04	3.90815e-01	6.50000e-01
1.55480e-04	3.74561e-01	6.50000e-01
1.97340e-04	3.62457e-01	6.50000e-01
1.15000e-05	2.60789e-01	2.50000e-01
2.76000e-05	2.40288e-01	2.50000e-01
4.37000e-05	2.29793e-01	2.50000e-01
5.98000e-05	2.22733e-01	2.50000e-01
7.59000e-05	2.17424e-01	2.50000e-01
5.00000e-05	4.35089e-01	6.50000e-01
1.20000e-04	3.87957e-01	6.50000e-01
1.90000e-04	3.64367e-01	6.50000e-01
2.60000e-04	3.48727e-01	6.50000e-01
3.30000e-04	3.37094e-01	6.50000e-01
1.99000e-05	2.47870e-01	2.50000e-01
4.77600e-05	2.27784e-01	2.50000e-01
7.56200e-05	2.17506e-01	2.50000e-01
1.03480e-04	2.10595e-01	2.50000e-01
1.31340e-04	2.05399e-01	2.50000e-01
1.25500e-04	3.85622e-01	6.50000e-01
3.01200e-04	3.41524e-01	6.50000e-01
4.76900e-04	3.19564e-01	6.50000e-01
6.52600e-04	3.05053e-01	6.50000e-01
8.28300e-04	2.94285e-01	6.50000e-01
5.50000e-05	2.24608e-01	2.50000e-01
1.32000e-04	2.05291e-01	2.50000e-01
2.09000e-04	1.95420e-01	2.50000e-01
2.86000e-04	1.88791e-01	2.50000e-01
3.63000e-04	1.83813e-01	2.50000e-01
2.39000e-04	3.52889e-01	6.50000e-01
5.73600e-04	3.10975e-01	6.50000e-01
9.08200e-04	2.90187e-01	6.50000e-01
1.24280e-03	2.76486e-01	6.50000e-01
1.57740e-03	2.66338e-01	6.50000e-01
1.25500e-04	2.06387e-01	2.50000e-01
3.01200e-04	1.87705e-01	2.50000e-01
4.76900e-04	1.78180e-01	2.50000e-01
6.52600e-04	1.71793e-01	2.50000e-01
8.28300e-04	1.67003e-01	2.50000e-01
4.00000e-04	3.27869e-01	6.50000e-01
9.60000e-04	2.87735e-01	6.50000e-01
1.52000e-03	2.67901e-01	6.50000e-01
2.08000e-03	2.54857e-01	6.50000e-01
2.64000e-03	2.45213e-01	6.50000e-01
1.97000e-04	1.96679e-01	2.50000e-01
4.72800e-04	1.78357e-01	2.50000e-01
7.48600e-04	1.69029e-01	2.50000e-01
1.02440e-03	1.62781e-01	2.50000e-01
1.30020e-03	1.58099e-01	2.50000e-01
1.60000e-03	2.65740e-01	6.50000e-01
3.84000e-03	2.30530e-01	6.50000e-01
6.08000e-03	2.13317e-01	6.50000e-01
8.32000e-03	2.02071e-01	6.50000e-01
1.05600e-02	1.93796e-01	6.50000e-01
7.90000e-04	1.67950e-01	2.50000e-01
1.89600e-03	1.50812e-01	2.50000e-01
3.00200e-03	1.42143e-01	2.50000e-01
4.10800e-03	1.36361e-01	2.50000e-01
5.21400e-03	1.32042e-01	2.50000e-01
6.20000e-06	6.74109e-01	8.50000e-01
1.48800e-05	6.04943e-01	8.50000e-01
2.35600e-05	5.70219e-01	8.50000e-01
3.22400e-05	5.47152e-01	8.50000e-01
4.09200e-05	5.29966e-01	8.50000e-01
2.56000e-06	3.86516e-01	3.50000e-01
6.14400e-06	3.56015e-01	3.50000e-01
9.72800e-06	3.40453e-01	3.50000e-01
1.33120e-05	3.30006e-01	3.50000e-01
1.68960e-05	3.22160e-01	3.50000e-01
6.90000e-06	6.65448e-01	8.50000e-01
1.65600e-05	5.96762e-01	8.50000e-01
2.62200e-05	5.62294e-01	8.50000e-01
3.58800e-05	5.39404e-01	8.50000e-01
4.55400e-05	5.22353e-01	8.50000e-01
2.56000e-06	3.86516e-01	3.50000e-01
6.14400e-06	3.56015e-01	3.50000e-01
9.72800e-06	3.40453e-01	3.50000e-01
1.33120e-05	3.30006e-01	3.50000e-01
1.68960e-05	3.22160e-01	3.50000e-01
1.00000e-05	6.35856e-01	8.50000e-01
2.40000e-05	5.68844e-01	8.50000e-01
3.80000e-05	5.35271e-01	8.50000e-01
5.20000e-05	5.12997e-01	8.50000e-01
6.60000e-05	4.96419e-01	8.50000e-01
3.05000e-06	3.80324e-01	3.50000e-01
7.32000e-06	3.50048e-01	3.50000e-01
1.15900e-05	3.34603e-01	3.50000e-01
1.58600e-05	3.24235e-01	3.50000e-01
2.01300e-05	3.16449e-01	3.50000e-01
1.00000e-05	6.35856e-01	8.50000e-01
2.40000e-05	5.68844e-01	8.50000e-01
3.80000e-05	5.35271e-01	8.50000e-01
5.20000e-05	5.12997e-01	8.50000e-01
6.60000e-05	4.96419e-01	8.50000e-01
3.31000e-06	3.77447e-01	3.50000e-01
7.94400e-06	3.47276e-01	3.50000e-01
1.25780e-05	3.31885e-01	3.50000e-01
1.72120e-05	3.21554e-01	3.50000e-01
2.18460e-05	3.13796e-01	3.50000e-01
1.99000e-05	5.82849e-01	8.50000e-01
4.77600e-05	5.18985e-01	8.50000e-01
7.56200e-05	4.87094e-01	8.50000e-01
1.03480e-04	4.65980e-01	8.50000e-01
1.31340e-04	4.50290e-01	8.50000e-01
4.14000e-06	3.69630e-01	3.50000e-01
9.93600e-06	3.39744e-01	3.50000e-01
1.57320e-05	3.24501e-01	3.50000e-01
2.15280e-05	3.14271e-01	3.50000e-01
2.73240e-05	3.06589e-01	3.50000e-01
2.50000e-05	5.65817e-01	8.50000e-01
6.00000e-05	5.03010e-01	8.50000e-01
9.50000e-05	4.71683e-01	8.50000e-01
1.30000e-04	4.50958e-01	8.50000e-01
1.65000e-04	4.35566e-01	8.50000e-01
5.00000e-06	3.63092e-01	3.50000e-01
1.20000e-05	3.33447e-01	3.50000e-01
1.90000e-05	3.18328e-01	3.50000e-01
2.60000e-05	3.08183e-01	3.50000e-01
3.30000e-05	3.00566e-01	3.50000e-01
5.00000e-05	5.15754e-01	8.50000e-01
1.20000e-04	4.56196e-01	8.50000e-01
1.90000e-04	4.26604e-01	8.50000e-01
2.60000e-04	4.07075e-01	8.50000e-01
3.30000e-04	3.92597e-01	8.50000e-01
6.35000e-06	3.54888e-01	3.50000e-01
1.52400e-05	3.25545e-01	3.50000e-01
2.41300e-05	3.10584e-01	3.50000e-01
3.30200e-05	3.00547e-01	3.50000e-01
4.19100e-05	2.93012e-01	3.50000e-01
1.25500e-04	4.53259e-01	8.50000e-01
3.01200e-04	3.98105e-01	8.50000e-01
4.76900e-04	3.70860e-01	8.50000e-01
6.52600e-04	3.52945e-01	8.50000e-01
8.28300e-04	3.39698e-01	8.50000e-01
8.25000e-06	3.45999e-01	3.50000e-01
1.98000e-05	3.16986e-01	3.50000e-01
3.13500e-05	3.02198e-01	3.50000e-01
4.29000e-05	2.92278e-01	3.50000e-01
5.44500e-05	2.84834e-01	3.50000e-01
4.00000e-04	3.81146e-01	8.50000e-01
9.60000e-04	3.31661e-01	8.50000e-01
1.52000e-03	3.07421e-01	8.50000e-01
2.08000e-03	2.91563e-01	8.50000e-01
2.64000e-03	2.79883e-01	8.50000e-01
1.60000e-05	3.23946e-01	3.50000e-01
3.84000e-05	2.95767e-01	3.50000e-01
6.08000e-05	2.81417e-01	3.50000e-01
8.32000e-05	2.71799e-01	3.50000e-01
1.05600e-04	2.64586e-01	3.50000e-01
1.60000e-03	3.04789e-01	8.50000e-01
3.84000e-03	2.62174e-01	8.50000e-01
6.08000e-03	2.41535e-01	8.50000e-01
8.32000e-03	2.28123e-01	8.50000e-01
1.05600e-02	2.18294e-01	8.50000e-01
8.80000e-06	8.13091e-01	1.20000e+00
2.11200e-05	7.20777e-01	1.20000e+00
3.34400e-05	6.74880e-01	1.20000e+00
4.57600e-05	6.44576e-01	1.20000e+00
5.80800e-05	6.22102e-01	1.20000e+00
4.00000e-05	1.04143e+00	2.70000e+00
9.60000e-05	8.89671e-01	2.70000e+00
1.52000e-04	8.16824e-01	2.70000e+00
2.08000e-04	7.69730e-01	2.70000e+00
2.64000e-04	7.35334e-01	2.70000e+00
1.00000e-05	7.99217e-01	1.20000e+00
2.40000e-05	7.07831e-01	1.20000e+00
3.80000e-05	6.62429e-01	1.20000e+00
5.20000e-05	6.32465e-01	1.20000e+00
6.60000e-05	6.10250e-01	1.20000e+00
4.00000e-05	1.04143e+00	2.70000e+00
9.60000e-05	8.89671e-01	2.70000e+00
1.52000e-04	8.16824e-01	2.70000e+00
2.08000e-04	7.69730e-01	2.70000e+00
2.64000e-04	7.35334e-01	2.70000e+00
1.00000e-05	7.99217e-01	1.20000e+00
2.40000e-05	7.07831e-01	1.20000e+00
3.80000e-05	6.62429e-01	1.20000e+00
5.20000e-05	6.32465e-01	1.20000e+00
6.60000e-05	6.10250e-01	1.20000e+00
6.50000e-05	9.55144e-01	2.70000e+00
1.56000e-04	8.12844e-01	2.70000e+00
2.47000e-04	7.44816e-01	2.70000e+00
3.38000e-04	7.00941e-01	2.70000e+00
4.29000e-04	6.68950e-01	2.70000e+00
1.60000e-05	7.49363e-01	1.20000e+00
3.84000e-05	6.61415e-01	1.20000e+00
6.08000e-05	6.17842e-01	1.20000e+00
8.32000e-05	5.89135e-01	1.20000e+00
1.05600e-04	5.67878e-01	1.20000e+00
1.00000e-04	8.83012e-01	2.70000e+00
2.40000e-04	7.48941e-01	2.70000e+00
3.80000e-04	6.85080e-01	2.70000e+00
5.20000e-04	6.43977e-01	2.70000e+00
6.60000e-04	6.14053e-01	2.70000e+00
1.60000e-05	7.49363e-01	1.20000e+00
3.84000e-05	6.61415e-01	1.20000e+00
6.08000e-05	6.17842e-01	1.20000e+00
8.32000e-05	5.89135e-01	1.20000e+00
1.05600e-04	5.67878e-01	1.20000e+00
1.60000e-04	8.08978e-01	2.70000e+00
3.84000e-04	6.83675e-01	2.70000e+00
6.08000e-04	6.24226e-01	2.70000e+00
8.32000e-04	5.86050e-01	2.70000e+00
1.05600e-03	5.58300e-01	2.70000e+00
3.15500e-05	6.80592e-01	1.20000e+00
7.57200e-05	5.97669e-01	1.20000e+00
1.19890e-04	5.56761e-01	1.20000e+00
1.64060e-04	5.29881e-01	1.20000e+00
2.08230e-04	5.10015e-01	1.20000e+00
2.50000e-04	7.43090e-01	2.70000e+00
6.00000e-04	6.25881e-01	2.70000e+00
9.50000e-04	5.70479e-01	2.70000e+00
1.30000e-03	5.34978e-01	2.70000e+00
1.65000e-03	5.09210e-01	2.70000e+00
4.00000e-05	6.57472e-01	1.20000e+00
9.60000e-05	5.76318e-01	1.20000e+00
1.52000e-04	5.36346e-01	1.20000e+00
2.08000e-04	5.10106e-01	1.20000e+00
2.64000e-04	4.90727e-01	1.20000e+00
4.00000e-04	6.78222e-01	2.70000e+00
9.60000e-04	5.69264e-01	2.70000e+00
1.52000e-03	5.17963e-01	2.70000e+00
2.08000e-03	4.85161e-01	2.70000e+00
2.64000e-03	4.61389e-01	2.70000e+00
6.50000e-05	6.11658e-01	1.20000e+00
1.56000e-04	5.34141e-01	1.20000e+00
2.47000e-04	4.96088e-01	1.20000e+00
3.38000e-04	4.71159e-01	1.20000e+00
4.29000e-04	4.52776e-01	1.20000e+00
6.50000e-04	6.15935e-01	2.70000e+00
1.56000e-03	5.15179e-01	2.70000e+00
2.47000e-03	4.67927e-01	2.70000e+00
3.38000e-03	4.37780e-01	2.70000e+00
4.29000e-03	4.15967e-01	2.70000e+00
7.90000e-05	5.93818e-01	1.20000e+00
1.89600e-04	5.17767e-01	1.20000e+00
3.00200e-04	4.80486e-01	1.20000e+00
4.10800e-04	4.56082e-01	1.20000e+00
5.21400e-04	4.38098e-01	1.20000e+00
1.00000e-03	5.64547e-01	2.70000e+00
2.40000e-03	4.70774e-01	2.70000e+00
3.80000e-03	4.26947e-01	2.70000e+00
5.20000e-03	3.99040e-01	2.70000e+00
6.60000e-03	3.78874e-01	2.70000e+00
1.99000e-04	5.13755e-01	1.20000e+00
4.77600e-04	4.44660e-01	1.20000e+00
7.56200e-04	4.11024e-01	1.20000e+00
1.03480e-03	3.89098e-01	1.20000e+00
1.31340e-03	3.72989e-01	1.20000e+00
2.50000e-03	4.66735e-01	2.70000e+00
6.00000e-03	3.86830e-01	2.70000e+00
9.50000e-03	3.49746e-01	2.70000e+00
1.30000e-02	3.26225e-01	2.70000e+00
1.65000e-02	3.09275e-01	2.70000e+00
6.50000e-04	4.21902e-01	1.20000e+00
1.56000e-03	3.61660e-01	1.20000e+00
2.47000e-03	3.32614e-01	1.20000e+00
3.38000e-03	3.13789e-01	1.20000e+00
4.29000e-03	3.00014e-01	1.20000e+00
2.50000e-03	3.31875e-01	1.20000e+00
6.00000e-03	2.81403e-01	1.20000e+00
9.50000e-03	2.57347e-01	1.20000e+00
1.30000e-02	2.41859e-01	1.20000e+00
1.65000e-02	2.30581e-01	1.20000e+00
2.03000e-05	1.34866e+00	3.50000e+00
4.87200e-05	1.14909e+00	3.50000e+00
7.71400e-05	1.05353e+00	3.50000e+00
1.05560e-04	9.91847e-01	3.50000e+00
1.33980e-04	9.46845e-01	3.50000e+00
9.25000e-06	9.32386e-01	1.50000e+00
2.22000e-05	8.20687e-01	1.50000e+00
3.51500e-05	7.65493e-01	1.50000e+00
4.81000e-05	7.29189e-01	1.50000e+00
6.10500e-05	7.02339e-01	1.50000e+00
2.16000e-05	1.33374e+00	3.50000e+00
5.18400e-05	1.13582e+00	3.50000e+00
8.20800e-05	1.04110e+00	3.50000e+00
1.12320e-04	9.79975e-01	3.50000e+00
1.42560e-04	9.35392e-01	3.50000e+00
1.10000e-05	9.09602e-01	1.50000e+00
2.64000e-05	7.99596e-01	1.50000e+00
4.18000e-05	7.45300e-01	1.50000e+00
5.72000e-05	7.09611e-01	1.50000e+00
7.26000e-05	6.83229e-01	1.50000e+00
2.30000e-05	1.31877e+00	3.50000e+00
5.52000e-05	1.12251e+00	3.50000e+00
8.74000e-05	1.02863e+00	3.50000e+00
1.19600e-04	9.68075e-01	3.50000e+00
1.51800e-04	9.23915e-01	3.50000e+00
1.60000e-05	8.61472e-01	1.50000e+00
3.84000e-05	7.55145e-01	1.50000e+00
6.08000e-05	7.02795e-01	1.50000e+00
8.32000e-05	6.68438e-01	1.50000e+00
1.05600e-04	6.43069e-01	1.50000e+00
2.56000e-05	1.29351e+00	3.50000e+00
6.14400e-05	1.10007e+00	3.50000e+00
9.72800e-05	1.00764e+00	3.50000e+00
1.33120e-04	9.48040e-01	3.50000e+00
1.68960e-04	9.04595e-01	3.50000e+00
1.60000e-05	8.61472e-01	1.50000e+00
3.84000e-05	7.55145e-01	1.50000e+00
6.08000e-05	7.02795e-01	1.50000e+00
8.32000e-05	6.68438e-01	1.50000e+00
1.05600e-04	6.43069e-01	1.50000e+00
2.65500e-05	1.28500e+00	3.50000e+00
6.37200e-05	1.09252e+00	3.50000e+00
1.00890e-04	1.00057e+00	3.50000e+00
1.38060e-04	9.41297e-01	3.50000e+00
1.75230e-04	8.98094e-01	3.50000e+00
2.50000e-05	8.06192e-01	1.50000e+00
6.00000e-05	7.04271e-01	1.50000e+00
9.50000e-05	6.54245e-01	1.50000e+00
1.30000e-04	6.21474e-01	1.50000e+00
1.65000e-04	5.97309e-01	1.50000e+00
2.86500e-05	1.26734e+00	3.50000e+00
6.87600e-05	1.07686e+00	3.50000e+00
1.08870e-04	9.85928e-01	3.50000e+00
1.48980e-04	9.27330e-01	3.50000e+00
1.89090e-04	8.84632e-01	3.50000e+00
4.00000e-05	7.50398e-01	1.50000e+00
9.60000e-05	6.53133e-01	1.50000e+00
1.52000e-04	6.05555e-01	1.50000e+00
2.08000e-04	5.74450e-01	1.50000e+00
2.64000e-04	5.51547e-01	1.50000e+00
4.00000e-05	1.19202e+00	3.50000e+00
9.60000e-05	1.01022e+00	3.50000e+00
1.52000e-04	9.23675e-01	3.50000e+00
2.08000e-04	8.68000e-01	3.50000e+00
2.64000e-04	8.27478e-01	3.50000e+00
6.50000e-05	6.95385e-01	1.50000e+00
1.56000e-04	6.02936e-01	1.50000e+00
2.47000e-04	5.57877e-01	1.50000e+00
3.38000e-04	5.28483e-01	1.50000e+00
4.29000e-04	5.06874e-01	1.50000e+00
4.00000e-05	1.19202e+00	3.50000e+00
9.60000e-05	1.01022e+00	3.50000e+00
1.52000e-04	9.23675e-01	3.50000e+00
2.08000e-04	8.68000e-01	3.50000e+00
2.64000e-04	8.27478e-01	3.50000e+00
1.00000e-04	6.48810e-01	1.50000e+00
2.40000e-04	5.60626e-01	1.50000e+00
3.80000e-04	5.17788e-01	1.50000e+00
5.20000e-04	4.89898e-01	1.50000e+00
6.60000e-04	4.69425e-01	1.50000e+00
6.50000e-05	1.08841e+00	3.50000e+00
1.56000e-04	9.18961e-01	3.50000e+00
2.47000e-04	8.38637e-01	3.50000e+00
3.38000e-04	7.87083e-01	3.50000e+00
4.29000e-04	7.49624e-01	3.50000e+00
1.60000e-04	6.00392e-01	1.50000e+00
3.84000e-04	5.16839e-01	1.50000e+00
6.08000e-04	4.76402e-01	1.50000e+00
8.32000e-04	4.50132e-01	1.50000e+00
1.05600e-03	4.30880e-01	1.50000e+00
1.00000e-04	1.00229e+00	3.50000e+00
2.40000e-04	8.43493e-01	3.50000e+00
3.80000e-04	7.68496e-01	3.50000e+00
5.20000e-04	7.20462e-01	3.50000e+00
6.60000e-04	6.85610e-01	3.50000e+00
2.50000e-04	5.56725e-01	1.50000e+00
6.00000e-04	4.77535e-01	1.50000e+00
9.50000e-04	4.39346e-01	1.50000e+00
1.30000e-03	4.14591e-01	1.50000e+00
1.65000e-03	3.96476e-01	1.50000e+00
1.60000e-04	9.14384e-01	3.50000e+00
3.84000e-04	7.66852e-01	3.50000e+00
6.08000e-04	6.97447e-01	3.50000e+00
8.32000e-04	6.53093e-01	3.50000e+00
1.05600e-03	6.20961e-01	3.50000e+00
4.00000e-04	5.13153e-01	1.50000e+00
9.60000e-04	4.38503e-01	1.50000e+00
1.52000e-03	4.02644e-01	1.50000e+00
2.08000e-03	3.79452e-01	1.50000e+00
2.64000e-03	3.62508e-01	1.50000e+00
2.50000e-04	8.36604e-01	3.50000e+00
6.00000e-04	6.99373e-01	3.50000e+00
9.50000e-04	6.35052e-01	3.50000e+00
1.30000e-03	5.94030e-01	3.50000e+00
1.65000e-03	5.64355e-01	3.50000e+00
5.00000e-04	4.93326e-01	1.50000e+00
1.20000e-03	4.20809e-01	1.50000e+00
1.90000e-03	3.86039e-01	1.50000e+00
2.60000e-03	3.63576e-01	1.50000e+00
3.30000e-03	3.47178e-01	1.50000e+00
4.00000e-04	7.60469e-01	3.50000e+00
9.60000e-04	6.33645e-01	3.50000e+00
1.52000e-03	5.74425e-01	3.50000e+00
2.08000e-03	5.36736e-01	3.50000e+00
2.64000e-03	5.09513e-01	3.50000e+00
1.60000e-03	3.98781e-01	1.50000e+00
3.84000e-03	3.37053e-01	1.50000e+00
6.08000e-03	3.07747e-01	1.50000e+00
8.32000e-03	2.88920e-01	1.50000e+00
1.05600e-02	2.75232e-01	1.50000e+00
6.50000e-04	6.87800e-01	3.50000e+00
1.56000e-03	5.71222e-01	3.50000e+00
2.47000e-03	5.16992e-01	3.50000e+00
3.38000e-03	4.82551e-01	3.50000e+00
4.29000e-03	4.57710e-01	3.50000e+00
6.50000e-04	4.70717e-01	1.50000e+00
1.56000e-03	4.00684e-01	1.50000e+00
2.47000e-03	3.67180e-01	1.50000e+00
3.38000e-03	3.45562e-01	1.50000e+00
4.29000e-03	3.29795e-01	1.50000e+00
1.00000e-03	6.28186e-01	3.50000e+00
2.40000e-03	5.20251e-01	3.50000e+00
3.80000e-03	4.70206e-01	3.50000e+00
5.20000e-03	4.38480e-01	3.50000e+00
6.60000e-03	4.15625e-01	3.50000e+00
1.23500e-05	1.06696e+00	2.00000e+00
2.96400e-05	9.28750e-01	2.00000e+00
4.69300e-05	8.61147e-01	2.00000e+00
6.42200e-05	8.16954e-01	2.00000e+00
8.15100e-05	7.84417e-01	2.00000e+00
4.00000e-03	4.64886e-01	3.50000e+00
9.60000e-03	3.81809e-01	3.50000e+00
1.52000e-02	3.43663e-01	3.50000e+00
2.08000e-02	3.19609e-01	3.50000e+00
2.64000e-02	3.02345e-01	3.50000e+00
1.46500e-05	1.03903e+00	2.00000e+00
3.51600e-05	9.03228e-01	2.00000e+00
5.56700e-05	8.36888e-01	2.00000e+00
7.61800e-05	7.93554e-01	2.00000e+00
9.66900e-05	7.61668e-01	2.00000e+00
2.61000e-05	1.46604e+00	4.50000e+00
6.26400e-05	1.23727e+00	4.50000e+00
9.91800e-05	1.12884e+00	4.50000e+00
1.35720e-04	1.05925e+00	4.50000e+00
1.72260e-04	1.00869e+00	4.50000e+00
1.63500e-05	1.02132e+00	2.00000e+00
3.92400e-05	8.87070e-01	2.00000e+00
6.21300e-05	8.21541e-01	2.00000e+00
8.50200e-05	7.78758e-01	2.00000e+00
1.07910e-04	7.47289e-01	2.00000e+00
2.96000e-05	1.43132e+00	4.50000e+00
7.10400e-05	1.20680e+00	4.50000e+00
1.12480e-04	1.10049e+00	4.50000e+00
1.53920e-04	1.03231e+00	4.50000e+00
1.95360e-04	9.82800e-01	4.50000e+00
2.50000e-05	9.54660e-01	2.00000e+00
6.00000e-05	8.26396e-01	2.00000e+00
9.50000e-05	7.63995e-01	2.00000e+00
1.30000e-04	7.23334e-01	2.00000e+00
1.65000e-04	6.93466e-01	2.00000e+00
3.09000e-05	1.41961e+00	4.50000e+00
7.41600e-05	1.19653e+00	4.50000e+00
1.17420e-04	1.09094e+00	4.50000e+00
1.60680e-04	1.02324e+00	4.50000e+00
2.03940e-04	9.74082e-01	4.50000e+00
2.50000e-05	9.54660e-01	2.00000e+00
6.00000e-05	8.26396e-01	2.00000e+00
9.50000e-05	7.63995e-01	2.00000e+00
1.30000e-04	7.23334e-01	2.00000e+00
1.65000e-04	6.93466e-01	2.00000e+00
3.41500e-05	1.39263e+00	4.50000e+00
8.19600e-05	1.17289e+00	4.50000e+00
1.29770e-04	1.06898e+00	4.50000e+00
1.77580e-04	1.00238e+00	4.50000e+00
2.25390e-04	9.54042e-01	4.50000e+00
4.00000e-05	8.84266e-01	2.00000e+00
9.60000e-05	7.62613e-01	2.00000e+00
1.52000e-04	7.03646e-01	2.00000e+00
2.08000e-04	6.65306e-01	2.00000e+00
2.64000e-04	6.37188e-01	2.00000e+00
3.66000e-05	1.37417e+00	4.50000e+00
8.78400e-05	1.15673e+00	4.50000e+00
1.39080e-04	1.05397e+00	4.50000e+00
1.90320e-04	9.88133e-01	4.50000e+00
2.41560e-04	9.40356e-01	4.50000e+00
6.50000e-05	8.15284e-01	2.00000e+00
1.56000e-04	7.00412e-01	2.00000e+00
2.47000e-04	6.44950e-01	2.00000e+00
3.38000e-04	6.08970e-01	2.00000e+00
4.29000e-04	5.82627e-01	2.00000e+00
4.09000e-05	1.34496e+00	4.50000e+00
9.81600e-05	1.13119e+00	4.50000e+00
1.55420e-04	1.03026e+00	4.50000e+00
2.12680e-04	9.65632e-01	4.50000e+00
2.69940e-04	9.18750e-01	4.50000e+00
1.00000e-04	7.57239e-01	2.00000e+00
2.40000e-04	6.48323e-01	2.00000e+00
3.80000e-04	5.95921e-01	2.00000e+00
5.20000e-04	5.61997e-01	2.00000e+00
6.60000e-04	5.37195e-01	2.00000e+00
4.09000e-05	1.34496e+00	4.50000e+00
9.81600e-05	1.13119e+00	4.50000e+00
1.55420e-04	1.03026e+00	4.50000e+00
2.12680e-04	9.65632e-01	4.50000e+00
2.69940e-04	9.18750e-01	4.50000e+00
1.60000e-04	6.97271e-01	2.00000e+00
3.84000e-04	5.94764e-01	2.00000e+00
6.08000e-04	5.45637e-01	2.00000e+00
8.32000e-04	5.13904e-01	2.00000e+00
1.05600e-03	4.90743e-01	2.00000e+00
6.50000e-05	1.22826e+00	4.50000e+00
1.56000e-04	1.02947e+00	4.50000e+00
2.47000e-04	9.35991e-01	4.50000e+00
3.38000e-04	8.76265e-01	4.50000e+00
4.29000e-04	8.33007e-01	4.50000e+00
2.50000e-04	6.43537e-01	2.00000e+00
6.00000e-04	5.47009e-01	2.00000e+00
9.50000e-04	5.00918e-01	2.00000e+00
1.30000e-03	4.71211e-01	2.00000e+00
1.65000e-03	4.49561e-01	2.00000e+00
6.50000e-05	1.22826e+00	4.50000e+00
1.56000e-04	1.02947e+00	4.50000e+00
2.47000e-04	9.35991e-01	4.50000e+00
3.38000e-04	8.76265e-01	4.50000e+00
4.29000e-04	8.33007e-01	4.50000e+00
5.00000e-04	5.66158e-01	2.00000e+00
1.20000e-03	4.78659e-01	2.00000e+00
1.90000e-03	4.37122e-01	2.00000e+00
2.60000e-03	4.10439e-01	2.00000e+00
3.30000e-03	3.91038e-01	2.00000e+00
1.00000e-04	1.12696e+00	4.50000e+00
2.40000e-04	9.41629e-01	4.50000e+00
3.80000e-04	8.54786e-01	4.50000e+00
5.20000e-04	7.99414e-01	4.50000e+00
6.60000e-04	7.59366e-01	4.50000e+00
1.60000e-03	4.52311e-01	2.00000e+00
3.84000e-03	3.79094e-01	2.00000e+00
6.08000e-03	3.44670e-01	2.00000e+00
8.32000e-03	3.22677e-01	2.00000e+00
1.05600e-02	3.06748e-01	2.00000e+00
1.60000e-04	1.02413e+00	4.50000e+00
3.84000e-04	8.52888e-01	4.50000e+00
6.08000e-04	7.72956e-01	4.50000e+00
8.32000e-04	7.22099e-01	4.50000e+00
1.05600e-03	6.85371e-01	4.50000e+00
6.50000e-04	5.38758e-01	2.00000e+00
1.56000e-03	4.54583e-01	2.00000e+00
2.47000e-03	4.14712e-01	2.00000e+00
3.38000e-03	3.89131e-01	2.00000e+00
4.29000e-03	3.70548e-01	2.00000e+00
2.50000e-04	9.33632e-01	4.50000e+00
6.00000e-04	7.75169e-01	4.50000e+00
9.50000e-04	7.01466e-01	4.50000e+00
1.30000e-03	6.54663e-01	4.50000e+00
1.65000e-03	6.20910e-01	4.50000e+00
1.54500e-05	1.22608e+00	2.70000e+00
3.70800e-05	1.05538e+00	2.70000e+00
5.87100e-05	9.72791e-01	2.70000e+00
8.03400e-05	9.19150e-01	2.70000e+00
1.01970e-04	8.79843e-01	2.70000e+00
4.00000e-04	8.45519e-01	4.50000e+00
9.60000e-04	6.99858e-01	4.50000e+00
1.52000e-03	6.32355e-01	4.50000e+00
2.08000e-03	5.89574e-01	4.50000e+00
2.64000e-03	5.58763e-01	4.50000e+00
1.83000e-05	1.19170e+00	2.70000e+00
4.39200e-05	1.02440e+00	2.70000e+00
6.95400e-05	9.43566e-01	2.70000e+00
9.51600e-05	8.91109e-01	2.70000e+00
1.20780e-04	8.52693e-01	2.70000e+00
6.50000e-04	7.61879e-01	4.50000e+00
1.56000e-03	6.28712e-01	4.50000e+00
2.47000e-03	5.67220e-01	4.50000e+00
3.38000e-03	5.28326e-01	4.50000e+00
4.29000e-03	5.00352e-01	4.50000e+00
2.04500e-05	1.16949e+00	2.70000e+00
4.90800e-05	1.00442e+00	2.70000e+00
7.77100e-05	9.24738e-01	2.70000e+00
1.06340e-04	8.73055e-01	2.70000e+00
1.34970e-04	8.35219e-01	2.70000e+00
1.00000e-03	6.93622e-01	4.50000e+00
2.40000e-03	5.70908e-01	4.50000e+00
3.80000e-03	5.14415e-01	4.50000e+00
5.20000e-03	4.78743e-01	4.50000e+00
6.60000e-03	4.53116e-01	4.50000e+00
2.04500e-05	1.16949e+00	2.70000e+00
4.90800e-05	1.00442e+00	2.70000e+00
7.77100e-05	9.24738e-01	2.70000e+00
1.06340e-04	8.73055e-01	2.70000e+00
1.34970e-04	8.35219e-01	2.70000e+00
1.60000e-03	6.25180e-01	4.50000e+00
3.84000e-03	5.13188e-01	4.50000e+00
6.08000e-03	4.61796e-01	4.50000e+00
8.32000e-03	4.29400e-01	4.50000e+00
1.05600e-02	4.06154e-01	4.50000e+00
2.50000e-05	1.13006e+00	2.70000e+00
6.00000e-05	9.69003e-01	2.70000e+00
9.50000e-05	8.91385e-01	2.70000e+00
1.30000e-04	8.41091e-01	2.70000e+00
1.65000e-04	8.04299e-01	2.70000e+00
2.50000e-05	1.13006e+00	2.70000e+00
6.00000e-05	9.69003e-01	2.70000e+00
9.50000e-05	8.91385e-01	2.70000e+00
1.30000e-04	8.41091e-01	2.70000e+00
1.65000e-04	8.04299e-01	2.70000e+00
3.77000e-05	1.62465e+00	6.50000e+00
9.04800e-05	1.35339e+00	6.50000e+00
1.43260e-04	1.22664e+00	6.50000e+00
1.96040e-04	1.14595e+00	6.50000e+00
2.48820e-04	1.08767e+00	6.50000e+00
6.96000e-05	1.83609e+00	1.20000e+01
1.67040e-04	1.50156e+00	1.20000e+01
2.64480e-04	1.34851e+00	1.20000e+01
3.61920e-04	1.25222e+00	1.20000e+01
4.59360e-04	1.18322e+00	1.20000e+01
4.01500e-05	1.60379e+00	6.50000e+00
9.63600e-05	1.33540e+00	6.50000e+00
1.52570e-04	1.21007e+00	6.50000e+00
2.08780e-04	1.13031e+00	6.50000e+00
2.64990e-04	1.07271e+00	6.50000e+00
8.05000e-05	1.77635e+00	1.20000e+01
1.93200e-04	1.45151e+00	1.20000e+01
3.05900e-04	1.30305e+00	1.20000e+01
4.18600e-04	1.20970e+00	1.20000e+01
5.31300e-04	1.14282e+00	1.20000e+01
4.27500e-05	1.58321e+00	6.50000e+00
1.02600e-04	1.31768e+00	6.50000e+00
1.62450e-04	1.19374e+00	6.50000e+00
2.22300e-04	1.11490e+00	6.50000e+00
2.82150e-04	1.05797e+00	6.50000e+00
8.05000e-05	1.77635e+00	1.20000e+01
1.93200e-04	1.45151e+00	1.20000e+01
3.05900e-04	1.30305e+00	1.20000e+01
4.18600e-04	1.20970e+00	1.20000e+01
5.31300e-04	1.14282e+00	1.20000e+01
4.76000e-05	1.54845e+00	6.50000e+00
1.14240e-04	1.28778e+00	6.50000e+00
1.80880e-04	1.16622e+00	6.50000e+00
2.47520e-04	1.08892e+00	6.50000e+00
3.14160e-04	1.03313e+00	6.50000e+00
9.10000e-05	1.72733e+00	1.20000e+01
2.18400e-04	1.41049e+00	1.20000e+01
3.45800e-04	1.26581e+00	1.20000e+01
4.73200e-04	1.17488e+00	1.20000e+01
6.00600e-04	1.10976e+00	1.20000e+01
4.93000e-05	1.53723e+00	6.50000e+00
1.18320e-04	1.27814e+00	6.50000e+00
1.87340e-04	1.15735e+00	6.50000e+00
2.56360e-04	1.08055e+00	6.50000e+00
3.25380e-04	1.02513e+00	6.50000e+00
1.00000e-04	1.69043e+00	1.20000e+01
2.40000e-04	1.37965e+00	1.20000e+01
3.80000e-04	1.23783e+00	1.20000e+01
5.20000e-04	1.14871e+00	1.20000e+01
6.60000e-04	1.08492e+00	1.20000e+01
4.93000e-05	1.53723e+00	6.50000e+00
1.18320e-04	1.27814e+00	6.50000e+00
1.87340e-04	1.15735e+00	6.50000e+00
2.56360e-04	1.08055e+00	6.50000e+00
3.25380e-04	1.02513e+00	6.50000e+00
1.00000e-04	1.69043e+00	1.20000e+01
2.40000e-04	1.37965e+00	1.20000e+01
3.80000e-04	1.23783e+00	1.20000e+01
5.20000e-04	1.14871e+00	1.20000e+01
6.60000e-04	1.08492e+00	1.20000e+01
6.50000e-05	1.45116e+00	6.50000e+00
1.56000e-04	1.20426e+00	6.50000e+00
2.47000e-04	1.08943e+00	6.50000e+00
3.38000e-04	1.01651e+00	6.50000e+00
4.29000e-04	9.63928e-01	6.50000e+00
1.60000e-04	1.51666e+00	1.20000e+01
3.84000e-04	1.23475e+00	1.20000e+01
6.08000e-04	1.10650e+00	1.20000e+01
8.32000e-04	1.02605e+00	1.20000e+01
1.05600e-03	9.68523e-01	1.20000e+01
6.50000e-05	1.45116e+00	6.50000e+00
1.56000e-04	1.20426e+00	6.50000e+00
2.47000e-04	1.08943e+00	6.50000e+00
3.38000e-04	1.01651e+00	6.50000e+00
4.29000e-04	9.63928e-01	6.50000e+00
1.60000e-04	1.51666e+00	1.20000e+01
3.84000e-04	1.23475e+00	1.20000e+01
6.08000e-04	1.10650e+00	1.20000e+01
8.32000e-04	1.02605e+00	1.20000e+01
1.05600e-03	9.68523e-01	1.20000e+01
1.00000e-04	1.32491e+00	6.50000e+00
2.40000e-04	1.09633e+00	6.50000e+00
3.80000e-04	9.90377e-01	6.50000e+00
5.20000e-04	9.23231e-01	6.50000e+00
6.60000e-04	8.74872e-01	6.50000e+00
2.50000e-04	1.36648e+00	1.20000e+01
6.00000e-04	1.11002e+00	1.20000e+01
9.50000e-04	9.93674e-01	1.20000e+01
1.30000e-03	9.20793e-01	1.20000e+01
1.65000e-03	8.68727e-01	1.20000e+01
1.00000e-04	1.32491e+00	6.50000e+00
2.40000e-04	1.09633e+00	6.50000e+00
3.80000e-04	9.90377e-01	6.50000e+00
5.20000e-04	9.23231e-01	6.50000e+00
6.60000e-04	8.74872e-01	6.50000e+00
4.00000e-04	1.22284e+00	1.20000e+01
9.60000e-04	9.91158e-01	1.20000e+01
1.52000e-03	8.86334e-01	1.20000e+01
2.08000e-03	8.20768e-01	1.20000e+01
2.64000e-03	7.73973e-01	1.20000e+01
1.60000e-04	1.19768e+00	6.50000e+00
3.84000e-04	9.88069e-01	6.50000e+00
6.08000e-04	8.91263e-01	6.50000e+00
8.32000e-04	8.30032e-01	6.50000e+00
1.05600e-03	7.85995e-01	6.50000e+00
6.50000e-04	1.08890e+00	1.20000e+01
1.56000e-03	8.80726e-01	1.20000e+01
2.47000e-03	7.86782e-01	1.20000e+01
3.38000e-03	7.28102e-01	1.20000e+01
4.29000e-03	6.86260e-01	1.20000e+01
2.50000e-04	1.08654e+00	6.50000e+00
6.00000e-04	8.93933e-01	6.50000e+00
9.50000e-04	8.05273e-01	6.50000e+00
1.30000e-03	7.49295e-01	6.50000e+00
1.65000e-03	7.09085e-01	6.50000e+00
1.00000e-03	9.81404e-01	1.20000e+01
2.40000e-03	7.92375e-01	1.20000e+01
3.80000e-03	7.07257e-01	1.20000e+01
5.20000e-03	6.54150e-01	1.20000e+01
6.60000e-03	6.16311e-01	1.20000e+01
4.00000e-04	9.79116e-01	6.50000e+00
9.60000e-04	8.03346e-01	6.50000e+00
1.52000e-03	7.22704e-01	6.50000e+00
2.08000e-03	6.71880e-01	6.50000e+00
2.64000e-03	6.35416e-01	6.50000e+00
1.60000e-03	8.75291e-01	1.20000e+01
3.84000e-03	7.05420e-01	1.20000e+01
6.08000e-03	6.29097e-01	1.20000e+01
8.32000e-03	5.81533e-01	1.20000e+01
1.05600e-02	5.47669e-01	1.20000e+01
6.50000e-04	8.77902e-01	6.50000e+00
1.56000e-03	7.18368e-01	6.50000e+00
2.47000e-03	6.45413e-01	6.50000e+00
3.38000e-03	5.99513e-01	6.50000e+00
4.29000e-03	5.66621e-01	6.50000e+00
2.50000e-03	7.84444e-01	1.20000e+01
6.00000e-03	6.31184e-01	1.20000e+01
9.50000e-03	5.62458e-01	1.20000e+01
1.30000e-02	5.19671e-01	1.20000e+01
1.65000e-02	4.89230e-01	1.20000e+01
1.00000e-03	7.95873e-01	6.50000e+00
2.40000e-03	6.49774e-01	6.50000e+00
3.80000e-03	5.83144e-01	6.50000e+00
5.20000e-03	5.41285e-01	6.50000e+00
6.60000e-03	5.11319e-01	6.50000e+00
1.60000e-03	7.14165e-01	6.50000e+00
3.84000e-03	5.81700e-01	6.50000e+00
6.08000e-03	5.21458e-01	6.50000e+00
8.32000e-03	4.83669e-01	6.50000e+00
1.05600e-02	4.56645e-01	6.50000e+00
8.70000e-05	1.89283e+00	1.50000e+01
2.08800e-04	1.53935e+00	1.50000e+01
3.30600e-04	1.37869e+00	1.50000e+01
4.52400e-04	1.27796e+00	1.50000e+01
5.74200e-04	1.20595e+00	1.50000e+01
2.50000e-03	6.43589e-01	6.50000e+00
6.00000e-03	5.23112e-01	6.50000e+00
9.50000e-03	4.68459e-01	6.50000e+00
1.30000e-02	4.34223e-01	6.50000e+00
1.65000e-02	4.09760e-01	6.50000e+00
1.00000e-04	1.83216e+00	1.50000e+01
2.40000e-04	1.48896e+00	1.50000e+01
3.80000e-04	1.33310e+00	1.50000e+01
5.20000e-04	1.23543e+00	1.50000e+01
6.60000e-04	1.16564e+00	1.50000e+01
1.00000e-04	1.83216e+00	1.50000e+01
2.40000e-04	1.48896e+00	1.50000e+01
3.80000e-04	1.33310e+00	1.50000e+01
5.20000e-04	1.23543e+00	1.50000e+01
6.60000e-04	1.16564e+00	1.50000e+01
1.14000e-04	1.77666e+00	1.50000e+01
2.73600e-04	1.44291e+00	1.50000e+01
4.33200e-04	1.29147e+00	1.50000e+01
5.92800e-04	1.19661e+00	1.50000e+01
7.52400e-04	1.12884e+00	1.50000e+01
4.93000e-05	1.72652e+00	8.50000e+00
1.18320e-04	1.42589e+00	8.50000e+00
1.87340e-04	1.28679e+00	8.50000e+00
2.56360e-04	1.19872e+00	8.50000e+00
3.25380e-04	1.13535e+00	8.50000e+00
1.23000e-04	1.74517e+00	1.50000e+01
2.95200e-04	1.41681e+00	1.50000e+01
4.67400e-04	1.26788e+00	1.50000e+01
6.39600e-04	1.17462e+00	1.50000e+01
8.11800e-04	1.10800e+00	1.50000e+01
5.25000e-05	1.70328e+00	8.50000e+00
1.26000e-04	1.40612e+00	8.50000e+00
1.99500e-04	1.26869e+00	8.50000e+00
2.73000e-04	1.18171e+00	8.50000e+00
3.46500e-04	1.11913e+00	8.50000e+00
1.60000e-04	1.63999e+00	1.50000e+01
3.84000e-04	1.32973e+00	1.50000e+01
6.08000e-04	1.18924e+00	1.50000e+01
8.32000e-04	1.10133e+00	1.50000e+01
1.05600e-03	1.03858e+00	1.50000e+01
5.60000e-05	1.67971e+00	8.50000e+00
1.34400e-04	1.38608e+00	8.50000e+00
2.12800e-04	1.25036e+00	8.50000e+00
2.91200e-04	1.16448e+00	8.50000e+00
3.69600e-04	1.10270e+00	8.50000e+00
1.60000e-04	1.63999e+00	1.50000e+01
3.84000e-04	1.32973e+00	1.50000e+01
6.08000e-04	1.18924e+00	1.50000e+01
8.32000e-04	1.10133e+00	1.50000e+01
1.05600e-03	1.03858e+00	1.50000e+01
6.20000e-05	1.64309e+00	8.50000e+00
1.48800e-04	1.35497e+00	8.50000e+00
2.35600e-04	1.22190e+00	8.50000e+00
3.22400e-04	1.13774e+00	8.50000e+00
4.09200e-04	1.07721e+00	8.50000e+00
2.50000e-04	1.47447e+00	1.50000e+01
6.00000e-04	1.19309e+00	1.50000e+01
9.50000e-04	1.06600e+00	1.50000e+01
1.30000e-03	9.86582e-01	1.50000e+01
1.65000e-03	9.29938e-01	1.50000e+01
6.45000e-05	1.62905e+00	8.50000e+00
1.54800e-04	1.34305e+00	8.50000e+00
2.45100e-04	1.21100e+00	8.50000e+00
3.35400e-04	1.12750e+00	8.50000e+00
4.25700e-04	1.06745e+00	8.50000e+00
4.00000e-04	1.31666e+00	1.50000e+01
9.60000e-04	1.06326e+00	1.50000e+01
1.52000e-03	9.49084e-01	1.50000e+01
2.08000e-03	8.77833e-01	1.50000e+01
2.64000e-03	8.27060e-01	1.50000e+01
6.95000e-05	1.60280e+00	8.50000e+00
1.66800e-04	1.32079e+00	8.50000e+00
2.64100e-04	1.19065e+00	8.50000e+00
3.61400e-04	1.10838e+00	8.50000e+00
4.58700e-04	1.04924e+00	8.50000e+00
6.50000e-04	1.16999e+00	1.50000e+01
1.56000e-03	9.42984e-01	1.50000e+01
2.47000e-03	8.40950e-01	1.50000e+01
3.38000e-03	7.77354e-01	1.50000e+01
4.29000e-03	7.32073e-01	1.50000e+01
6.95000e-05	1.60280e+00	8.50000e+00
1.66800e-04	1.32079e+00	8.50000e+00
2.64100e-04	1.19065e+00	8.50000e+00
3.61400e-04	1.10838e+00	8.50000e+00
4.58700e-04	1.04924e+00	8.50000e+00
1.00000e-03	1.05262e+00	1.50000e+01
2.40000e-03	8.47018e-01	1.50000e+01
3.80000e-03	7.54789e-01	1.50000e+01
5.20000e-03	6.97363e-01	1.50000e+01
6.60000e-03	6.56503e-01	1.50000e+01
1.00000e-04	1.47994e+00	8.50000e+00
2.40000e-04	1.21679e+00	8.50000e+00
3.80000e-04	1.09570e+00	8.50000e+00
5.20000e-04	1.01926e+00	8.50000e+00
6.60000e-04	9.64362e-01	8.50000e+00
1.60000e-03	9.37074e-01	1.50000e+01
3.84000e-03	7.52802e-01	1.50000e+01
6.08000e-03	6.70305e-01	1.50000e+01
8.32000e-03	6.18993e-01	1.50000e+01
1.05600e-02	5.82508e-01	1.50000e+01
1.00000e-04	1.47994e+00	8.50000e+00
2.40000e-04	1.21679e+00	8.50000e+00
3.80000e-04	1.09570e+00	8.50000e+00
5.20000e-04	1.01926e+00	8.50000e+00
6.60000e-04	9.64362e-01	8.50000e+00
2.50000e-03	8.38415e-01	1.50000e+01
6.00000e-03	6.72558e-01	1.50000e+01
9.50000e-03	5.98436e-01	1.50000e+01
1.30000e-02	5.52375e-01	1.50000e+01
1.65000e-02	5.19645e-01	1.50000e+01
1.60000e-04	1.33316e+00	8.50000e+00
3.84000e-04	1.09306e+00	8.50000e+00
6.08000e-04	9.82954e-01	8.50000e+00
8.32000e-04	9.13577e-01	8.50000e+00
1.05600e-03	8.63814e-01	8.50000e+00
4.00000e-03	7.45102e-01	1.50000e+01
9.60000e-03	5.96841e-01	1.50000e+01
1.52000e-02	5.30697e-01	1.50000e+01
2.08000e-02	4.89629e-01	1.50000e+01
2.64000e-02	4.60465e-01	1.50000e+01
2.50000e-04	1.20558e+00	8.50000e+00
6.00000e-04	9.85984e-01	8.50000e+00
9.50000e-04	8.85584e-01	8.50000e+00
1.30000e-03	8.22430e-01	8.50000e+00
1.65000e-03	7.77182e-01	8.50000e+00
4.00000e-04	1.08286e+00	8.50000e+00
9.60000e-04	8.83407e-01	8.50000e+00
1.52000e-03	7.92496e-01	8.50000e+00
2.08000e-03	7.35403e-01	8.50000e+00
2.64000e-03	6.94543e-01	8.50000e+00
1.04500e-04	1.93017e+00	1.80000e+01
2.50800e-04	1.56327e+00	1.80000e+01
3.97100e-04	1.39731e+00	1.80000e+01
5.43400e-04	1.29352e+00	1.80000e+01
6.89700e-04	1.21946e+00	1.80000e+01
6.50000e-04	9.67797e-01	8.50000e+00
1.56000e-03	7.87619e-01	8.50000e+00
2.47000e-03	7.05736e-01	8.50000e+00
3.38000e-03	6.54395e-01	8.50000e+00
4.29000e-03	6.17691e-01	8.50000e+00
1.18500e-04	1.87309e+00	1.80000e+01
2.84400e-04	1.51616e+00	1.80000e+01
4.50300e-04	1.35482e+00	1.80000e+01
6.16200e-04	1.25396e+00	1.80000e+01
7.82100e-04	1.18202e+00	1.80000e+01
1.00000e-03	8.74967e-01	8.50000e+00
2.40000e-03	7.10622e-01	8.50000e+00
3.80000e-03	6.36120e-01	8.50000e+00
5.20000e-03	5.89467e-01	8.50000e+00
6.60000e-03	5.56144e-01	8.50000e+00
1.34000e-04	1.81875e+00	1.80000e+01
3.21600e-04	1.47135e+00	1.80000e+01
5.09200e-04	1.31443e+00	1.80000e+01
6.96800e-04	1.21637e+00	1.80000e+01
8.84400e-04	1.14644e+00	1.80000e+01
1.60000e-03	7.82892e-01	8.50000e+00
3.84000e-03	6.34509e-01	8.50000e+00
6.08000e-03	5.67413e-01	8.50000e+00
8.32000e-03	5.25454e-01	8.50000e+00
1.05600e-02	4.95512e-01	8.50000e+00
1.34000e-04	1.81875e+00	1.80000e+01
3.21600e-04	1.47135e+00	1.80000e+01
5.09200e-04	1.31443e+00	1.80000e+01
6.96800e-04	1.21637e+00	1.80000e+01
8.84400e-04	1.14644e+00	1.80000e+01
2.50000e-03	7.03694e-01	8.50000e+00
6.00000e-03	5.69251e-01	8.50000e+00
9.50000e-03	5.08595e-01	8.50000e+00
1.30000e-02	4.70710e-01	8.50000e+00
1.65000e-02	4.43695e-01	8.50000e+00
1.64000e-04	1.73254e+00	1.80000e+01
3.93600e-04	1.40035e+00	1.80000e+01
6.23200e-04	1.25047e+00	1.80000e+01
8.52800e-04	1.15686e+00	1.80000e+01
1.08240e-03	1.09013e+00	1.80000e+01
1.64000e-04	1.73254e+00	1.80000e+01
3.93600e-04	1.40035e+00	1.80000e+01
6.23200e-04	1.25047e+00	1.80000e+01
8.52800e-04	1.15686e+00	1.80000e+01
1.08240e-03	1.09013e+00	1.80000e+01
6.50000e-05	1.73699e+00	1.00000e+01
1.56000e-04	1.42666e+00	1.00000e+01
2.47000e-04	1.28398e+00	1.00000e+01
3.38000e-04	1.19397e+00	1.00000e+01
4.29000e-04	1.12935e+00	1.00000e+01
2.50000e-04	1.56449e+00	1.80000e+01
6.00000e-04	1.26225e+00	1.80000e+01
9.50000e-04	1.12619e+00	1.80000e+01
1.30000e-03	1.04132e+00	1.80000e+01
1.65000e-03	9.80859e-01	1.80000e+01
1.00000e-04	1.57771e+00	1.00000e+01
2.40000e-04	1.29252e+00	1.00000e+01
3.80000e-04	1.16182e+00	1.00000e+01
5.20000e-04	1.07950e+00	1.00000e+01
6.60000e-04	1.02047e+00	1.00000e+01
2.50000e-04	1.56449e+00	1.80000e+01
6.00000e-04	1.26225e+00	1.80000e+01
9.50000e-04	1.12619e+00	1.80000e+01
1.30000e-03	1.04132e+00	1.80000e+01
1.65000e-03	9.80859e-01	1.80000e+01
1.60000e-04	1.41845e+00	1.00000e+01
3.84000e-04	1.15898e+00	1.00000e+01
6.08000e-04	1.04046e+00	1.00000e+01
8.32000e-04	9.65937e-01	1.00000e+01
1.05600e-03	9.12564e-01	1.00000e+01
4.00000e-04	1.39482e+00	1.80000e+01
9.60000e-04	1.12326e+00	1.80000e+01
1.52000e-03	1.00129e+00	1.80000e+01
2.08000e-03	9.25300e-01	1.80000e+01
2.64000e-03	8.71213e-01	1.80000e+01
2.50000e-04	1.28041e+00	1.00000e+01
6.00000e-04	1.04371e+00	1.00000e+01
9.50000e-04	9.35906e-01	1.00000e+01
1.30000e-03	8.68232e-01	1.00000e+01
1.65000e-03	8.19813e-01	1.00000e+01
6.50000e-04	1.23750e+00	1.80000e+01
1.56000e-03	9.94779e-01	1.80000e+01
2.47000e-03	8.86005e-01	1.80000e+01
3.38000e-03	8.18315e-01	1.80000e+01
4.29000e-03	7.70172e-01	1.80000e+01
4.00000e-04	1.14799e+00	1.00000e+01
9.60000e-04	9.33571e-01	1.00000e+01
1.52000e-03	8.36193e-01	1.00000e+01
2.08000e-03	7.75160e-01	1.00000e+01
2.64000e-03	7.31539e-01	1.00000e+01
1.00000e-03	1.11188e+00	1.80000e+01
2.40000e-03	8.92467e-01	1.80000e+01
3.80000e-03	7.94318e-01	1.80000e+01
5.20000e-03	7.33297e-01	1.80000e+01
6.60000e-03	6.89925e-01	1.80000e+01
6.50000e-04	1.02416e+00	1.00000e+01
1.56000e-03	8.30977e-01	1.00000e+01
2.47000e-03	7.43484e-01	1.00000e+01
3.38000e-03	6.88728e-01	1.00000e+01
4.29000e-03	6.49632e-01	1.00000e+01
1.60000e-03	9.88473e-01	1.80000e+01
3.84000e-03	7.92205e-01	1.80000e+01
6.08000e-03	7.04571e-01	1.80000e+01
8.32000e-03	6.50141e-01	1.80000e+01
1.05600e-02	6.11478e-01	1.80000e+01
1.00000e-03	9.24521e-01	1.00000e+01
2.40000e-03	7.48699e-01	1.00000e+01
3.80000e-03	6.69256e-01	1.00000e+01
5.20000e-03	6.19599e-01	1.00000e+01
6.60000e-03	5.84174e-01	1.00000e+01
2.50000e-03	8.83305e-01	1.80000e+01
6.00000e-03	7.06963e-01	1.80000e+01
9.50000e-03	6.28353e-01	1.80000e+01
1.30000e-02	5.79569e-01	1.80000e+01
1.65000e-02	5.44936e-01	1.80000e+01
2.50000e-03	7.41304e-01	1.00000e+01
6.00000e-03	5.98103e-01	1.00000e+01
9.50000e-03	5.33689e-01	1.00000e+01
1.30000e-02	4.93520e-01	1.00000e+01
1.65000e-02	4.64909e-01	1.00000e+01
4.00000e-03	7.84020e-01	1.80000e+01
9.60000e-03	6.26663e-01	1.80000e+01
1.52000e-02	5.56627e-01	1.80000e+01
2.08000e-02	5.13199e-01	1.80000e+01
2.64000e-02	4.82386e-01	1.80000e+01
1.45000e-04	1.90291e+00	2.20000e+01
3.48000e-04	1.53410e+00	2.20000e+01
5.51000e-04	1.36817e+00	2.20000e+01
7.54000e-04	1.26471e+00	2.20000e+01
9.57000e-04	1.19102e+00	2.20000e+01
1.00000e-03	1.32571e+00	3.50000e+01
2.40000e-03	1.05609e+00	3.50000e+01
3.80000e-03	9.36487e-01	3.50000e+01
5.20000e-03	8.62461e-01	3.50000e+01
6.60000e-03	8.10004e-01	3.50000e+01
1.60000e-04	1.85770e+00	2.20000e+01
3.84000e-04	1.49705e+00	2.20000e+01
6.08000e-04	1.33487e+00	2.20000e+01
8.32000e-04	1.23378e+00	2.20000e+01
1.05600e-03	1.16179e+00	2.20000e+01
1.60000e-03	1.17369e+00	3.50000e+01
3.84000e-03	9.33920e-01	3.50000e+01
6.08000e-03	8.27703e-01	3.50000e+01
8.32000e-03	7.62007e-01	3.50000e+01
1.05600e-02	7.15477e-01	3.50000e+01
1.72500e-04	1.82383e+00	2.20000e+01
4.14000e-04	1.46930e+00	2.20000e+01
6.55500e-04	1.30994e+00	2.20000e+01
8.97000e-04	1.21062e+00	2.20000e+01
1.13850e-03	1.13991e+00	2.20000e+01
2.50000e-03	1.04490e+00	3.50000e+01
6.00000e-03	8.30594e-01	3.50000e+01
9.50000e-03	7.35772e-01	3.50000e+01
1.30000e-02	6.77161e-01	3.50000e+01
1.65000e-02	6.35666e-01	3.50000e+01
1.94000e-04	1.77206e+00	2.20000e+01
4.65600e-04	1.42693e+00	2.20000e+01
7.37200e-04	1.27189e+00	2.20000e+01
1.00880e-03	1.17529e+00	2.20000e+01
1.28040e-03	1.10652e+00	2.20000e+01
4.00000e-03	9.23976e-01	3.50000e+01
9.60000e-03	7.33738e-01	3.50000e+01
1.52000e-02	6.49663e-01	3.50000e+01
2.08000e-02	5.97726e-01	3.50000e+01
2.64000e-02	5.60969e-01	3.50000e+01
2.50000e-04	1.66488e+00	2.20000e+01
6.00000e-04	1.33931e+00	2.20000e+01
9.50000e-04	1.19323e+00	2.20000e+01
1.30000e-03	1.10227e+00	2.20000e+01
1.65000e-03	1.03756e+00	2.20000e+01
2.50000e-04	1.66488e+00	2.20000e+01
6.00000e-04	1.33931e+00	2.20000e+01
9.50000e-04	1.19323e+00	2.20000e+01
1.30000e-03	1.10227e+00	2.20000e+01
1.65000e-03	1.03756e+00	2.20000e+01
2.96000e-04	1.59686e+00	2.20000e+01
7.10400e-04	1.28377e+00	2.20000e+01
1.12480e-03	1.14341e+00	2.20000e+01
1.53920e-03	1.05604e+00	2.20000e+01
1.95360e-03	9.93902e-01	2.20000e+01
4.00000e-04	1.48193e+00	2.20000e+01
9.60000e-04	1.19008e+00	2.20000e+01
1.52000e-03	1.05942e+00	2.20000e+01
2.08000e-03	9.78145e-01	2.20000e+01
2.64000e-03	9.20364e-01	2.20000e+01
6.50000e-04	1.31272e+00	2.20000e+01
1.56000e-03	1.05245e+00	2.20000e+01
2.47000e-03	9.36161e-01	2.20000e+01
3.38000e-03	8.63909e-01	2.20000e+01
4.29000e-03	8.12576e-01	2.20000e+01
2.95000e-04	1.92286e+00	4.50000e+01
7.08000e-04	1.53294e+00	4.50000e+01
1.12100e-03	1.35976e+00	4.50000e+01
1.53400e-03	1.25251e+00	4.50000e+01
1.94700e-03	1.17648e+00	4.50000e+01
1.00000e-03	1.17789e+00	2.20000e+01
2.40000e-03	9.43063e-01	2.20000e+01
3.80000e-03	8.38316e-01	2.20000e+01
5.20000e-03	7.73292e-01	2.20000e+01
6.60000e-03	7.27121e-01	2.20000e+01
3.17000e-04	1.88757e+00	4.50000e+01
7.60800e-04	1.50450e+00	4.50000e+01
1.20460e-03	1.33441e+00	4.50000e+01
1.64840e-03	1.22909e+00	4.50000e+01
2.09220e-03	1.15443e+00	4.50000e+01
1.60000e-03	1.04570e+00	2.20000e+01
3.84000e-03	8.36063e-01	2.20000e+01
6.08000e-03	7.42708e-01	2.20000e+01
8.32000e-03	6.84806e-01	2.20000e+01
1.05600e-02	6.43717e-01	2.20000e+01
3.50000e-04	1.83997e+00	4.50000e+01
8.40000e-04	1.46617e+00	4.50000e+01
1.33000e-03	1.30025e+00	4.50000e+01
1.82000e-03	1.19753e+00	4.50000e+01
2.31000e-03	1.12472e+00	4.50000e+01
2.50000e-03	9.33276e-01	2.20000e+01
6.00000e-03	7.45253e-01	2.20000e+01
9.50000e-03	6.61647e-01	2.20000e+01
1.30000e-02	6.09832e-01	2.20000e+01
1.65000e-02	5.73081e-01	2.20000e+01
4.00000e-04	1.77761e+00	4.50000e+01
9.60000e-04	1.41597e+00	4.50000e+01
1.52000e-03	1.25552e+00	4.50000e+01
2.08000e-03	1.15621e+00	4.50000e+01
2.64000e-03	1.08583e+00	4.50000e+01
4.00000e-03	8.27337e-01	2.20000e+01
9.60000e-03	6.59851e-01	2.20000e+01
1.52000e-02	5.85484e-01	2.20000e+01
2.08000e-02	5.39429e-01	2.20000e+01
2.64000e-02	5.06780e-01	2.20000e+01
4.00000e-04	1.77761e+00	4.50000e+01
9.60000e-04	1.41597e+00	4.50000e+01
1.52000e-03	1.25552e+00	4.50000e+01
2.08000e-03	1.15621e+00	4.50000e+01
2.64000e-03	1.08583e+00	4.50000e+01
4.60000e-04	1.71449e+00	4.50000e+01
1.10400e-03	1.36520e+00	4.50000e+01
1.74800e-03	1.21030e+00	4.50000e+01
2.39200e-03	1.11444e+00	4.50000e+01
3.03600e-03	1.04652e+00	4.50000e+01
5.50000e-04	1.63689e+00	4.50000e+01
1.32000e-03	1.30283e+00	4.50000e+01
2.09000e-03	1.15475e+00	4.50000e+01
2.86000e-03	1.06314e+00	4.50000e+01
3.63000e-03	9.98250e-01	4.50000e+01
1.57000e-04	1.98298e+00	2.70000e+01
3.76800e-04	1.59352e+00	2.70000e+01
5.96600e-04	1.41896e+00	2.70000e+01
8.16400e-04	1.31032e+00	2.70000e+01
1.03620e-03	1.23305e+00	2.70000e+01
6.50000e-04	1.56739e+00	4.50000e+01
1.56000e-03	1.24700e+00	4.50000e+01
2.47000e-03	1.10505e+00	4.50000e+01
3.38000e-03	1.01726e+00	4.50000e+01
4.29000e-03	9.55080e-01	4.50000e+01
1.67500e-04	1.95140e+00	2.70000e+01
4.02000e-04	1.56777e+00	2.70000e+01
6.36500e-04	1.39586e+00	2.70000e+01
8.71000e-04	1.28890e+00	2.70000e+01
1.10550e-03	1.21283e+00	2.70000e+01
6.50000e-04	1.56739e+00	4.50000e+01
1.56000e-03	1.24700e+00	4.50000e+01
2.47000e-03	1.10505e+00	4.50000e+01
3.38000e-03	1.01726e+00	4.50000e+01
4.29000e-03	9.55080e-01	4.50000e+01
1.77500e-04	1.92351e+00	2.70000e+01
4.26000e-04	1.54503e+00	2.70000e+01
6.74500e-04	1.37547e+00	2.70000e+01
9.23000e-04	1.26999e+00	2.70000e+01
1.17150e-03	1.19498e+00	2.70000e+01
1.00000e-03	1.40096e+00	4.50000e+01
2.40000e-03	1.11346e+00	4.50000e+01
3.80000e-03	9.86239e-01	4.50000e+01
5.20000e-03	9.07605e-01	4.50000e+01
6.60000e-03	8.51935e-01	4.50000e+01
2.05000e-04	1.85582e+00	2.70000e+01
4.92000e-04	1.48987e+00	2.70000e+01
7.79000e-04	1.32604e+00	2.70000e+01
1.06600e-03	1.22416e+00	2.70000e+01
1.35300e-03	1.15172e+00	2.70000e+01
1.60000e-03	1.23874e+00	4.50000e+01
3.84000e-03	9.83510e-01	4.50000e+01
6.08000e-03	8.70713e-01	4.50000e+01
8.32000e-03	8.01037e-01	4.50000e+01
1.05600e-02	7.51730e-01	4.50000e+01
2.05000e-04	1.85582e+00	2.70000e+01
4.92000e-04	1.48987e+00	2.70000e+01
7.79000e-04	1.32604e+00	2.70000e+01
1.06600e-03	1.22416e+00	2.70000e+01
1.35300e-03	1.15172e+00	2.70000e+01
2.50000e-03	1.10154e+00	4.50000e+01
6.00000e-03	8.73781e-01	4.50000e+01
9.50000e-03	7.73232e-01	4.50000e+01
1.30000e-02	7.11156e-01	4.50000e+01
1.65000e-02	6.67242e-01	4.50000e+01
2.50000e-04	1.76618e+00	2.70000e+01
6.00000e-04	1.41691e+00	2.70000e+01
9.50000e-04	1.26069e+00	2.70000e+01
1.30000e-03	1.16357e+00	2.70000e+01
1.65000e-03	1.09455e+00	2.70000e+01
4.00000e-03	9.72943e-01	4.50000e+01
9.60000e-03	7.71077e-01	4.50000e+01
1.52000e-02	6.82051e-01	4.50000e+01
2.08000e-02	6.27119e-01	4.50000e+01
2.64000e-02	5.88274e-01	4.50000e+01
2.50000e-04	1.76618e+00	2.70000e+01
6.00000e-04	1.41691e+00	2.70000e+01
9.50000e-04	1.26069e+00	2.70000e+01
1.30000e-03	1.16357e+00	2.70000e+01
1.65000e-03	1.09455e+00	2.70000e+01
4.00000e-04	1.56974e+00	2.70000e+01
9.60000e-04	1.25732e+00	2.70000e+01
1.52000e-03	1.11786e+00	2.70000e+01
2.08000e-03	1.03125e+00	2.70000e+01
2.64000e-03	9.69737e-01	2.70000e+01
4.00000e-04	1.56974e+00	2.70000e+01
9.60000e-04	1.25732e+00	2.70000e+01
1.52000e-03	1.11786e+00	2.70000e+01
2.08000e-03	1.03125e+00	2.70000e+01
2.64000e-03	9.69737e-01	2.70000e+01
6.50000e-04	1.38845e+00	2.70000e+01
1.56000e-03	1.11043e+00	2.70000e+01
2.47000e-03	9.86548e-01	2.70000e+01
3.38000e-03	9.09692e-01	2.70000e+01
4.29000e-03	8.55143e-01	2.70000e+01
1.00000e-03	1.24430e+00	2.70000e+01
2.40000e-03	9.93895e-01	2.70000e+01
3.80000e-03	8.82489e-01	2.70000e+01
5.20000e-03	8.13428e-01	2.70000e+01
6.60000e-03	7.64438e-01	2.70000e+01
4.00000e-04	1.88562e+00	6.00000e+01
9.60000e-04	1.49811e+00	6.00000e+01
1.52000e-03	1.32667e+00	6.00000e+01
2.08000e-03	1.22071e+00	6.00000e+01
2.64000e-03	1.14570e+00	6.00000e+01
1.60000e-03	1.10324e+00	2.70000e+01
3.84000e-03	8.80096e-01	2.70000e+01
6.08000e-03	7.80972e-01	2.70000e+01
8.32000e-03	7.19573e-01	2.70000e+01
1.05600e-02	6.76041e-01	2.70000e+01
4.30000e-04	1.85027e+00	6.00000e+01
1.03200e-03	1.46978e+00	6.00000e+01
1.63400e-03	1.30148e+00	6.00000e+01
2.23600e-03	1.19747e+00	6.00000e+01
2.83800e-03	1.12385e+00	6.00000e+01
2.50000e-03	9.83478e-01	2.70000e+01
6.00000e-03	7.83673e-01	2.70000e+01
9.50000e-03	6.95033e-01	2.70000e+01
1.30000e-02	6.40167e-01	2.70000e+01
1.65000e-02	6.01285e-01	2.70000e+01
4.70000e-04	1.80767e+00	6.00000e+01
1.12800e-03	1.43564e+00	6.00000e+01
1.78600e-03	1.27113e+00	6.00000e+01
2.44400e-03	1.16947e+00	6.00000e+01
3.10200e-03	1.09752e+00	6.00000e+01
4.00000e-03	8.70823e-01	2.70000e+01
9.60000e-03	6.93131e-01	2.70000e+01
1.52000e-02	6.14404e-01	2.70000e+01
2.08000e-02	5.65707e-01	2.70000e+01
2.64000e-02	5.31212e-01	2.70000e+01
5.50000e-04	1.73467e+00	6.00000e+01
1.32000e-03	1.37718e+00	6.00000e+01
2.09000e-03	1.21916e+00	6.00000e+01
2.86000e-03	1.12154e+00	6.00000e+01
3.63000e-03	1.05245e+00	6.00000e+01
6.50000e-04	1.66019e+00	6.00000e+01
1.56000e-03	1.31757e+00	6.00000e+01
2.47000e-03	1.16618e+00	6.00000e+01
3.38000e-03	1.07269e+00	6.00000e+01
4.29000e-03	1.00653e+00	6.00000e+01
6.50000e-04	1.66019e+00	6.00000e+01
1.56000e-03	1.31757e+00	6.00000e+01
2.47000e-03	1.16618e+00	6.00000e+01
3.38000e-03	1.07269e+00	6.00000e+01
4.29000e-03	1.00653e+00	6.00000e+01
7.50000e-04	1.59884e+00	6.00000e+01
1.80000e-03	1.26849e+00	6.00000e+01
2.85000e-03	1.12258e+00	6.00000e+01
3.90000e-03	1.03249e+00	6.00000e+01
4.95000e-03	9.68743e-01	6.00000e+01
2.30000e-04	1.93122e+00	3.50000e+01
5.52000e-04	1.54488e+00	3.50000e+01
8.74000e-04	1.37262e+00	3.50000e+01
1.19600e-03	1.26573e+00	3.50000e+01
1.51800e-03	1.18984e+00	3.50000e+01
1.00000e-03	1.48206e+00	6.00000e+01
2.40000e-03	1.17514e+00	6.00000e+01
3.80000e-03	1.03967e+00	6.00000e+01
5.20000e-03	9.56055e-01	6.00000e+01
6.60000e-03	8.96911e-01	6.00000e+01
2.50000e-04	1.89083e+00	3.50000e+01
6.00000e-04	1.51217e+00	3.50000e+01
9.50000e-04	1.34340e+00	3.50000e+01
1.30000e-03	1.23867e+00	3.50000e+01
1.65000e-03	1.16434e+00	3.50000e+01
1.60000e-03	1.30875e+00	6.00000e+01
3.84000e-03	1.03677e+00	6.00000e+01
6.08000e-03	9.16855e-01	6.00000e+01
8.32000e-03	8.42877e-01	6.00000e+01
1.05600e-02	7.90571e-01	6.00000e+01
2.65500e-04	1.86218e+00	3.50000e+01
6.37200e-04	1.48898e+00	3.50000e+01
1.00890e-03	1.32268e+00	3.50000e+01
1.38060e-03	1.21950e+00	3.50000e+01
1.75230e-03	1.14628e+00	3.50000e+01
2.50000e-03	1.16244e+00	6.00000e+01
6.00000e-03	9.20115e-01	6.00000e+01
9.50000e-03	8.13376e-01	6.00000e+01
1.30000e-02	7.47559e-01	6.00000e+01
1.65000e-02	7.01038e-01	6.00000e+01
2.87000e-04	1.82571e+00	3.50000e+01
6.88800e-04	1.45947e+00	3.50000e+01
1.09060e-03	1.29631e+00	3.50000e+01
1.49240e-03	1.19511e+00	3.50000e+01
1.89420e-03	1.12329e+00	3.50000e+01
4.00000e-03	1.02553e+00	6.00000e+01
9.60000e-03	8.11090e-01	6.00000e+01
1.52000e-02	7.16723e-01	6.00000e+01
2.08000e-02	6.58561e-01	6.00000e+01
2.64000e-02	6.17464e-01	6.00000e+01
3.08000e-04	1.79322e+00	3.50000e+01
7.39200e-04	1.43318e+00	3.50000e+01
1.17040e-03	1.27284e+00	3.50000e+01
1.60160e-03	1.17339e+00	3.50000e+01
2.03280e-03	1.10282e+00	3.50000e+01
3.28500e-04	1.76404e+00	3.50000e+01
7.88400e-04	1.40959e+00	3.50000e+01
1.24830e-03	1.25177e+00	3.50000e+01
1.70820e-03	1.15390e+00	3.50000e+01
2.16810e-03	1.08445e+00	3.50000e+01
4.00000e-04	1.67763e+00	3.50000e+01
9.60000e-04	1.33977e+00	3.50000e+01
1.52000e-03	1.18943e+00	3.50000e+01
2.08000e-03	1.09624e+00	3.50000e+01
2.64000e-03	1.03014e+00	3.50000e+01
4.00000e-04	1.67763e+00	3.50000e+01
9.60000e-04	1.33977e+00	3.50000e+01
1.52000e-03	1.18943e+00	3.50000e+01
2.08000e-03	1.09624e+00	3.50000e+01
2.64000e-03	1.03014e+00	3.50000e+01
5.00000e-04	1.58456e+00	3.50000e+01
1.20000e-03	1.26463e+00	3.50000e+01
1.90000e-03	1.12239e+00	3.50000e+01
2.60000e-03	1.03425e+00	3.50000e+01
3.30000e-03	9.71746e-01	3.50000e+01
6.50000e-04	1.48139e+00	3.50000e+01
1.56000e-03	1.18144e+00	3.50000e+01
2.47000e-03	1.04820e+00	3.50000e+01
3.38000e-03	9.65671e-01	3.50000e+01
4.29000e-03	9.07164e-01	3.50000e+01
4.61000e-04	1.86923e+00	7.00000e+01
1.10640e-03	1.48275e+00	7.00000e+01
1.75180e-03	1.31206e+00	7.00000e+01
2.39720e-03	1.20667e+00	7.00000e+01
3.04260e-03	1.13210e+00	7.00000e+01
5.00000e-04	1.82964e+00	7.00000e+01
1.20000e-03	1.45110e+00	7.00000e+01
1.90000e-03	1.28395e+00	7.00000e+01
2.60000e-03	1.18075e+00	7.00000e+01
3.30000e-03	1.10774e+00	7.00000e+01
5.50000e-04	1.78421e+00	7.00000e+01
1.32000e-03	1.41478e+00	7.00000e+01
2.09000e-03	1.25169e+00	7.00000e+01
2.86000e-03	1.15102e+00	7.00000e+01
3.63000e-03	1.07980e+00	7.00000e+01
6.20000e-04	1.72865e+00	7.00000e+01
1.48800e-03	1.37038e+00	7.00000e+01
2.35600e-03	1.21227e+00	7.00000e+01
3.22400e-03	1.11468e+00	7.00000e+01
4.09200e-03	1.04566e+00	7.00000e+01
1.00000e-03	1.69904e+00	1.50000e+02
2.40000e-03	1.33926e+00	1.50000e+02
3.80000e-03	1.18144e+00	1.50000e+02
5.20000e-03	1.08435e+00	1.50000e+02
6.60000e-03	1.01583e+00	1.50000e+02
6.50000e-04	1.70719e+00	7.00000e+01
1.56000e-03	1.35324e+00	7.00000e+01
2.47000e-03	1.19705e+00	7.00000e+01
3.38000e-03	1.10066e+00	7.00000e+01
4.29000e-03	1.03248e+00	7.00000e+01
1.60000e-03	1.49552e+00	1.50000e+02
3.84000e-03	1.17807e+00	1.50000e+02
6.08000e-03	1.03892e+00	1.50000e+02
8.32000e-03	9.53348e-01	1.50000e+02
1.05600e-02	8.92973e-01	1.50000e+02
6.50000e-04	1.70719e+00	7.00000e+01
1.56000e-03	1.35324e+00	7.00000e+01
2.47000e-03	1.19705e+00	7.00000e+01
3.38000e-03	1.10066e+00	7.00000e+01
4.29000e-03	1.03248e+00	7.00000e+01
1.60000e-03	1.49552e+00	1.50000e+02
3.84000e-03	1.17807e+00	1.50000e+02
6.08000e-03	1.03892e+00	1.50000e+02
8.32000e-03	9.53348e-01	1.50000e+02
1.05600e-02	8.92973e-01	1.50000e+02
1.00000e-03	1.52310e+00	7.00000e+01
2.40000e-03	1.20629e+00	7.00000e+01
3.80000e-03	1.06663e+00	7.00000e+01
5.20000e-03	9.80484e-01	7.00000e+01
6.60000e-03	9.19576e-01	7.00000e+01
2.50000e-03	1.32444e+00	1.50000e+02
6.00000e-03	1.04270e+00	1.50000e+02
9.50000e-03	9.19283e-01	1.50000e+02
1.30000e-02	8.43410e-01	1.50000e+02
1.65000e-02	7.89891e-01	1.50000e+02
1.00000e-03	1.52310e+00	7.00000e+01
2.40000e-03	1.20629e+00	7.00000e+01
3.80000e-03	1.06663e+00	7.00000e+01
5.20000e-03	9.80484e-01	7.00000e+01
6.60000e-03	9.19576e-01	7.00000e+01
4.00000e-03	1.16500e+00	1.50000e+02
9.60000e-03	9.16645e-01	1.50000e+02
1.52000e-02	8.07925e-01	1.50000e+02
2.08000e-02	7.41108e-01	1.50000e+02
2.64000e-02	6.93988e-01	1.50000e+02
1.25000e-03	1.43543e+00	7.00000e+01
3.00000e-03	1.13639e+00	7.00000e+01
4.75000e-03	1.00462e+00	7.00000e+01
6.50000e-03	9.23363e-01	7.00000e+01
8.25000e-03	8.65923e-01	7.00000e+01
1.60000e-03	1.34415e+00	7.00000e+01
3.84000e-03	1.06364e+00	7.00000e+01
6.08000e-03	9.40113e-01	7.00000e+01
8.32000e-03	8.63952e-01	7.00000e+01
1.05600e-02	8.10126e-01	7.00000e+01
2.50000e-03	1.19320e+00	7.00000e+01
6.00000e-03	9.43469e-01	7.00000e+01
9.50000e-03	8.33591e-01	7.00000e+01
1.30000e-02	7.65878e-01	7.00000e+01
1.65000e-02	7.18036e-01	7.00000e+01
4.00000e-03	1.05206e+00	7.00000e+01
9.60000e-03	8.31239e-01	7.00000e+01
1.52000e-02	7.34164e-01	7.00000e+01
2.08000e-02	6.74368e-01	7.00000e+01
2.64000e-02	6.32132e-01	7.00000e+01
1.30000e-03	1.63217e+00	2.00000e+02
3.12000e-03	1.28423e+00	2.00000e+02
4.94000e-03	1.13189e+00	2.00000e+02
6.76000e-03	1.03826e+00	2.00000e+02
8.58000e-03	9.72231e-01	2.00000e+02
1.60000e-03	1.54211e+00	2.00000e+02
3.84000e-03	1.21305e+00	2.00000e+02
6.08000e-03	1.06902e+00	2.00000e+02
8.32000e-03	9.80515e-01	2.00000e+02
1.05600e-02	9.18104e-01	2.00000e+02
6.50000e-04	1.77950e+00	9.00000e+01
1.56000e-03	1.40802e+00	9.00000e+01
2.47000e-03	1.24441e+00	9.00000e+01
3.38000e-03	1.14353e+00	9.00000e+01
4.29000e-03	1.07224e+00	9.00000e+01
1.60000e-03	1.54211e+00	2.00000e+02
3.84000e-03	1.21305e+00	2.00000e+02
6.08000e-03	1.06902e+00	2.00000e+02
8.32000e-03	9.80515e-01	2.00000e+02
1.05600e-02	9.18104e-01	2.00000e+02
7.50000e-04	1.71287e+00	9.00000e+01
1.80000e-03	1.35495e+00	9.00000e+01
2.85000e-03	1.19735e+00	9.00000e+01
3.90000e-03	1.10020e+00	9.00000e+01
4.95000e-03	1.03155e+00	9.00000e+01
2.50000e-03	1.36470e+00	2.00000e+02
6.00000e-03	1.07293e+00	2.00000e+02
9.50000e-03	9.45297e-01	2.00000e+02
1.30000e-02	8.66890e-01	2.00000e+02
1.65000e-02	8.11611e-01	2.00000e+02
1.00000e-03	1.58617e+00	9.00000e+01
2.40000e-03	1.25408e+00	9.00000e+01
3.80000e-03	1.10795e+00	9.00000e+01
5.20000e-03	1.01790e+00	9.00000e+01
6.60000e-03	9.54270e-01	9.00000e+01
2.50000e-03	1.36470e+00	2.00000e+02
6.00000e-03	1.07293e+00	2.00000e+02
9.50000e-03	9.45297e-01	2.00000e+02
1.30000e-02	8.66890e-01	2.00000e+02
1.65000e-02	8.11611e-01	2.00000e+02
1.00000e-03	1.58617e+00	9.00000e+01
2.40000e-03	1.25408e+00	9.00000e+01
3.80000e-03	1.10795e+00	9.00000e+01
5.20000e-03	1.01790e+00	9.00000e+01
6.60000e-03	9.54270e-01	9.00000e+01
4.00000e-03	1.19952e+00	2.00000e+02
9.60000e-03	9.42570e-01	2.00000e+02
1.52000e-02	8.30235e-01	2.00000e+02
2.08000e-02	7.61245e-01	2.00000e+02
2.64000e-02	7.12616e-01	2.00000e+02
1.60000e-03	1.39848e+00	9.00000e+01
3.84000e-03	1.10482e+00	9.00000e+01
6.08000e-03	9.75719e-01	9.00000e+01
8.32000e-03	8.96196e-01	9.00000e+01
1.05600e-02	8.40028e-01	9.00000e+01
2.50000e-03	1.24037e+00	9.00000e+01
6.00000e-03	9.79225e-01	9.00000e+01
9.50000e-03	8.64511e-01	9.00000e+01
1.30000e-02	7.93879e-01	9.00000e+01
1.65000e-02	7.44005e-01	9.00000e+01
4.00000e-03	1.09271e+00	9.00000e+01
9.60000e-03	8.62056e-01	9.00000e+01
1.52000e-02	7.60815e-01	9.00000e+01
2.08000e-02	6.98505e-01	9.00000e+01
2.64000e-02	6.54518e-01	9.00000e+01
8.00000e-04	1.75466e+00	1.20000e+02
1.92000e-03	1.38532e+00	1.20000e+02
3.04000e-03	1.22304e+00	1.20000e+02
4.16000e-03	1.12311e+00	1.20000e+02
5.28000e-03	1.05254e+00	1.20000e+02
1.65000e-03	1.56102e+00	2.50000e+02
3.96000e-03	1.22665e+00	2.50000e+02
6.27000e-03	1.08045e+00	2.50000e+02
8.58000e-03	9.90654e-01	2.50000e+02
1.08900e-02	9.27361e-01	2.50000e+02
8.60000e-04	1.72083e+00	1.20000e+02
2.06400e-03	1.35845e+00	1.20000e+02
3.26800e-03	1.19925e+00	1.20000e+02
4.47200e-03	1.10122e+00	1.20000e+02
5.67600e-03	1.03200e+00	1.20000e+02
2.50000e-03	1.39244e+00	2.50000e+02
6.00000e-03	1.09367e+00	2.50000e+02
9.50000e-03	9.63109e-01	2.50000e+02
1.30000e-02	8.82941e-01	2.50000e+02
1.65000e-02	8.26442e-01	2.50000e+02
9.40000e-04	1.68009e+00	1.20000e+02
2.25600e-03	1.32611e+00	1.20000e+02
3.57200e-03	1.17062e+00	1.20000e+02
4.88800e-03	1.07488e+00	1.20000e+02
6.20400e-03	1.00729e+00	1.20000e+02
2.50000e-03	1.39244e+00	2.50000e+02
6.00000e-03	1.09367e+00	2.50000e+02
9.50000e-03	9.63109e-01	2.50000e+02
1.30000e-02	8.82941e-01	2.50000e+02
1.65000e-02	8.26442e-01	2.50000e+02
1.00000e-03	1.65230e+00	1.20000e+02
2.40000e-03	1.30405e+00	1.20000e+02
3.80000e-03	1.15109e+00	1.20000e+02
5.20000e-03	1.05692e+00	1.20000e+02
6.60000e-03	9.90436e-01	1.20000e+02
4.00000e-03	1.22325e+00	2.50000e+02
9.60000e-03	9.60320e-01	2.50000e+02
1.52000e-02	8.45475e-01	2.50000e+02
2.08000e-02	7.74979e-01	2.50000e+02
2.64000e-02	7.25305e-01	2.50000e+02
1.06000e-03	1.62655e+00	1.20000e+02
2.54400e-03	1.28361e+00	1.20000e+02
4.02800e-03	1.13300e+00	1.20000e+02
5.51200e-03	1.04028e+00	1.20000e+02
6.99600e-03	9.74820e-01	1.20000e+02
1.06000e-03	1.62655e+00	1.20000e+02
2.54400e-03	1.28361e+00	1.20000e+02
4.02800e-03	1.13300e+00	1.20000e+02
5.51200e-03	1.04028e+00	1.20000e+02
6.99600e-03	9.74820e-01	1.20000e+02
1.35000e-03	1.52377e+00	1.20000e+02
3.24000e-03	1.20206e+00	1.20000e+02
5.13000e-03	1.06083e+00	1.20000e+02
7.02000e-03	9.73910e-01	1.20000e+02
8.91000e-03	9.12550e-01	1.20000e+02
1.60000e-03	1.45538e+00	1.20000e+02
3.84000e-03	1.14782e+00	1.20000e+02
6.08000e-03	1.01285e+00	1.20000e+02
8.32000e-03	9.29783e-01	1.20000e+02
1.05600e-02	8.71154e-01	1.20000e+02
1.60000e-03	1.45538e+00	1.20000e+02
3.84000e-03	1.14782e+00	1.20000e+02
6.08000e-03	1.01285e+00	1.20000e+02
8.32000e-03	9.29783e-01	1.20000e+02
1.05600e-02	8.71154e-01	1.20000e+02
2.50000e-03	1.28970e+00	1.20000e+02
6.00000e-03	1.01651e+00	1.20000e+02
9.50000e-03	8.96705e-01	1.20000e+02
1.30000e-02	8.23006e-01	1.20000e+02
1.65000e-02	7.70998e-01	1.20000e+02
4.00000e-03	1.13515e+00	1.20000e+02
9.60000e-03	8.94144e-01	1.20000e+02
1.52000e-02	7.88525e-01	1.20000e+02
2.08000e-02	7.23575e-01	1.20000e+02
2.64000e-02	6.77753e-01	1.20000e+02
1.95000e-03	1.51320e+00	3.00000e+02
4.68000e-03	1.18794e+00	3.00000e+02
7.41000e-03	1.04587e+00	3.00000e+02
1.01400e-02	9.58649e-01	3.00000e+02
1.28700e-02	8.97194e-01	3.00000e+02
2.50000e-03	1.41289e+00	3.00000e+02
6.00000e-03	1.10891e+00	3.00000e+02
9.50000e-03	9.76166e-01	3.00000e+02
1.30000e-02	8.94691e-01	3.00000e+02
1.65000e-02	8.37286e-01	3.00000e+02
2.50000e-03	1.41289e+00	3.00000e+02
6.00000e-03	1.10891e+00	3.00000e+02
9.50000e-03	9.76166e-01	3.00000e+02
1.30000e-02	8.94691e-01	3.00000e+02
1.65000e-02	8.37286e-01	3.00000e+02
4.00000e-03	1.24072e+00	3.00000e+02
9.60000e-03	9.73332e-01	3.00000e+02
1.52000e-02	8.56623e-01	3.00000e+02
2.08000e-02	7.85009e-01	3.00000e+02
2.64000e-02	7.34562e-01	3.00000e+02
4.00000e-03	1.24072e+00	3.00000e+02
9.60000e-03	9.73332e-01	3.00000e+02
1.52000e-02	8.56623e-01	3.00000e+02
2.08000e-02	7.85009e-01	3.00000e+02
2.64000e-02	7.34562e-01	3.00000e+02
2.65000e-03	1.41818e+00	4.00000e+02
6.36000e-03	1.11177e+00	4.00000e+02
1.00700e-02	9.78120e-01	4.00000e+02
1.37800e-02	8.96137e-01	4.00000e+02
1.74900e-02	8.38400e-01	4.00000e+02
4.00000e-03	1.26490e+00	4.00000e+02
9.60000e-03	9.91247e-01	4.00000e+02
1.52000e-02	8.71924e-01	4.00000e+02
2.08000e-02	7.98749e-01	4.00000e+02
2.64000e-02	7.47221e-01	4.00000e+02
4.00000e-03	1.26490e+00	4.00000e+02
9.60000e-03	9.91247e-01	4.00000e+02
1.52000e-02	8.71924e-01	4.00000e+02
2.08000e-02	7.98749e-01	4.00000e+02
2.64000e-02	7.47221e-01	4.00000e+02
3.30000e-03	1.35155e+00	5.00000e+02
7.92000e-03	1.05850e+00	5.00000e+02
1.25400e-02	9.30792e-01	5.00000e+02
1.71600e-02	8.52499e-01	5.00000e+02
2.17800e-02	7.97380e-01	5.00000e+02
4.00000e-03	1.28097e+00	5.00000e+02
9.60000e-03	1.00306e+00	5.00000e+02
1.52000e-02	8.81969e-01	5.00000e+02
2.08000e-02	8.07742e-01	5.00000e+02
2.64000e-02	7.55488e-01	5.00000e+02
4.00000e-03	1.28097e+00	5.00000e+02
9.60000e-03	1.00306e+00	5.00000e+02
1.52000e-02	8.81969e-01	5.00000e+02
2.08000e-02	8.07742e-01	5.00000e+02
2.64000e-02	7.55488e-01	5.00000e+02
4.25000e-03	1.27523e+00	6.50000e+02
1.02000e-02	9.97661e-01	6.50000e+02
1.61500e-02	8.76825e-01	6.50000e+02
2.21000e-02	8.02787e-01	6.50000e+02
2.80500e-02	7.50684e-01	6.50000e+02
4.25000e-03	1.27523e+00	6.50000e+02
1.02000e-02	9.97661e-01	6.50000e+02
1.61500e-02	8.76825e-01	6.50000e+02
2.21000e-02	8.02787e-01	6.50000e+02
2.80500e-02	7.50684e-01	6.50000e+02
