3.10500e-07	8.33485e-02	4.50000e-02
7.45200e-07	7.97791e-02	4.50000e-02
1.17990e-06	7.79468e-02	4.50000e-02
1.61460e-06	7.67101e-02	4.50000e-02
2.04930e-06	7.57767e-02	4.50000e-02
3.31000e-05	3.04374e-01	3.50000e-01
7.94400e-05	2.79576e-01	3.50000e-01
1.25780e-04	2.66817e-01	3.50000e-01
1.72120e-04	2.58203e-01	3.50000e-01
2.18460e-04	2.51705e-01	3.50000e-01
4.48500e-07	1.11956e-01	6.50000e-02
1.07640e-06	1.06799e-01	6.50000e-02
1.70430e-06	1.04148e-01	6.50000e-02
2.33220e-06	1.02357e-01	6.50000e-02
2.96010e-06	1.01006e-01	6.50000e-02
6.50000e-05	2.85201e-01	3.50000e-01
1.56000e-04	2.60896e-01	3.50000e-01
2.47000e-04	2.48374e-01	3.50000e-01
3.38000e-04	2.39913e-01	3.50000e-01
4.29000e-04	2.33525e-01	3.50000e-01
5.10000e-07	1.11189e-01	6.50000e-02
1.22400e-06	1.06054e-01	6.50000e-02
1.93800e-06	1.03413e-01	6.50000e-02
2.65200e-06	1.01628e-01	6.50000e-02
3.36600e-06	1.00281e-01	6.50000e-02
1.10000e-04	2.70521e-01	3.50000e-01
2.64000e-04	2.46573e-01	3.50000e-01
4.18000e-04	2.34219e-01	3.50000e-01
5.72000e-04	2.25864e-01	3.50000e-01
7.26000e-04	2.19552e-01	3.50000e-01
5.85000e-07	1.38142e-01	8.50000e-02
1.40400e-06	1.31396e-01	8.50000e-02
2.22300e-06	1.27926e-01	8.50000e-02
3.04200e-06	1.25582e-01	8.50000e-02
3.86100e-06	1.23813e-01	8.50000e-02
2.50000e-04	2.48047e-01	3.50000e-01
6.00000e-04	2.24596e-01	3.50000e-01
9.50000e-04	2.12470e-01	3.50000e-01
1.30000e-03	2.04254e-01	3.50000e-01
1.65000e-03	1.98034e-01	3.50000e-01
6.70000e-07	1.37083e-01	8.50000e-02
1.60800e-06	1.30367e-01	8.50000e-02
2.54600e-06	1.26910e-01	8.50000e-02
3.48400e-06	1.24574e-01	8.50000e-02
4.42200e-06	1.22810e-01	8.50000e-02
1.25500e-03	2.05175e-01	3.50000e-01
3.01200e-03	1.82381e-01	3.50000e-01
4.76900e-03	1.70402e-01	3.50000e-01
6.52600e-03	1.62169e-01	3.50000e-01
8.28300e-03	1.55862e-01	3.50000e-01
7.80000e-07	1.35903e-01	8.50000e-02
1.87200e-06	1.29219e-01	8.50000e-02
2.96400e-06	1.25776e-01	8.50000e-02
4.05600e-06	1.23448e-01	8.50000e-02
5.14800e-06	1.21690e-01	8.50000e-02
4.41500e-06	4.00970e-01	4.00000e-01
1.05960e-05	3.70852e-01	4.00000e-01
1.67770e-05	3.55431e-01	4.00000e-01
2.29580e-05	3.45047e-01	4.00000e-01
2.91390e-05	3.37229e-01	4.00000e-01
7.55000e-07	1.68322e-01	1.10000e-01
1.81200e-06	1.59594e-01	1.10000e-01
2.86900e-06	1.55103e-01	1.10000e-01
3.92600e-06	1.52070e-01	1.10000e-01
4.98300e-06	1.49779e-01	1.10000e-01
5.50000e-06	3.93315e-01	4.00000e-01
1.32000e-05	3.63446e-01	4.00000e-01
2.09000e-05	3.48144e-01	4.00000e-01
2.86000e-05	3.37839e-01	4.00000e-01
3.63000e-05	3.30079e-01	4.00000e-01
8.65000e-07	1.66950e-01	1.10000e-01
2.07600e-06	1.58259e-01	1.10000e-01
3.28700e-06	1.53785e-01	1.10000e-01
4.49800e-06	1.50761e-01	1.10000e-01
5.70900e-06	1.48479e-01	1.10000e-01
6.65000e-06	3.86753e-01	4.00000e-01
1.59600e-05	3.57094e-01	4.00000e-01
2.52700e-05	3.41893e-01	4.00000e-01
3.45800e-05	3.31654e-01	4.00000e-01
4.38900e-05	3.23944e-01	4.00000e-01
1.01000e-06	1.65394e-01	1.10000e-01
2.42400e-06	1.56744e-01	1.10000e-01
3.83800e-06	1.52288e-01	1.10000e-01
5.25200e-06	1.49276e-01	1.10000e-01
6.66600e-06	1.47001e-01	1.10000e-01
8.50000e-06	3.78341e-01	4.00000e-01
2.04000e-05	3.48945e-01	4.00000e-01
3.23000e-05	3.33871e-01	4.00000e-01
4.42000e-05	3.23717e-01	4.00000e-01
5.61000e-05	3.16071e-01	4.00000e-01
1.21500e-06	1.63549e-01	1.10000e-01
2.91600e-06	1.54946e-01	1.10000e-01
4.61700e-06	1.50511e-01	1.10000e-01
6.31800e-06	1.47512e-01	1.10000e-01
8.01900e-06	1.45246e-01	1.10000e-01
1.10000e-05	3.69587e-01	4.00000e-01
2.64000e-05	3.40458e-01	4.00000e-01
4.18000e-05	3.25517e-01	4.00000e-01
5.72000e-05	3.15451e-01	4.00000e-01
7.26000e-05	3.07871e-01	4.00000e-01
1.03500e-06	2.12050e-01	1.50000e-01
2.48400e-06	2.00171e-01	1.50000e-01
3.93300e-06	1.94061e-01	1.50000e-01
5.38200e-06	1.89934e-01	1.50000e-01
6.83100e-06	1.86819e-01	1.50000e-01
1.84000e-05	3.52362e-01	4.00000e-01
4.41600e-05	3.23746e-01	4.00000e-01
6.99200e-05	3.09063e-01	4.00000e-01
9.56800e-05	2.99170e-01	4.00000e-01
1.21440e-04	2.91719e-01	4.00000e-01
1.18000e-06	2.10249e-01	1.50000e-01
2.83200e-06	1.98419e-01	1.50000e-01
4.48400e-06	1.92331e-01	1.50000e-01
6.13600e-06	1.88218e-01	1.50000e-01
7.78800e-06	1.85113e-01	1.50000e-01
4.41500e-05	3.23754e-01	4.00000e-01
1.05960e-04	2.95974e-01	4.00000e-01
1.67770e-04	2.81711e-01	4.00000e-01
2.29580e-04	2.72096e-01	4.00000e-01
2.91390e-04	2.64848e-01	4.00000e-01
1.38000e-06	2.08110e-01	1.50000e-01
3.31200e-06	1.96336e-01	1.50000e-01
5.24400e-06	1.90274e-01	1.50000e-01
7.17600e-06	1.86177e-01	1.50000e-01
9.10800e-06	1.83084e-01	1.50000e-01
8.80000e-05	3.01799e-01	4.00000e-01
2.11200e-04	2.74645e-01	4.00000e-01
3.34400e-04	2.60687e-01	4.00000e-01
4.57600e-04	2.51268e-01	4.00000e-01
5.80800e-04	2.44164e-01	4.00000e-01
1.65500e-06	2.05640e-01	1.50000e-01
3.97200e-06	1.93930e-01	1.50000e-01
6.28900e-06	1.87897e-01	1.50000e-01
8.60600e-06	1.83818e-01	1.50000e-01
1.09230e-05	1.80737e-01	1.50000e-01
1.47000e-04	2.85792e-01	4.00000e-01
3.52800e-04	2.59072e-01	4.00000e-01
5.58600e-04	2.45322e-01	4.00000e-01
7.64400e-04	2.36036e-01	4.00000e-01
9.70200e-04	2.29029e-01	4.00000e-01
2.07000e-06	2.02618e-01	1.50000e-01
4.96800e-06	1.90984e-01	1.50000e-01
7.86600e-06	1.84984e-01	1.50000e-01
1.07640e-05	1.80926e-01	1.50000e-01
1.36620e-05	1.77859e-01	1.50000e-01
3.15500e-04	2.62443e-01	4.00000e-01
7.57200e-04	2.36315e-01	4.00000e-01
1.19890e-03	2.22841e-01	4.00000e-01
1.64060e-03	2.13722e-01	4.00000e-01
2.08230e-03	2.06822e-01	4.00000e-01
2.51000e-06	2.00032e-01	1.50000e-01
6.02400e-06	1.88459e-01	1.50000e-01
9.53800e-06	1.82487e-01	1.50000e-01
1.30520e-05	1.78445e-01	1.50000e-01
1.65660e-05	1.75390e-01	1.50000e-01
3.66000e-06	4.77977e-01	5.00000e-01
8.78400e-06	4.40389e-01	5.00000e-01
1.39080e-05	4.21212e-01	5.00000e-01
1.90320e-05	4.08328e-01	5.00000e-01
2.41560e-05	3.98643e-01	5.00000e-01
1.57500e-06	2.58619e-01	2.00000e-01
3.78000e-06	2.42913e-01	2.00000e-01
5.98500e-06	2.34838e-01	2.00000e-01
8.19000e-06	2.29385e-01	2.00000e-01
1.03950e-05	2.25271e-01	2.00000e-01
4.30000e-06	4.70951e-01	5.00000e-01
1.03200e-05	4.33622e-01	5.00000e-01
1.63400e-05	4.14572e-01	5.00000e-01
2.23600e-05	4.01771e-01	5.00000e-01
2.83800e-05	3.92148e-01	5.00000e-01
1.84000e-06	2.55796e-01	2.00000e-01
4.41600e-06	2.40168e-01	2.00000e-01
6.99200e-06	2.32129e-01	2.00000e-01
9.56800e-06	2.26699e-01	2.00000e-01
1.21440e-05	2.22600e-01	2.00000e-01
7.90000e-06	4.44868e-01	5.00000e-01
1.89600e-05	4.08482e-01	5.00000e-01
3.00200e-05	3.89894e-01	5.00000e-01
4.10800e-05	3.77400e-01	5.00000e-01
5.21400e-05	3.68009e-01	5.00000e-01
2.20500e-06	2.52530e-01	2.00000e-01
5.29200e-06	2.36990e-01	2.00000e-01
8.37900e-06	2.28990e-01	2.00000e-01
1.14660e-05	2.23585e-01	2.00000e-01
1.45530e-05	2.19505e-01	2.00000e-01
1.06000e-05	4.32503e-01	5.00000e-01
2.54400e-05	3.96551e-01	5.00000e-01
4.02800e-05	3.78179e-01	5.00000e-01
5.51200e-05	3.65832e-01	5.00000e-01
6.99600e-05	3.56550e-01	5.00000e-01
2.76000e-06	2.48505e-01	2.00000e-01
6.62400e-06	2.33069e-01	2.00000e-01
1.04880e-05	2.25117e-01	2.00000e-01
1.43520e-05	2.19742e-01	2.00000e-01
1.82160e-05	2.15682e-01	2.00000e-01
1.38000e-05	4.21534e-01	5.00000e-01
3.31200e-05	3.85963e-01	5.00000e-01
5.24400e-05	3.67784e-01	5.00000e-01
7.17600e-05	3.55567e-01	5.00000e-01
9.10800e-05	3.46383e-01	5.00000e-01
3.34500e-06	2.45080e-01	2.00000e-01
8.02800e-06	2.29731e-01	2.00000e-01
1.27110e-05	2.21818e-01	2.00000e-01
1.73940e-05	2.16467e-01	2.00000e-01
2.20770e-05	2.12423e-01	2.00000e-01
1.99000e-05	4.06509e-01	5.00000e-01
4.77600e-05	3.71455e-01	5.00000e-01
7.56200e-05	3.53541e-01	5.00000e-01
1.03480e-04	3.41503e-01	5.00000e-01
1.31340e-04	3.32454e-01	5.00000e-01
4.24500e-06	2.40864e-01	2.00000e-01
1.01880e-05	2.25617e-01	2.00000e-01
1.61310e-05	2.17749e-01	2.00000e-01
2.20740e-05	2.12426e-01	2.00000e-01
2.80170e-05	2.08402e-01	2.00000e-01
5.00000e-05	3.69653e-01	5.00000e-01
1.20000e-04	3.35871e-01	5.00000e-01
1.90000e-04	3.18609e-01	5.00000e-01
2.60000e-04	3.07004e-01	5.00000e-01
3.30000e-04	2.98276e-01	5.00000e-01
5.50000e-06	2.36315e-01	2.00000e-01
1.32000e-05	2.21172e-01	2.00000e-01
2.09000e-05	2.13351e-01	2.00000e-01
2.86000e-05	2.08056e-01	2.00000e-01
3.63000e-05	2.04053e-01	2.00000e-01
1.25500e-04	3.34174e-01	5.00000e-01
3.01200e-04	3.01610e-01	5.00000e-01
4.76900e-04	2.84950e-01	5.00000e-01
6.52600e-04	2.73741e-01	5.00000e-01
8.28300e-04	2.65305e-01	5.00000e-01
1.99000e-05	2.14182e-01	2.00000e-01
4.77600e-05	1.99468e-01	2.00000e-01
7.56200e-05	1.91838e-01	2.00000e-01
1.03480e-04	1.86662e-01	2.00000e-01
1.31340e-04	1.82744e-01	2.00000e-01
1.84000e-04	3.19804e-01	5.00000e-01
4.41600e-04	2.87718e-01	5.00000e-01
6.99200e-04	2.71293e-01	5.00000e-01
9.56800e-04	2.60237e-01	5.00000e-01
1.21440e-03	2.51911e-01	5.00000e-01
1.25500e-04	1.83490e-01	2.00000e-01
3.01200e-04	1.69186e-01	2.00000e-01
4.76900e-04	1.61718e-01	2.00000e-01
6.52600e-04	1.56630e-01	2.00000e-01
8.28300e-04	1.52764e-01	2.00000e-01
4.00000e-04	2.91291e-01	5.00000e-01
9.60000e-04	2.60120e-01	5.00000e-01
1.52000e-03	2.44129e-01	5.00000e-01
2.08000e-03	2.33332e-01	5.00000e-01
2.64000e-03	2.25174e-01	5.00000e-01
1.97000e-06	3.02179e-01	2.50000e-01
4.72800e-06	2.82662e-01	2.50000e-01
7.48600e-06	2.72638e-01	2.50000e-01
1.02440e-05	2.65875e-01	2.50000e-01
1.30020e-05	2.60774e-01	2.50000e-01
1.60000e-03	2.42357e-01	5.00000e-01
3.84000e-03	2.12399e-01	5.00000e-01
6.08000e-03	1.96722e-01	5.00000e-01
8.32000e-03	1.85951e-01	5.00000e-01
1.05600e-02	1.77694e-01	5.00000e-01
2.30000e-06	2.98684e-01	2.50000e-01
5.52000e-06	2.79268e-01	2.50000e-01
8.74000e-06	2.69291e-01	2.50000e-01
1.19600e-05	2.62558e-01	2.50000e-01
1.51800e-05	2.57478e-01	2.50000e-01
4.76000e-06	5.59329e-01	6.50000e-01
1.14240e-05	5.11804e-01	6.50000e-01
1.80880e-05	4.87651e-01	6.50000e-01
2.47520e-05	4.71464e-01	6.50000e-01
3.14160e-05	4.59321e-01	6.50000e-01
2.76000e-06	2.94593e-01	2.50000e-01
6.62400e-06	2.75293e-01	2.50000e-01
1.04880e-05	2.65370e-01	2.50000e-01
1.43520e-05	2.58670e-01	2.50000e-01
1.82160e-05	2.53615e-01	2.50000e-01
5.60000e-06	5.50352e-01	6.50000e-01
1.34400e-05	5.03201e-01	6.50000e-01
2.12800e-05	4.79234e-01	6.50000e-01
2.91200e-05	4.63171e-01	6.50000e-01
3.69600e-05	4.51121e-01	6.50000e-01
3.45000e-06	2.89621e-01	2.50000e-01
8.28000e-06	2.70458e-01	2.50000e-01
1.31100e-05	2.60598e-01	2.50000e-01
1.79400e-05	2.53938e-01	2.50000e-01
2.27700e-05	2.48911e-01	2.50000e-01
7.90000e-06	5.31580e-01	6.50000e-01
1.89600e-05	4.85206e-01	6.50000e-01
3.00200e-05	4.61625e-01	6.50000e-01
4.10800e-05	4.45823e-01	6.50000e-01
5.21400e-05	4.33970e-01	6.50000e-01
4.18000e-06	2.85374e-01	2.50000e-01
1.00320e-05	2.66324e-01	2.50000e-01
1.58840e-05	2.56516e-01	2.50000e-01
2.17360e-05	2.49889e-01	2.50000e-01
2.75880e-05	2.44885e-01	2.50000e-01
8.20000e-06	5.29566e-01	6.50000e-01
1.96800e-05	4.83274e-01	6.50000e-01
3.11600e-05	4.59735e-01	6.50000e-01
4.26400e-05	4.43961e-01	6.50000e-01
5.41200e-05	4.32130e-01	6.50000e-01
5.30000e-06	2.80158e-01	2.50000e-01
1.27200e-05	2.61242e-01	2.50000e-01
2.01400e-05	2.51495e-01	2.50000e-01
2.75600e-05	2.44907e-01	2.50000e-01
3.49800e-05	2.39932e-01	2.50000e-01
1.99000e-05	4.82698e-01	6.50000e-01
4.77600e-05	4.38317e-01	6.50000e-01
7.56200e-05	4.15757e-01	6.50000e-01
1.03480e-04	4.00648e-01	6.50000e-01
1.31340e-04	3.89320e-01	6.50000e-01
6.90000e-06	2.74406e-01	2.50000e-01
1.65600e-05	2.55632e-01	2.50000e-01
2.62200e-05	2.45950e-01	2.50000e-01
3.58800e-05	2.39403e-01	2.50000e-01
4.55400e-05	2.34458e-01	2.50000e-01
2.99000e-05	4.61829e-01	6.50000e-01
7.17600e-05	4.18304e-01	6.50000e-01
1.13620e-04	3.96190e-01	6.50000e-01
1.55480e-04	3.81382e-01	6.50000e-01
1.97340e-04	3.70279e-01	6.50000e-01
1.15000e-05	2.63397e-01	2.50000e-01
2.76000e-05	2.44876e-01	2.50000e-01
4.37000e-05	2.35312e-01	2.50000e-01
5.98000e-05	2.28840e-01	2.50000e-01
7.59000e-05	2.23951e-01	2.50000e-01
5.00000e-05	4.36044e-01	6.50000e-01
1.20000e-04	3.93595e-01	6.50000e-01
1.90000e-04	3.72036e-01	6.50000e-01
2.60000e-04	3.57598e-01	6.50000e-01
3.30000e-04	3.46770e-01	6.50000e-01
1.99000e-05	2.51748e-01	2.50000e-01
4.77600e-05	2.33474e-01	2.50000e-01
7.56200e-05	2.24027e-01	2.50000e-01
1.03480e-04	2.17630e-01	2.50000e-01
1.31340e-04	2.12795e-01	2.50000e-01
1.25500e-04	3.91471e-01	6.50000e-01
3.01200e-04	3.50903e-01	6.50000e-01
4.76900e-04	3.30292e-01	6.50000e-01
6.52600e-04	3.16484e-01	6.50000e-01
8.28300e-04	3.06126e-01	6.50000e-01
5.50000e-05	2.30562e-01	2.50000e-01
1.32000e-04	2.12694e-01	2.50000e-01
2.09000e-04	2.03433e-01	2.50000e-01
2.86000e-04	1.97152e-01	2.50000e-01
3.63000e-04	1.92396e-01	2.50000e-01
2.39000e-04	3.61453e-01	6.50000e-01
5.73600e-04	3.22140e-01	6.50000e-01
9.08200e-04	3.02155e-01	6.50000e-01
1.24280e-03	2.88757e-01	6.50000e-01
1.57740e-03	2.78693e-01	6.50000e-01
1.25500e-04	2.13716e-01	2.50000e-01
3.01200e-04	1.96118e-01	2.50000e-01
4.76900e-04	1.86970e-01	2.50000e-01
6.52600e-04	1.80754e-01	2.50000e-01
8.28300e-04	1.76042e-01	2.50000e-01
4.00000e-04	3.38125e-01	6.50000e-01
9.60000e-04	2.99772e-01	6.50000e-01
1.52000e-03	2.80251e-01	6.50000e-01
2.08000e-03	2.67135e-01	6.50000e-01
2.64000e-03	2.57259e-01	6.50000e-01
1.97000e-04	2.04621e-01	2.50000e-01
4.72800e-04	1.87142e-01	2.50000e-01
7.48600e-04	1.78040e-01	2.50000e-01
1.02440e-03	1.71848e-01	2.50000e-01
1.30020e-03	1.67148e-01	2.50000e-01
1.60000e-03	2.78096e-01	6.50000e-01
3.84000e-03	2.41852e-01	6.50000e-01
6.08000e-03	2.23038e-01	6.50000e-01
8.32000e-03	2.10158e-01	6.50000e-01
1.05600e-02	2.00302e-01	6.50000e-01
7.90000e-04	1.76977e-01	2.50000e-01
1.89600e-03	1.59712e-01	2.50000e-01
3.00200e-03	1.50630e-01	2.50000e-01
4.10800e-03	1.44398e-01	2.50000e-01
5.21400e-03	1.39634e-01	2.50000e-01
6.20000e-06	6.51183e-01	8.50000e-01
1.48800e-05	5.91338e-01	8.50000e-01
2.35600e-05	5.61071e-01	8.50000e-01
3.22400e-05	5.40852e-01	8.50000e-01
4.09200e-05	5.25720e-01	8.50000e-01
2.56000e-06	3.81035e-01	3.50000e-01
6.14400e-06	3.54037e-01	3.50000e-01
9.72800e-06	3.40208e-01	3.50000e-01
1.33120e-05	3.30893e-01	3.50000e-01
1.68960e-05	3.23878e-01	3.50000e-01
6.90000e-06	6.43713e-01	8.50000e-01
1.65600e-05	5.84223e-01	8.50000e-01
2.62200e-05	5.54135e-01	8.50000e-01
3.58800e-05	5.34037e-01	8.50000e-01
4.55400e-05	5.18997e-01	8.50000e-01
2.56000e-06	3.81035e-01	3.50000e-01
6.14400e-06	3.54037e-01	3.50000e-01
9.72800e-06	3.40208e-01	3.50000e-01
1.33120e-05	3.30893e-01	3.50000e-01
1.68960e-05	3.23878e-01	3.50000e-01
1.00000e-05	6.18144e-01	8.50000e-01
2.40000e-05	5.59868e-01	8.50000e-01
3.80000e-05	5.30397e-01	8.50000e-01
5.20000e-05	5.10717e-01	8.50000e-01
6.60000e-05	4.95993e-01	8.50000e-01
3.05000e-06	3.75562e-01	3.50000e-01
7.32000e-06	3.48740e-01	3.50000e-01
1.15900e-05	3.34995e-01	3.50000e-01
1.58600e-05	3.25735e-01	3.50000e-01
2.01300e-05	3.18759e-01	3.50000e-01
1.00000e-05	6.18144e-01	8.50000e-01
2.40000e-05	5.59868e-01	8.50000e-01
3.80000e-05	5.30397e-01	8.50000e-01
5.20000e-05	5.10717e-01	8.50000e-01
6.60000e-05	4.95993e-01	8.50000e-01
3.31000e-06	3.73018e-01	3.50000e-01
7.94400e-06	3.46277e-01	3.50000e-01
1.25780e-05	3.32570e-01	3.50000e-01
1.72120e-05	3.23335e-01	3.50000e-01
2.18460e-05	3.16377e-01	3.50000e-01
1.99000e-05	5.72101e-01	8.50000e-01
4.77600e-05	5.16018e-01	8.50000e-01
7.56200e-05	4.87681e-01	8.50000e-01
1.03480e-04	4.68773e-01	8.50000e-01
1.31340e-04	4.54634e-01	8.50000e-01
4.14000e-06	3.66101e-01	3.50000e-01
9.93600e-06	3.39576e-01	3.50000e-01
1.57320e-05	3.25973e-01	3.50000e-01
2.15280e-05	3.16804e-01	3.50000e-01
2.73240e-05	3.09894e-01	3.50000e-01
2.50000e-05	5.57219e-01	8.50000e-01
6.00000e-05	5.01855e-01	8.50000e-01
9.50000e-05	4.73892e-01	8.50000e-01
1.30000e-04	4.55238e-01	8.50000e-01
1.65000e-04	4.41291e-01	8.50000e-01
5.00000e-06	3.60311e-01	3.50000e-01
1.20000e-05	3.33964e-01	3.50000e-01
1.90000e-05	3.20444e-01	3.50000e-01
2.60000e-05	3.11330e-01	3.50000e-01
3.30000e-05	3.04461e-01	3.50000e-01
5.00000e-05	5.13158e-01	8.50000e-01
1.20000e-04	4.59965e-01	8.50000e-01
1.90000e-04	4.33131e-01	8.50000e-01
2.60000e-04	4.15235e-01	8.50000e-01
3.30000e-04	4.01856e-01	8.50000e-01
6.35000e-06	3.53037e-01	3.50000e-01
1.52400e-05	3.26907e-01	3.50000e-01
2.41300e-05	3.13490e-01	3.50000e-01
3.30200e-05	3.04443e-01	3.50000e-01
4.19100e-05	2.97625e-01	3.50000e-01
1.25500e-04	4.57316e-01	8.50000e-01
3.01200e-04	4.06958e-01	8.50000e-01
4.76900e-04	3.81566e-01	8.50000e-01
6.52600e-04	3.64633e-01	8.50000e-01
8.28300e-04	3.51973e-01	8.50000e-01
8.25000e-06	3.45141e-01	3.50000e-01
1.98000e-05	3.19241e-01	3.50000e-01
3.13500e-05	3.05934e-01	3.50000e-01
4.29000e-05	2.96959e-01	3.50000e-01
5.44500e-05	2.90195e-01	3.50000e-01
4.00000e-04	3.91200e-01	8.50000e-01
9.60000e-04	3.44226e-01	8.50000e-01
1.52000e-03	3.20518e-01	8.50000e-01
2.08000e-03	3.04669e-01	8.50000e-01
2.64000e-03	2.92778e-01	8.50000e-01
1.60000e-05	3.25477e-01	3.50000e-01
3.84000e-05	3.00120e-01	3.50000e-01
6.08000e-05	2.87081e-01	3.50000e-01
8.32000e-05	2.78285e-01	3.50000e-01
1.05600e-04	2.71652e-01	3.50000e-01
1.60000e-03	3.17908e-01	8.50000e-01
3.84000e-03	2.74307e-01	8.50000e-01
6.08000e-03	2.51876e-01	8.50000e-01
8.32000e-03	2.36590e-01	8.50000e-01
1.05600e-02	2.24921e-01	8.50000e-01
8.80000e-06	7.79468e-01	1.20000e+00
2.11200e-05	7.00369e-01	1.20000e+00
3.34400e-05	6.60671e-01	1.20000e+00
4.57600e-05	6.34283e-01	1.20000e+00
5.80800e-05	6.14608e-01	1.20000e+00
4.00000e-05	9.99088e-01	2.70000e+00
9.60000e-05	8.69410e-01	2.70000e+00
1.52000e-04	8.06004e-01	2.70000e+00
2.08000e-04	7.64510e-01	2.70000e+00
2.64000e-04	7.33918e-01	2.70000e+00
1.00000e-05	7.67629e-01	1.20000e+00
2.40000e-05	6.89201e-01	1.20000e+00
3.80000e-05	6.49847e-01	1.20000e+00
5.20000e-05	6.23693e-01	1.20000e+00
6.60000e-05	6.04194e-01	1.20000e+00
4.00000e-05	9.99088e-01	2.70000e+00
9.60000e-05	8.69410e-01	2.70000e+00
1.52000e-04	8.06004e-01	2.70000e+00
2.08000e-04	7.64510e-01	2.70000e+00
2.64000e-04	7.33918e-01	2.70000e+00
1.00000e-05	7.67629e-01	1.20000e+00
2.40000e-05	6.89201e-01	1.20000e+00
3.80000e-05	6.49847e-01	1.20000e+00
5.20000e-05	6.23693e-01	1.20000e+00
6.60000e-05	6.04194e-01	1.20000e+00
6.50000e-05	9.25713e-01	2.70000e+00
1.56000e-04	8.02513e-01	2.70000e+00
2.47000e-04	7.42378e-01	2.70000e+00
3.38000e-04	7.03057e-01	2.70000e+00
4.29000e-04	6.74083e-01	2.70000e+00
1.60000e-05	7.24955e-01	1.20000e+00
3.84000e-05	6.48965e-01	1.20000e+00
6.08000e-05	6.10869e-01	1.20000e+00
8.32000e-05	5.85569e-01	1.20000e+00
1.05600e-04	5.66718e-01	1.20000e+00
1.00000e-04	8.63650e-01	2.70000e+00
2.40000e-04	7.46051e-01	2.70000e+00
3.80000e-04	6.88726e-01	2.70000e+00
5.20000e-04	6.51268e-01	2.70000e+00
6.60000e-04	6.23677e-01	2.70000e+00
1.60000e-05	7.24955e-01	1.20000e+00
3.84000e-05	6.48965e-01	1.20000e+00
6.08000e-05	6.10869e-01	1.20000e+00
8.32000e-05	5.85569e-01	1.20000e+00
1.05600e-04	5.66718e-01	1.20000e+00
1.60000e-04	7.99121e-01	2.70000e+00
3.84000e-04	6.87454e-01	2.70000e+00
6.08000e-04	6.33090e-01	2.70000e+00
8.32000e-04	5.97586e-01	2.70000e+00
1.05600e-03	5.71437e-01	2.70000e+00
3.15500e-05	6.65629e-01	1.20000e+00
7.57200e-05	5.93108e-01	1.20000e+00
1.19890e-04	5.56816e-01	1.20000e+00
1.64060e-04	5.32738e-01	1.20000e+00
2.08230e-04	5.14808e-01	1.20000e+00
2.50000e-04	7.40839e-01	2.70000e+00
6.00000e-04	6.34617e-01	2.70000e+00
9.50000e-04	5.82952e-01	2.70000e+00
1.30000e-03	5.49207e-01	2.70000e+00
1.65000e-03	5.24337e-01	2.70000e+00
4.00000e-05	6.45531e-01	1.20000e+00
9.60000e-05	5.74215e-01	1.20000e+00
1.52000e-04	5.38548e-01	1.20000e+00
2.08000e-04	5.14891e-01	1.20000e+00
2.64000e-04	4.97277e-01	1.20000e+00
4.00000e-04	6.82509e-01	2.70000e+00
9.60000e-04	5.81806e-01	2.70000e+00
1.52000e-03	5.32824e-01	2.70000e+00
2.08000e-03	5.00787e-01	2.70000e+00
2.64000e-03	4.77128e-01	2.70000e+00
6.50000e-05	6.05433e-01	1.20000e+00
1.56000e-04	5.36568e-01	1.20000e+00
2.47000e-04	5.02163e-01	1.20000e+00
3.38000e-04	4.79351e-01	1.20000e+00
4.29000e-04	4.62371e-01	1.20000e+00
6.50000e-04	6.25422e-01	2.70000e+00
1.56000e-03	5.30129e-01	2.70000e+00
2.47000e-03	4.83676e-01	2.70000e+00
3.38000e-03	4.53181e-01	2.70000e+00
4.29000e-03	4.30571e-01	2.70000e+00
7.90000e-05	5.89708e-01	1.20000e+00
1.89600e-04	5.21819e-01	1.20000e+00
3.00200e-04	4.87913e-01	1.20000e+00
4.10800e-04	4.65435e-01	1.20000e+00
5.21400e-04	4.48704e-01	1.20000e+00
1.00000e-03	5.77351e-01	2.70000e+00
2.40000e-03	4.86518e-01	2.70000e+00
3.80000e-03	4.42016e-01	2.70000e+00
5.20000e-03	4.12636e-01	2.70000e+00
6.60000e-03	3.90730e-01	2.70000e+00
1.99000e-04	5.18194e-01	1.20000e+00
4.77600e-04	4.54827e-01	1.20000e+00
7.56200e-04	4.23212e-01	1.20000e+00
1.03480e-03	4.02257e-01	1.20000e+00
1.31340e-03	3.86654e-01	1.20000e+00
2.50000e-03	4.82485e-01	2.70000e+00
6.00000e-03	3.99449e-01	2.70000e+00
9.50000e-03	3.57774e-01	2.70000e+00
1.30000e-02	3.29659e-01	2.70000e+00
1.65000e-02	3.08293e-01	2.70000e+00
6.50000e-04	4.33501e-01	1.20000e+00
1.56000e-03	3.75560e-01	1.20000e+00
2.47000e-03	3.46563e-01	1.20000e+00
3.38000e-03	3.27231e-01	1.20000e+00
4.29000e-03	3.12736e-01	1.20000e+00
2.50000e-03	3.45812e-01	1.20000e+00
6.00000e-03	2.92550e-01	1.20000e+00
9.50000e-03	2.65080e-01	1.20000e+00
1.30000e-02	2.46271e-01	1.20000e+00
1.65000e-02	2.31842e-01	1.20000e+00
2.03000e-05	1.26610e+00	3.50000e+00
4.87200e-05	1.09976e+00	3.50000e+00
7.71400e-05	1.01879e+00	3.50000e+00
1.05560e-04	9.65952e-01	3.50000e+00
1.33980e-04	9.27076e-01	3.50000e+00
9.25000e-06	8.87292e-01	1.50000e+00
2.22000e-05	7.92388e-01	1.50000e+00
3.51500e-05	7.45017e-01	1.50000e+00
4.81000e-05	7.13633e-01	1.50000e+00
6.10500e-05	6.90290e-01	1.50000e+00
2.16000e-05	1.25377e+00	3.50000e+00
5.18400e-05	1.08858e+00	3.50000e+00
8.20800e-05	1.00818e+00	3.50000e+00
1.12320e-04	9.55724e-01	3.50000e+00
1.42560e-04	9.17134e-01	3.50000e+00
1.10000e-05	8.68016e-01	1.50000e+00
2.64000e-05	7.74331e-01	1.50000e+00
4.18000e-05	7.27585e-01	1.50000e+00
5.72000e-05	6.96624e-01	1.50000e+00
7.26000e-05	6.73602e-01	1.50000e+00
2.30000e-05	1.24139e+00	3.50000e+00
5.52000e-05	1.07734e+00	3.50000e+00
8.74000e-05	9.97523e-01	3.50000e+00
1.19600e-04	9.45453e-01	3.50000e+00
1.51800e-04	9.07150e-01	3.50000e+00
1.60000e-05	8.27168e-01	1.50000e+00
3.84000e-05	7.36090e-01	1.50000e+00
6.08000e-05	6.90688e-01	1.50000e+00
8.32000e-05	6.60639e-01	1.50000e+00
1.05600e-04	6.38305e-01	1.50000e+00
2.56000e-05	1.22045e+00	3.50000e+00
6.14400e-05	1.05836e+00	3.50000e+00
9.72800e-05	9.79527e-01	3.50000e+00
1.33120e-04	9.28111e-01	3.50000e+00
1.68960e-04	8.90296e-01	3.50000e+00
1.60000e-05	8.27168e-01	1.50000e+00
3.84000e-05	7.36090e-01	1.50000e+00
6.08000e-05	6.90688e-01	1.50000e+00
8.32000e-05	6.60639e-01	1.50000e+00
1.05600e-04	6.38305e-01	1.50000e+00
2.65500e-05	1.21339e+00	3.50000e+00
6.37200e-05	1.05195e+00	3.50000e+00
1.00890e-04	9.73455e-01	3.50000e+00
1.38060e-04	9.22262e-01	3.50000e+00
1.75230e-04	8.84611e-01	3.50000e+00
2.50000e-05	7.79984e-01	1.50000e+00
6.00000e-05	6.91974e-01	1.50000e+00
9.50000e-05	6.48161e-01	1.50000e+00
1.30000e-04	6.19187e-01	1.50000e+00
1.65000e-04	5.97663e-01	1.50000e+00
2.86500e-05	1.19872e+00	3.50000e+00
6.87600e-05	1.03866e+00	3.50000e+00
1.08870e-04	9.60855e-01	3.50000e+00
1.48980e-04	9.10123e-01	3.50000e+00
1.89090e-04	8.72815e-01	3.50000e+00
4.00000e-05	7.31991e-01	1.50000e+00
9.60000e-05	6.47181e-01	1.50000e+00
1.52000e-04	6.05023e-01	1.50000e+00
2.08000e-04	5.77164e-01	1.50000e+00
2.64000e-04	5.56476e-01	1.50000e+00
4.00000e-05	1.13583e+00	3.50000e+00
9.60000e-05	9.81740e-01	3.50000e+00
1.52000e-04	9.06941e-01	3.50000e+00
2.08000e-04	8.58198e-01	3.50000e+00
2.64000e-04	8.22370e-01	3.50000e+00
6.50000e-05	6.84225e-01	1.50000e+00
1.56000e-04	6.02688e-01	1.50000e+00
2.47000e-04	5.62210e-01	1.50000e+00
3.38000e-04	5.35475e-01	1.50000e+00
4.29000e-04	5.15629e-01	1.50000e+00
4.00000e-05	1.13583e+00	3.50000e+00
9.60000e-05	9.81740e-01	3.50000e+00
1.52000e-04	9.06941e-01	3.50000e+00
2.08000e-04	8.58198e-01	3.50000e+00
2.64000e-04	8.22370e-01	3.50000e+00
1.00000e-04	6.43371e-01	1.50000e+00
2.40000e-04	5.64696e-01	1.50000e+00
3.80000e-04	5.25674e-01	1.50000e+00
5.20000e-04	4.99911e-01	1.50000e+00
6.60000e-04	4.80791e-01	1.50000e+00
6.50000e-05	1.04847e+00	3.50000e+00
1.56000e-04	9.02834e-01	3.50000e+00
2.47000e-04	8.32268e-01	3.50000e+00
3.38000e-04	7.86325e-01	3.50000e+00
4.29000e-04	7.52575e-01	3.50000e+00
1.60000e-04	6.00417e-01	1.50000e+00
3.84000e-04	5.24803e-01	1.50000e+00
6.08000e-04	4.87328e-01	1.50000e+00
8.32000e-04	4.62593e-01	1.50000e+00
1.05600e-03	4.44236e-01	1.50000e+00
1.00000e-04	9.74929e-01	3.50000e+00
2.40000e-04	8.36568e-01	3.50000e+00
3.80000e-04	7.69620e-01	3.50000e+00
5.20000e-04	7.26063e-01	3.50000e+00
6.60000e-04	6.94081e-01	3.50000e+00
2.50000e-04	5.61167e-01	1.50000e+00
6.00000e-04	4.88388e-01	1.50000e+00
9.50000e-04	4.52335e-01	1.50000e+00
1.30000e-03	4.28532e-01	1.50000e+00
1.65000e-03	4.10854e-01	1.50000e+00
1.60000e-04	8.98843e-01	3.50000e+00
3.84000e-04	7.68138e-01	3.50000e+00
6.08000e-04	7.04982e-01	3.50000e+00
8.32000e-04	6.63917e-01	3.50000e+00
1.05600e-03	6.33768e-01	3.50000e+00
4.00000e-04	5.21413e-01	1.50000e+00
9.60000e-04	4.51530e-01	1.50000e+00
1.52000e-03	4.16900e-01	1.50000e+00
2.08000e-03	3.94002e-01	1.50000e+00
2.64000e-03	3.76959e-01	1.50000e+00
2.50000e-04	8.30467e-01	3.50000e+00
6.00000e-04	7.06752e-01	3.50000e+00
9.50000e-04	6.47034e-01	3.50000e+00
1.30000e-03	6.08203e-01	3.50000e+00
1.65000e-03	5.79676e-01	3.50000e+00
5.00000e-04	5.03095e-01	1.50000e+00
1.20000e-03	4.34546e-01	1.50000e+00
1.90000e-03	4.00552e-01	1.50000e+00
2.60000e-03	3.78042e-01	1.50000e+00
3.30000e-03	3.61260e-01	1.50000e+00
4.00000e-04	7.62380e-01	3.50000e+00
9.60000e-04	6.45713e-01	3.50000e+00
1.52000e-03	5.89402e-01	3.50000e+00
2.08000e-03	5.52736e-01	3.50000e+00
2.64000e-03	5.25746e-01	3.50000e+00
1.60000e-03	4.13116e-01	1.50000e+00
3.84000e-03	3.50722e-01	1.50000e+00
6.08000e-03	3.19247e-01	1.50000e+00
8.32000e-03	2.98033e-01	1.50000e+00
1.05600e-02	2.81955e-01	1.50000e+00
6.50000e-04	6.96100e-01	3.50000e+00
1.56000e-03	5.86313e-01	3.50000e+00
2.47000e-03	5.33208e-01	3.50000e+00
3.38000e-03	4.98504e-01	3.50000e+00
4.29000e-03	4.72855e-01	3.50000e+00
6.50000e-04	4.82004e-01	1.50000e+00
1.56000e-03	4.14982e-01	1.50000e+00
2.47000e-03	3.81688e-01	1.50000e+00
3.38000e-03	3.59588e-01	1.50000e+00
4.29000e-03	3.43072e-01	1.50000e+00
1.00000e-03	6.40580e-01	3.50000e+00
2.40000e-03	5.36449e-01	3.50000e+00
3.80000e-03	4.85830e-01	3.50000e+00
5.20000e-03	4.52561e-01	3.50000e+00
6.60000e-03	4.27839e-01	3.50000e+00
1.23500e-05	1.00989e+00	2.00000e+00
2.96400e-05	8.93345e-01	2.00000e+00
4.69300e-05	8.35641e-01	2.00000e+00
6.42200e-05	7.97602e-01	2.00000e+00
8.15100e-05	7.69412e-01	2.00000e+00
4.00000e-03	4.80324e-01	3.50000e+00
9.60000e-03	3.89722e-01	3.50000e+00
1.52000e-02	3.43648e-01	3.50000e+00
2.08000e-02	3.12186e-01	3.50000e+00
2.64000e-02	2.88032e-01	3.50000e+00
1.46500e-05	9.86461e-01	2.00000e+00
3.51600e-05	8.71624e-01	2.00000e+00
5.56700e-05	8.14794e-01	2.00000e+00
7.61800e-05	7.77345e-01	2.00000e+00
9.66900e-05	7.49600e-01	2.00000e+00
2.61000e-05	1.37477e+00	4.50000e+00
6.26400e-05	1.18445e+00	4.50000e+00
9.91800e-05	1.09254e+00	4.50000e+00
1.35720e-04	1.03283e+00	4.50000e+00
1.72260e-04	9.89038e-01	4.50000e+00
1.63500e-05	9.71580e-01	2.00000e+00
3.92400e-05	8.57833e-01	2.00000e+00
6.21300e-05	8.01563e-01	2.00000e+00
8.50200e-05	7.64492e-01	2.00000e+00
1.07910e-04	7.37030e-01	2.00000e+00
2.96000e-05	1.34615e+00	4.50000e+00
7.10400e-05	1.15875e+00	4.50000e+00
1.12480e-04	1.06829e+00	4.50000e+00
1.53920e-04	1.00955e+00	4.50000e+00
1.95360e-04	9.66467e-01	4.50000e+00
2.50000e-05	9.15325e-01	2.00000e+00
6.00000e-05	8.05753e-01	2.00000e+00
9.50000e-05	7.51631e-01	2.00000e+00
1.30000e-04	7.16005e-01	2.00000e+00
1.65000e-04	6.89631e-01	2.00000e+00
3.09000e-05	1.33648e+00	4.50000e+00
7.41600e-05	1.15006e+00	4.50000e+00
1.17420e-04	1.06010e+00	4.50000e+00
1.60680e-04	1.00168e+00	4.50000e+00
2.03940e-04	9.58843e-01	4.50000e+00
2.50000e-05	9.15325e-01	2.00000e+00
6.00000e-05	8.05753e-01	2.00000e+00
9.50000e-05	7.51631e-01	2.00000e+00
1.30000e-04	7.16005e-01	2.00000e+00
1.65000e-04	6.89631e-01	2.00000e+00
3.41500e-05	1.31416e+00	4.50000e+00
8.19600e-05	1.13004e+00	4.50000e+00
1.29770e-04	1.04122e+00	4.50000e+00
1.77580e-04	9.83548e-01	4.50000e+00
2.25390e-04	9.41271e-01	4.50000e+00
4.00000e-05	8.55438e-01	2.00000e+00
9.60000e-05	7.50424e-01	2.00000e+00
1.52000e-04	6.98641e-01	2.00000e+00
2.08000e-04	6.64584e-01	2.00000e+00
2.64000e-04	6.39384e-01	2.00000e+00
3.66000e-05	1.29885e+00	4.50000e+00
8.78400e-05	1.11631e+00	4.50000e+00
1.39080e-04	1.02827e+00	4.50000e+00
1.90320e-04	9.71125e-01	4.50000e+00
2.41560e-04	9.29231e-01	4.50000e+00
6.50000e-05	7.96160e-01	2.00000e+00
1.56000e-04	6.95781e-01	2.00000e+00
2.47000e-04	6.46360e-01	2.00000e+00
3.38000e-04	6.13881e-01	2.00000e+00
4.29000e-04	5.89858e-01	2.00000e+00
4.09000e-05	1.27458e+00	4.50000e+00
9.81600e-05	1.09455e+00	4.50000e+00
1.55420e-04	1.00777e+00	4.50000e+00
2.12680e-04	9.51442e-01	4.50000e+00
2.69940e-04	9.10158e-01	4.50000e+00
1.00000e-04	7.45732e-01	2.00000e+00
2.40000e-04	6.49388e-01	2.00000e+00
3.80000e-04	6.02008e-01	2.00000e+00
5.20000e-04	5.70887e-01	2.00000e+00
6.60000e-04	5.47877e-01	2.00000e+00
4.09000e-05	1.27458e+00	4.50000e+00
9.81600e-05	1.09455e+00	4.50000e+00
1.55420e-04	1.00777e+00	4.50000e+00
2.12680e-04	9.51442e-01	4.50000e+00
2.69940e-04	9.10158e-01	4.50000e+00
1.60000e-04	6.93001e-01	2.00000e+00
3.84000e-04	6.00953e-01	2.00000e+00
6.08000e-04	5.55735e-01	2.00000e+00
8.32000e-04	5.26046e-01	2.00000e+00
1.05600e-03	5.04095e-01	2.00000e+00
6.50000e-05	1.17686e+00	4.50000e+00
1.56000e-04	1.00708e+00	4.50000e+00
2.47000e-04	9.25385e-01	4.50000e+00
3.38000e-04	8.72404e-01	4.50000e+00
4.29000e-04	8.33594e-01	4.50000e+00
2.50000e-04	6.45092e-01	2.00000e+00
6.00000e-04	5.57009e-01	2.00000e+00
9.50000e-04	5.13770e-01	2.00000e+00
1.30000e-03	4.85376e-01	2.00000e+00
1.65000e-03	4.64368e-01	2.00000e+00
6.50000e-05	1.17686e+00	4.50000e+00
1.56000e-04	1.00708e+00	4.50000e+00
2.47000e-04	9.25385e-01	4.50000e+00
3.38000e-04	8.72404e-01	4.50000e+00
4.29000e-04	8.33594e-01	4.50000e+00
5.00000e-04	5.74725e-01	2.00000e+00
1.20000e-03	4.92538e-01	2.00000e+00
1.90000e-03	4.52158e-01	2.00000e+00
2.60000e-03	4.25566e-01	2.00000e+00
3.30000e-03	4.05820e-01	2.00000e+00
1.00000e-04	1.09094e+00	4.50000e+00
2.40000e-04	9.30352e-01	4.50000e+00
3.80000e-04	8.53182e-01	4.50000e+00
5.20000e-04	8.03176e-01	4.50000e+00
6.60000e-04	7.66563e-01	4.50000e+00
1.60000e-03	4.67052e-01	2.00000e+00
3.84000e-03	3.93454e-01	2.00000e+00
6.08000e-03	3.56687e-01	2.00000e+00
8.32000e-03	3.32045e-01	2.00000e+00
1.05600e-02	3.13442e-01	2.00000e+00
1.60000e-04	1.00245e+00	4.50000e+00
3.84000e-04	8.51478e-01	4.50000e+00
6.08000e-04	7.79032e-01	4.50000e+00
8.32000e-04	7.32117e-01	4.50000e+00
1.05600e-03	6.97772e-01	4.50000e+00
6.50000e-04	5.49334e-01	2.00000e+00
1.56000e-03	4.69267e-01	2.00000e+00
2.47000e-03	4.29865e-01	2.00000e+00
3.38000e-03	4.03856e-01	2.00000e+00
4.29000e-03	3.84495e-01	2.00000e+00
2.50000e-04	9.23304e-01	4.50000e+00
6.00000e-04	7.81058e-01	4.50000e+00
9.50000e-04	7.12874e-01	4.50000e+00
1.30000e-03	6.68717e-01	4.50000e+00
1.65000e-03	6.36372e-01	4.50000e+00
1.54500e-05	1.15368e+00	2.70000e+00
3.70800e-05	1.01088e+00	2.70000e+00
5.87100e-05	9.40791e-01	2.70000e+00
8.03400e-05	8.94834e-01	2.70000e+00
1.01970e-04	8.60906e-01	2.70000e+00
4.00000e-04	8.44859e-01	4.50000e+00
9.60000e-04	7.11369e-01	4.50000e+00
1.52000e-03	6.47391e-01	4.50000e+00
2.08000e-03	6.05901e-01	4.50000e+00
2.64000e-03	5.75450e-01	4.50000e+00
1.83000e-05	1.12510e+00	2.70000e+00
4.39200e-05	9.84673e-01	2.70000e+00
6.95400e-05	9.15799e-01	2.70000e+00
9.51600e-05	8.70654e-01	2.70000e+00
1.20780e-04	8.37334e-01	2.70000e+00
6.50000e-04	7.68873e-01	4.50000e+00
1.56000e-03	6.43890e-01	4.50000e+00
2.47000e-03	5.83862e-01	4.50000e+00
3.38000e-03	5.44792e-01	4.50000e+00
4.29000e-03	5.16003e-01	4.50000e+00
2.04500e-05	1.10660e+00	2.70000e+00
4.90800e-05	9.67723e-01	2.70000e+00
7.77100e-05	8.99639e-01	2.70000e+00
1.06340e-04	8.55023e-01	2.70000e+00
1.34970e-04	8.22099e-01	2.70000e+00
1.00000e-03	7.05524e-01	4.50000e+00
2.40000e-03	5.87516e-01	4.50000e+00
3.80000e-03	5.30557e-01	4.50000e+00
5.20000e-03	4.93277e-01	4.50000e+00
6.60000e-03	4.65655e-01	4.50000e+00
2.04500e-05	1.10660e+00	2.70000e+00
4.90800e-05	9.67723e-01	2.70000e+00
7.77100e-05	8.99639e-01	2.70000e+00
1.06340e-04	8.55023e-01	2.70000e+00
1.34970e-04	8.22099e-01	2.70000e+00
1.60000e-03	6.40490e-01	4.50000e+00
3.84000e-03	5.29294e-01	4.50000e+00
6.08000e-03	4.75101e-01	4.50000e+00
8.32000e-03	4.39304e-01	4.50000e+00
1.05600e-02	4.12556e-01	4.50000e+00
2.50000e-05	1.07365e+00	2.70000e+00
6.00000e-05	9.37558e-01	2.70000e+00
9.50000e-05	8.70892e-01	2.70000e+00
1.30000e-04	8.27224e-01	2.70000e+00
1.65000e-04	7.95009e-01	2.70000e+00
2.50000e-05	1.07365e+00	2.70000e+00
6.00000e-05	9.37558e-01	2.70000e+00
9.50000e-05	8.70892e-01	2.70000e+00
1.30000e-04	8.27224e-01	2.70000e+00
1.65000e-04	7.95009e-01	2.70000e+00
3.77000e-05	1.52520e+00	6.50000e+00
9.04800e-05	1.29915e+00	6.50000e+00
1.43260e-04	1.19120e+00	6.50000e+00
1.96040e-04	1.12151e+00	6.50000e+00
2.48820e-04	1.07062e+00	6.50000e+00
6.96000e-05	1.73966e+00	1.20000e+01
1.67040e-04	1.45650e+00	1.20000e+01
2.64480e-04	1.32348e+00	1.20000e+01
3.61920e-04	1.23838e+00	1.20000e+01
4.59360e-04	1.17664e+00	1.20000e+01
4.01500e-05	1.50801e+00	6.50000e+00
9.63600e-05	1.28394e+00	6.50000e+00
1.52570e-04	1.17696e+00	6.50000e+00
2.08780e-04	1.10790e+00	6.50000e+00
2.64990e-04	1.05748e+00	6.50000e+00
8.05000e-05	1.68975e+00	1.20000e+01
1.93200e-04	1.41328e+00	1.20000e+01
3.05900e-04	1.28345e+00	1.20000e+01
4.18600e-04	1.20041e+00	1.20000e+01
5.31300e-04	1.14017e+00	1.20000e+01
4.27500e-05	1.49103e+00	6.50000e+00
1.02600e-04	1.26892e+00	6.50000e+00
1.62450e-04	1.16289e+00	6.50000e+00
2.22300e-04	1.09446e+00	6.50000e+00
2.82150e-04	1.04450e+00	6.50000e+00
8.05000e-05	1.68975e+00	1.20000e+01
1.93200e-04	1.41328e+00	1.20000e+01
3.05900e-04	1.28345e+00	1.20000e+01
4.18600e-04	1.20041e+00	1.20000e+01
5.31300e-04	1.14017e+00	1.20000e+01
4.76000e-05	1.46229e+00	6.50000e+00
1.14240e-04	1.24349e+00	6.50000e+00
1.80880e-04	1.13909e+00	6.50000e+00
2.47520e-04	1.07172e+00	6.50000e+00
3.14160e-04	1.02254e+00	6.50000e+00
9.10000e-05	1.64859e+00	1.20000e+01
2.18400e-04	1.37766e+00	1.20000e+01
3.45800e-04	1.25047e+00	1.20000e+01
4.73200e-04	1.16913e+00	1.20000e+01
6.00600e-04	1.11014e+00	1.20000e+01
4.93000e-05	1.45299e+00	6.50000e+00
1.18320e-04	1.23527e+00	6.50000e+00
1.87340e-04	1.13140e+00	6.50000e+00
2.56360e-04	1.06437e+00	6.50000e+00
3.25380e-04	1.01545e+00	6.50000e+00
1.00000e-04	1.61749e+00	1.20000e+01
2.40000e-04	1.35075e+00	1.20000e+01
3.80000e-04	1.22556e+00	1.20000e+01
5.20000e-04	1.14551e+00	1.20000e+01
6.60000e-04	1.08745e+00	1.20000e+01
4.93000e-05	1.45299e+00	6.50000e+00
1.18320e-04	1.23527e+00	6.50000e+00
1.87340e-04	1.13140e+00	6.50000e+00
2.56360e-04	1.06437e+00	6.50000e+00
3.25380e-04	1.01545e+00	6.50000e+00
1.00000e-04	1.61749e+00	1.20000e+01
2.40000e-04	1.35075e+00	1.20000e+01
3.80000e-04	1.22556e+00	1.20000e+01
5.20000e-04	1.14551e+00	1.20000e+01
6.60000e-04	1.08745e+00	1.20000e+01
6.50000e-05	1.38133e+00	6.50000e+00
1.56000e-04	1.17196e+00	6.50000e+00
2.47000e-04	1.07216e+00	6.50000e+00
3.38000e-04	1.00780e+00	6.50000e+00
4.29000e-04	9.60834e-01	6.50000e+00
1.60000e-04	1.46949e+00	1.20000e+01
3.84000e-04	1.22281e+00	1.20000e+01
6.08000e-04	1.10717e+00	1.20000e+01
8.32000e-04	1.03327e+00	1.20000e+01
1.05600e-03	9.79676e-01	1.20000e+01
6.50000e-05	1.38133e+00	6.50000e+00
1.56000e-04	1.17196e+00	6.50000e+00
2.47000e-04	1.07216e+00	6.50000e+00
3.38000e-04	1.00780e+00	6.50000e+00
4.29000e-04	9.60834e-01	6.50000e+00
1.60000e-04	1.46949e+00	1.20000e+01
3.84000e-04	1.22281e+00	1.20000e+01
6.08000e-04	1.10717e+00	1.20000e+01
8.32000e-04	1.03327e+00	1.20000e+01
1.05600e-03	9.79676e-01	1.20000e+01
1.00000e-04	1.27505e+00	6.50000e+00
2.40000e-04	1.07821e+00	6.50000e+00
3.80000e-04	9.84519e-01	6.50000e+00
5.20000e-04	9.24134e-01	6.50000e+00
6.60000e-04	8.80093e-01	6.50000e+00
2.50000e-04	1.33923e+00	1.20000e+01
6.00000e-04	1.11038e+00	1.20000e+01
9.50000e-04	1.00319e+00	1.20000e+01
1.30000e-03	9.34684e-01	1.20000e+01
1.65000e-03	8.84979e-01	1.20000e+01
1.00000e-04	1.27505e+00	6.50000e+00
2.40000e-04	1.07821e+00	6.50000e+00
3.80000e-04	9.84519e-01	6.50000e+00
5.20000e-04	9.24134e-01	6.50000e+00
6.60000e-04	8.80093e-01	6.50000e+00
4.00000e-04	1.21217e+00	1.20000e+01
9.60000e-04	1.00084e+00	1.20000e+01
1.52000e-03	9.01866e-01	1.20000e+01
2.08000e-03	8.38532e-01	1.20000e+01
2.64000e-03	7.92487e-01	1.20000e+01
1.60000e-04	1.16629e+00	6.50000e+00
3.84000e-04	9.82457e-01	6.50000e+00
6.08000e-04	8.95076e-01	6.50000e+00
8.32000e-04	8.38795e-01	6.50000e+00
1.05600e-03	7.97754e-01	6.50000e+00
6.50000e-04	1.09110e+00	1.20000e+01
1.56000e-03	8.96496e-01	1.20000e+01
2.47000e-03	8.05169e-01	1.20000e+01
3.38000e-03	7.46520e-01	1.20000e+01
4.29000e-03	7.03717e-01	1.20000e+01
2.50000e-04	1.06963e+00	6.50000e+00
6.00000e-04	8.97511e-01	6.50000e+00
9.50000e-04	8.15783e-01	6.50000e+00
1.30000e-03	7.63143e-01	6.50000e+00
1.65000e-03	7.24734e-01	6.50000e+00
1.00000e-03	9.91734e-01	1.20000e+01
2.40000e-03	8.10687e-01	1.20000e+01
3.80000e-03	7.25311e-01	1.20000e+01
5.20000e-03	6.70185e-01	1.20000e+01
6.60000e-03	6.29738e-01	1.20000e+01
4.00000e-04	9.74450e-01	6.50000e+00
9.60000e-04	8.13986e-01	6.50000e+00
1.52000e-03	7.37804e-01	6.50000e+00
2.08000e-03	6.88671e-01	6.50000e+00
2.64000e-03	6.52750e-01	6.50000e+00
1.60000e-03	8.91284e-01	1.20000e+01
3.84000e-03	7.23433e-01	1.20000e+01
6.08000e-03	6.43531e-01	1.20000e+01
8.32000e-03	5.91476e-01	1.20000e+01
1.05600e-02	5.52968e-01	1.20000e+01
6.50000e-04	8.82867e-01	6.50000e+00
1.56000e-03	7.33650e-01	6.50000e+00
2.47000e-03	6.62661e-01	6.50000e+00
3.38000e-03	6.16710e-01	6.50000e+00
4.29000e-03	5.82984e-01	6.50000e+00
2.50000e-03	8.02859e-01	1.20000e+01
6.00000e-03	6.45769e-01	1.20000e+01
9.50000e-03	5.69956e-01	1.20000e+01
1.30000e-02	5.19970e-01	1.20000e+01
1.65000e-02	4.82598e-01	1.20000e+01
1.00000e-03	8.07005e-01	6.50000e+00
2.40000e-03	6.66969e-01	6.50000e+00
3.80000e-03	6.00020e-01	6.50000e+00
5.20000e-03	5.56443e-01	6.50000e+00
6.60000e-03	5.24284e-01	6.50000e+00
1.60000e-03	7.29617e-01	6.50000e+00
3.84000e-03	5.98539e-01	6.50000e+00
6.08000e-03	5.35269e-01	6.50000e+00
8.32000e-03	4.93709e-01	6.50000e+00
1.05600e-02	4.62782e-01	6.50000e+00
8.70000e-05	1.80330e+00	1.50000e+01
2.08800e-04	1.50112e+00	1.50000e+01
3.30600e-04	1.35990e+00	1.50000e+01
4.52400e-04	1.26982e+00	1.50000e+01
5.74200e-04	1.20460e+00	1.50000e+01
2.50000e-03	6.60856e-01	6.50000e+00
6.00000e-03	5.37050e-01	6.50000e+00
9.50000e-03	4.76445e-01	6.50000e+00
1.30000e-02	4.36151e-01	6.50000e+00
1.65000e-02	4.05841e-01	6.50000e+00
1.00000e-04	1.75214e+00	1.50000e+01
2.40000e-04	1.45712e+00	1.50000e+01
3.80000e-04	1.31929e+00	1.50000e+01
5.20000e-04	1.23139e+00	1.50000e+01
6.60000e-04	1.16776e+00	1.50000e+01
1.00000e-04	1.75214e+00	1.50000e+01
2.40000e-04	1.45712e+00	1.50000e+01
3.80000e-04	1.31929e+00	1.50000e+01
5.20000e-04	1.23139e+00	1.50000e+01
6.60000e-04	1.16776e+00	1.50000e+01
1.14000e-04	1.70511e+00	1.50000e+01
2.73600e-04	1.41669e+00	1.50000e+01
4.33200e-04	1.28198e+00	1.50000e+01
5.92800e-04	1.19609e+00	1.50000e+01
7.52400e-04	1.13391e+00	1.50000e+01
4.93000e-05	1.62556e+00	8.50000e+00
1.18320e-04	1.37386e+00	8.50000e+00
1.87340e-04	1.25456e+00	8.50000e+00
2.56360e-04	1.17786e+00	8.50000e+00
3.25380e-04	1.12203e+00	8.50000e+00
1.23000e-04	1.67832e+00	1.50000e+01
2.95200e-04	1.39366e+00	1.50000e+01
4.67400e-04	1.26074e+00	1.50000e+01
6.39600e-04	1.17599e+00	1.50000e+01
8.11800e-04	1.11464e+00	1.50000e+01
5.25000e-05	1.60636e+00	8.50000e+00
1.26000e-04	1.35703e+00	8.50000e+00
1.99500e-04	1.23888e+00	8.50000e+00
2.73000e-04	1.16293e+00	8.50000e+00
3.46500e-04	1.10764e+00	8.50000e+00
1.60000e-04	1.58823e+00	1.50000e+01
3.84000e-04	1.31628e+00	1.50000e+01
6.08000e-04	1.18936e+00	1.50000e+01
8.32000e-04	1.10846e+00	1.50000e+01
1.05600e-03	1.04990e+00	1.50000e+01
5.60000e-05	1.58684e+00	8.50000e+00
1.34400e-04	1.33993e+00	8.50000e+00
2.12800e-04	1.22295e+00	8.50000e+00
2.91200e-04	1.14776e+00	8.50000e+00
3.69600e-04	1.09303e+00	8.50000e+00
1.60000e-04	1.58823e+00	1.50000e+01
3.84000e-04	1.31628e+00	1.50000e+01
6.08000e-04	1.18936e+00	1.50000e+01
8.32000e-04	1.10846e+00	1.50000e+01
1.05600e-03	1.04990e+00	1.50000e+01
6.20000e-05	1.55643e+00	8.50000e+00
1.48800e-04	1.31330e+00	8.50000e+00
2.35600e-04	1.19815e+00	8.50000e+00
3.22400e-04	1.12414e+00	8.50000e+00
4.09200e-04	1.07028e+00	8.50000e+00
2.50000e-04	1.44443e+00	1.50000e+01
6.00000e-04	1.19288e+00	1.50000e+01
9.50000e-04	1.07558e+00	1.50000e+01
1.30000e-03	1.00080e+00	1.50000e+01
1.65000e-03	9.46644e-01	1.50000e+01
6.45000e-05	1.54475e+00	8.50000e+00
1.54800e-04	1.30307e+00	8.50000e+00
2.45100e-04	1.18862e+00	8.50000e+00
3.35400e-04	1.11507e+00	8.50000e+00
4.25700e-04	1.06155e+00	8.50000e+00
4.00000e-04	1.30459e+00	1.50000e+01
9.60000e-04	1.07301e+00	1.50000e+01
1.52000e-03	9.65035e-01	1.50000e+01
2.08000e-03	8.96111e-01	1.50000e+01
2.64000e-03	8.46093e-01	1.50000e+01
6.95000e-05	1.52286e+00	8.50000e+00
1.66800e-04	1.28391e+00	8.50000e+00
2.64100e-04	1.17078e+00	8.50000e+00
3.61400e-04	1.09809e+00	8.50000e+00
4.58700e-04	1.04519e+00	8.50000e+00
6.50000e-04	1.17175e+00	1.50000e+01
1.56000e-03	9.59186e-01	1.50000e+01
2.47000e-03	8.59861e-01	1.50000e+01
3.38000e-03	7.96240e-01	1.50000e+01
4.29000e-03	7.49894e-01	1.50000e+01
6.95000e-05	1.52286e+00	8.50000e+00
1.66800e-04	1.28391e+00	8.50000e+00
2.64100e-04	1.17078e+00	8.50000e+00
3.61400e-04	1.09809e+00	8.50000e+00
4.58700e-04	1.04519e+00	8.50000e+00
1.00000e-03	1.06307e+00	1.50000e+01
2.40000e-03	8.65854e-01	1.50000e+01
3.80000e-03	7.73266e-01	1.50000e+01
5.20000e-03	7.13638e-01	1.50000e+01
6.60000e-03	6.69972e-01	1.50000e+01
1.00000e-04	1.41968e+00	8.50000e+00
2.40000e-04	1.19368e+00	8.50000e+00
3.80000e-04	1.08679e+00	8.50000e+00
5.20000e-04	1.01816e+00	8.50000e+00
6.60000e-04	9.68225e-01	8.50000e+00
1.60000e-03	9.53510e-01	1.50000e+01
3.84000e-03	7.71232e-01	1.50000e+01
6.08000e-03	6.84854e-01	1.50000e+01
8.32000e-03	6.28732e-01	1.50000e+01
1.05600e-02	5.87296e-01	1.50000e+01
1.00000e-04	1.41968e+00	8.50000e+00
2.40000e-04	1.19368e+00	8.50000e+00
3.80000e-04	1.08679e+00	8.50000e+00
5.20000e-04	1.01816e+00	8.50000e+00
6.60000e-04	9.68225e-01	8.50000e+00
2.50000e-03	8.57353e-01	1.50000e+01
6.00000e-03	6.87270e-01	1.50000e+01
9.50000e-03	6.05566e-01	1.50000e+01
1.30000e-02	5.51846e-01	1.50000e+01
1.65000e-02	5.11763e-01	1.50000e+01
1.60000e-04	1.29456e+00	8.50000e+00
3.84000e-04	1.08445e+00	8.50000e+00
6.08000e-04	9.85198e-01	8.50000e+00
8.32000e-04	9.21506e-01	8.50000e+00
1.05600e-03	8.75180e-01	8.50000e+00
4.00000e-03	7.63331e-01	1.50000e+01
9.60000e-03	6.03750e-01	1.50000e+01
1.52000e-02	5.25505e-01	1.50000e+01
2.08000e-02	4.73192e-01	1.50000e+01
2.64000e-02	4.33615e-01	1.50000e+01
2.50000e-04	1.18387e+00	8.50000e+00
6.00000e-04	9.87959e-01	8.50000e+00
9.50000e-04	8.95518e-01	8.50000e+00
1.30000e-03	8.36192e-01	8.50000e+00
1.65000e-03	7.93016e-01	8.50000e+00
4.00000e-04	1.07533e+00	8.50000e+00
9.60000e-04	8.93489e-01	8.50000e+00
1.52000e-03	8.07698e-01	8.50000e+00
2.08000e-03	7.52566e-01	8.50000e+00
2.64000e-03	7.12364e-01	8.50000e+00
1.04500e-04	1.84855e+00	1.80000e+01
2.50800e-04	1.53180e+00	1.80000e+01
3.97100e-04	1.38437e+00	1.80000e+01
5.43400e-04	1.29054e+00	1.80000e+01
6.89700e-04	1.22271e+00	1.80000e+01
6.50000e-04	9.71366e-01	8.50000e+00
1.56000e-03	8.03031e-01	8.50000e+00
2.47000e-03	7.23447e-01	8.50000e+00
3.38000e-03	6.72122e-01	8.50000e+00
4.29000e-03	6.34548e-01	8.50000e+00
1.18500e-04	1.79998e+00	1.80000e+01
2.84400e-04	1.49025e+00	1.80000e+01
4.50300e-04	1.34612e+00	1.80000e+01
6.16200e-04	1.25440e+00	1.80000e+01
7.82100e-04	1.18810e+00	1.80000e+01
1.00000e-03	8.85613e-01	8.50000e+00
2.40000e-03	7.28267e-01	8.50000e+00
3.80000e-03	6.53516e-01	8.50000e+00
5.20000e-03	6.05040e-01	8.50000e+00
6.60000e-03	5.69361e-01	8.50000e+00
1.34000e-04	1.75352e+00	1.80000e+01
3.21600e-04	1.45052e+00	1.80000e+01
5.09200e-04	1.30955e+00	1.80000e+01
6.96800e-04	1.21986e+00	1.80000e+01
8.84400e-04	1.15503e+00	1.80000e+01
1.60000e-03	7.98500e-01	8.50000e+00
3.84000e-03	6.51867e-01	8.50000e+00
6.08000e-03	5.81539e-01	8.50000e+00
8.32000e-03	5.35518e-01	8.50000e+00
1.05600e-02	5.01362e-01	8.50000e+00
1.34000e-04	1.75352e+00	1.80000e+01
3.21600e-04	1.45052e+00	1.80000e+01
5.09200e-04	1.30955e+00	1.80000e+01
6.96800e-04	1.21986e+00	1.80000e+01
8.84400e-04	1.15503e+00	1.80000e+01
2.50000e-03	7.21429e-01	8.50000e+00
6.00000e-03	5.83515e-01	8.50000e+00
9.50000e-03	5.16441e-01	8.50000e+00
1.30000e-02	4.72016e-01	8.50000e+00
1.65000e-02	4.38692e-01	8.50000e+00
1.64000e-04	1.67934e+00	1.80000e+01
3.93600e-04	1.38710e+00	1.80000e+01
6.23200e-04	1.25120e+00	1.80000e+01
8.52800e-04	1.16474e+00	1.80000e+01
1.08240e-03	1.10224e+00	1.80000e+01
1.64000e-04	1.67934e+00	1.80000e+01
3.93600e-04	1.38710e+00	1.80000e+01
6.23200e-04	1.25120e+00	1.80000e+01
8.52800e-04	1.16474e+00	1.80000e+01
1.08240e-03	1.10224e+00	1.80000e+01
6.50000e-05	1.64477e+00	1.00000e+01
1.56000e-04	1.38271e+00	1.00000e+01
2.47000e-04	1.25908e+00	1.00000e+01
3.38000e-04	1.17980e+00	1.00000e+01
4.29000e-04	1.12219e+00	1.00000e+01
2.50000e-04	1.53287e+00	1.80000e+01
6.00000e-04	1.26199e+00	1.80000e+01
9.50000e-04	1.13611e+00	1.80000e+01
1.30000e-03	1.05602e+00	1.80000e+01
1.65000e-03	9.98091e-01	1.80000e+01
1.00000e-04	1.51130e+00	1.00000e+01
2.40000e-04	1.26655e+00	1.00000e+01
3.80000e-04	1.15122e+00	1.00000e+01
5.20000e-04	1.07731e+00	1.00000e+01
6.60000e-04	1.02363e+00	1.00000e+01
2.50000e-04	1.53287e+00	1.80000e+01
6.00000e-04	1.26199e+00	1.80000e+01
9.50000e-04	1.13611e+00	1.80000e+01
1.30000e-03	1.05602e+00	1.80000e+01
1.65000e-03	9.98091e-01	1.80000e+01
1.60000e-04	1.37566e+00	1.00000e+01
3.84000e-04	1.14869e+00	1.00000e+01
6.08000e-04	1.04187e+00	1.00000e+01
8.32000e-04	9.73461e-01	1.00000e+01
1.05600e-03	9.23775e-01	1.00000e+01
4.00000e-04	1.38213e+00	1.80000e+01
9.60000e-04	1.13336e+00	1.80000e+01
1.52000e-03	1.01775e+00	1.80000e+01
2.08000e-03	9.44105e-01	1.80000e+01
2.64000e-03	8.90733e-01	1.80000e+01
2.50000e-04	1.25595e+00	1.00000e+01
6.00000e-04	1.04484e+00	1.00000e+01
9.50000e-04	9.45580e-01	1.00000e+01
1.30000e-03	8.82009e-01	1.00000e+01
1.65000e-03	8.35811e-01	1.00000e+01
6.50000e-04	1.23930e+00	1.80000e+01
1.56000e-03	1.01150e+00	1.80000e+01
2.47000e-03	9.05418e-01	1.80000e+01
3.38000e-03	8.37602e-01	1.80000e+01
4.29000e-03	7.88272e-01	1.80000e+01
4.00000e-04	1.13887e+00	1.00000e+01
9.60000e-04	9.43404e-01	1.00000e+01
1.52000e-03	8.51514e-01	1.00000e+01
2.08000e-03	7.92583e-01	1.00000e+01
2.64000e-03	7.49674e-01	1.00000e+01
1.00000e-03	1.12270e+00	1.80000e+01
2.40000e-03	9.11811e-01	1.80000e+01
3.80000e-03	8.13142e-01	1.80000e+01
5.20000e-03	7.49726e-01	1.80000e+01
6.60000e-03	7.03355e-01	1.80000e+01
6.50000e-04	1.02700e+00	1.00000e+01
1.56000e-03	8.46521e-01	1.00000e+01
2.47000e-03	7.61498e-01	1.00000e+01
3.38000e-03	7.06777e-01	1.00000e+01
4.29000e-03	6.66777e-01	1.00000e+01
1.60000e-03	1.00543e+00	1.80000e+01
3.84000e-03	8.10976e-01	1.80000e+01
6.08000e-03	7.19153e-01	1.80000e+01
8.32000e-03	6.59617e-01	1.80000e+01
1.05600e-02	6.15730e-01	1.80000e+01
1.00000e-03	9.34959e-01	1.00000e+01
2.40000e-03	7.66641e-01	1.00000e+01
3.80000e-03	6.86964e-01	1.00000e+01
5.20000e-03	6.35402e-01	1.00000e+01
6.60000e-03	5.97509e-01	1.00000e+01
2.50000e-03	9.02742e-01	1.80000e+01
6.00000e-03	7.21718e-01	1.80000e+01
9.50000e-03	6.35074e-01	1.80000e+01
1.30000e-02	5.78231e-01	1.80000e+01
1.65000e-02	5.35885e-01	1.80000e+01
2.50000e-03	7.59344e-01	1.00000e+01
6.00000e-03	6.12534e-01	1.00000e+01
9.50000e-03	5.41399e-01	1.00000e+01
1.30000e-02	4.94387e-01	1.00000e+01
1.65000e-02	4.59177e-01	1.00000e+01
4.00000e-03	8.02568e-01	1.80000e+01
9.60000e-03	6.33150e-01	1.80000e+01
1.52000e-02	5.50396e-01	1.80000e+01
2.08000e-02	4.95193e-01	1.80000e+01
2.64000e-02	4.53496e-01	1.80000e+01
1.45000e-04	1.84047e+00	2.20000e+01
3.48000e-04	1.51635e+00	2.20000e+01
5.51000e-04	1.36614e+00	2.20000e+01
7.54000e-04	1.27078e+00	2.20000e+01
9.57000e-04	1.20195e+00	2.20000e+01
1.60000e-04	1.80136e+00	2.20000e+01
3.84000e-04	1.48308e+00	2.20000e+01
6.08000e-04	1.33561e+00	2.20000e+01
8.32000e-04	1.24199e+00	2.20000e+01
1.05600e-03	1.17441e+00	2.20000e+01
1.72500e-04	1.77195e+00	2.20000e+01
4.14000e-04	1.45807e+00	2.20000e+01
6.55500e-04	1.31265e+00	2.20000e+01
8.97000e-04	1.22034e+00	2.20000e+01
1.13850e-03	1.15370e+00	2.20000e+01
1.94000e-04	1.72683e+00	2.20000e+01
4.65600e-04	1.41970e+00	2.20000e+01
7.37200e-04	1.27744e+00	2.20000e+01
1.00880e-03	1.18714e+00	2.20000e+01
1.28040e-03	1.12194e+00	2.20000e+01
2.50000e-04	1.63268e+00	2.20000e+01
6.00000e-04	1.33968e+00	2.20000e+01
9.50000e-04	1.20402e+00	2.20000e+01
1.30000e-03	1.11788e+00	2.20000e+01
1.65000e-03	1.05567e+00	2.20000e+01
2.50000e-04	1.63268e+00	2.20000e+01
6.00000e-04	1.33968e+00	2.20000e+01
9.50000e-04	1.20402e+00	2.20000e+01
1.30000e-03	1.11788e+00	2.20000e+01
1.65000e-03	1.05567e+00	2.20000e+01
2.96000e-04	1.57238e+00	2.20000e+01
7.10400e-04	1.28846e+00	2.20000e+01
1.12480e-03	1.15701e+00	2.20000e+01
1.53920e-03	1.07353e+00	2.20000e+01
1.95360e-03	1.01320e+00	2.20000e+01
4.00000e-04	1.46946e+00	2.20000e+01
9.60000e-04	1.20106e+00	2.20000e+01
1.52000e-03	1.07678e+00	2.20000e+01
2.08000e-03	9.97764e-01	2.20000e+01
2.64000e-03	9.40589e-01	2.20000e+01
6.50000e-04	1.31521e+00	2.20000e+01
1.56000e-03	1.07006e+00	2.20000e+01
2.47000e-03	9.56313e-01	2.20000e+01
3.38000e-03	8.83747e-01	2.20000e+01
4.29000e-03	8.31042e-01	2.20000e+01
1.00000e-03	1.18959e+00	2.20000e+01
2.40000e-03	9.63160e-01	2.20000e+01
3.80000e-03	8.57605e-01	2.20000e+01
5.20000e-03	7.89910e-01	2.20000e+01
6.60000e-03	7.40488e-01	2.20000e+01
1.60000e-03	1.06355e+00	2.20000e+01
3.84000e-03	8.55291e-01	2.20000e+01
6.08000e-03	7.57317e-01	2.20000e+01
8.32000e-03	6.93937e-01	2.20000e+01
1.05600e-02	6.47293e-01	2.20000e+01
2.50000e-03	9.53447e-01	2.20000e+01
6.00000e-03	7.60051e-01	2.20000e+01
9.50000e-03	6.67843e-01	2.20000e+01
1.30000e-02	6.07493e-01	2.20000e+01
1.65000e-02	5.62612e-01	2.20000e+01
4.00000e-03	8.46309e-01	2.20000e+01
9.60000e-03	6.65799e-01	2.20000e+01
1.52000e-02	5.77984e-01	2.20000e+01
2.08000e-02	5.19547e-01	2.20000e+01
2.64000e-02	4.75486e-01	2.20000e+01
