3.10500e-07	7.42857e-02	4.50000e-02
7.45200e-07	6.95633e-02	4.50000e-02
1.17990e-06	6.71293e-02	4.50000e-02
1.61460e-06	6.54845e-02	4.50000e-02
2.04930e-06	6.42431e-02	4.50000e-02
3.31000e-05	2.98346e-01	3.50000e-01
7.94400e-05	2.67522e-01	3.50000e-01
1.25780e-04	2.51975e-01	3.50000e-01
1.72120e-04	2.41622e-01	3.50000e-01
2.18460e-04	2.33896e-01	3.50000e-01
4.48500e-07	1.03419e-01	6.50000e-02
1.07640e-06	9.66044e-02	6.50000e-02
1.70430e-06	9.30944e-02	6.50000e-02
2.33220e-06	9.07240e-02	6.50000e-02
2.96010e-06	8.89357e-02	6.50000e-02
6.50000e-05	2.74447e-01	3.50000e-01
1.56000e-04	2.44845e-01	3.50000e-01
2.47000e-04	2.29966e-01	3.50000e-01
3.38000e-04	2.20080e-01	3.50000e-01
4.29000e-04	2.12714e-01	3.50000e-01
5.10000e-07	1.02408e-01	6.50000e-02
1.22400e-06	9.56184e-02	6.50000e-02
1.93800e-06	9.21209e-02	6.50000e-02
2.65200e-06	8.97587e-02	6.50000e-02
3.36600e-06	8.79765e-02	6.50000e-02
1.10000e-04	2.56464e-01	3.50000e-01
2.64000e-04	2.27850e-01	3.50000e-01
4.18000e-04	2.13510e-01	3.50000e-01
5.72000e-04	2.04001e-01	3.50000e-01
7.26000e-04	1.96928e-01	3.50000e-01
5.85000e-07	1.30805e-01	8.50000e-02
1.40400e-06	1.21905e-01	8.50000e-02
2.22300e-06	1.17324e-01	8.50000e-02
3.04200e-06	1.14233e-01	8.50000e-02
3.86100e-06	1.11902e-01	8.50000e-02
2.50000e-04	2.29581e-01	3.50000e-01
6.00000e-04	2.02573e-01	3.50000e-01
9.50000e-04	1.89111e-01	3.50000e-01
1.30000e-03	1.80215e-01	3.50000e-01
1.65000e-03	1.73613e-01	3.50000e-01
6.70000e-07	1.29410e-01	8.50000e-02
1.60800e-06	1.20546e-01	8.50000e-02
2.54600e-06	1.15984e-01	8.50000e-02
3.48400e-06	1.12904e-01	8.50000e-02
4.42200e-06	1.10582e-01	8.50000e-02
1.25500e-03	1.81202e-01	3.50000e-01
3.01200e-03	1.57579e-01	3.50000e-01
4.76900e-03	1.45954e-01	3.50000e-01
6.52600e-03	1.38332e-01	3.50000e-01
8.28300e-03	1.32708e-01	3.50000e-01
7.80000e-07	1.27854e-01	8.50000e-02
1.87200e-06	1.19030e-01	8.50000e-02
2.96400e-06	1.14488e-01	8.50000e-02
4.05600e-06	1.11422e-01	8.50000e-02
5.14800e-06	1.09110e-01	8.50000e-02
4.41500e-06	4.16554e-01	4.00000e-01
1.05960e-05	3.77599e-01	4.00000e-01
1.67770e-05	3.57849e-01	4.00000e-01
2.29580e-05	3.44648e-01	4.00000e-01
2.91390e-05	3.34769e-01	4.00000e-01
7.55000e-07	1.62957e-01	1.10000e-01
1.81200e-06	1.51463e-01	1.10000e-01
2.86900e-06	1.45555e-01	1.10000e-01
3.92600e-06	1.41570e-01	1.10000e-01
4.98300e-06	1.38567e-01	1.10000e-01
5.50000e-06	4.06615e-01	4.00000e-01
1.32000e-05	3.68094e-01	4.00000e-01
2.09000e-05	3.48577e-01	4.00000e-01
2.86000e-05	3.35538e-01	4.00000e-01
3.63000e-05	3.25783e-01	4.00000e-01
8.65000e-07	1.61150e-01	1.10000e-01
2.07600e-06	1.49706e-01	1.10000e-01
3.28700e-06	1.43822e-01	1.10000e-01
4.49800e-06	1.39854e-01	1.10000e-01
5.70900e-06	1.36863e-01	1.10000e-01
6.65000e-06	3.98114e-01	4.00000e-01
1.59600e-05	3.59971e-01	4.00000e-01
2.52700e-05	3.40656e-01	4.00000e-01
3.45800e-05	3.27758e-01	4.00000e-01
4.38900e-05	3.18111e-01	4.00000e-01
1.01000e-06	1.59101e-01	1.10000e-01
2.42400e-06	1.47712e-01	1.10000e-01
3.83800e-06	1.41857e-01	1.10000e-01
5.25200e-06	1.37908e-01	1.10000e-01
6.66600e-06	1.34931e-01	1.10000e-01
8.50000e-06	3.87244e-01	4.00000e-01
2.04000e-05	3.49593e-01	4.00000e-01
3.23000e-05	3.30543e-01	4.00000e-01
4.42000e-05	3.17828e-01	4.00000e-01
5.61000e-05	3.08323e-01	4.00000e-01
1.21500e-06	1.56671e-01	1.10000e-01
2.91600e-06	1.45348e-01	1.10000e-01
4.61700e-06	1.39526e-01	1.10000e-01
6.31800e-06	1.35599e-01	1.10000e-01
8.01900e-06	1.32639e-01	1.10000e-01
1.10000e-05	3.75973e-01	4.00000e-01
2.64000e-05	3.38843e-01	4.00000e-01
4.18000e-05	3.20074e-01	4.00000e-01
5.72000e-05	3.07555e-01	4.00000e-01
7.26000e-05	2.98201e-01	4.00000e-01
1.03500e-06	2.10282e-01	1.50000e-01
2.48400e-06	1.94684e-01	1.50000e-01
3.93300e-06	1.86679e-01	1.50000e-01
5.38200e-06	1.81287e-01	1.50000e-01
6.83100e-06	1.77227e-01	1.50000e-01
1.84000e-05	3.53939e-01	4.00000e-01
4.41600e-05	3.17865e-01	4.00000e-01
6.99200e-05	2.99667e-01	4.00000e-01
9.56800e-05	2.87546e-01	4.00000e-01
1.21440e-04	2.78499e-01	4.00000e-01
1.18000e-06	2.07917e-01	1.50000e-01
2.83200e-06	1.92387e-01	1.50000e-01
4.48400e-06	1.84418e-01	1.50000e-01
6.13600e-06	1.79050e-01	1.50000e-01
7.78800e-06	1.75008e-01	1.50000e-01
4.41500e-05	3.17874e-01	4.00000e-01
1.05960e-04	2.83656e-01	4.00000e-01
1.67770e-04	2.66467e-01	4.00000e-01
2.29580e-04	2.55048e-01	4.00000e-01
2.91390e-04	2.46543e-01	4.00000e-01
1.38000e-06	2.05106e-01	1.50000e-01
3.31200e-06	1.89658e-01	1.50000e-01
5.24400e-06	1.81731e-01	1.50000e-01
7.17600e-06	1.76392e-01	1.50000e-01
9.10800e-06	1.72371e-01	1.50000e-01
8.80000e-05	2.90756e-01	4.00000e-01
2.11200e-04	2.58061e-01	4.00000e-01
3.34400e-04	2.41701e-01	4.00000e-01
4.57600e-04	2.30861e-01	4.00000e-01
5.80800e-04	2.22802e-01	4.00000e-01
1.65500e-06	2.01862e-01	1.50000e-01
3.97200e-06	1.86509e-01	1.50000e-01
6.28900e-06	1.78631e-01	1.50000e-01
8.60600e-06	1.73324e-01	1.50000e-01
1.09230e-05	1.69329e-01	1.50000e-01
1.47000e-04	2.71355e-01	4.00000e-01
3.52800e-04	2.39831e-01	4.00000e-01
5.58600e-04	2.24109e-01	4.00000e-01
7.64400e-04	2.13712e-01	4.00000e-01
9.70200e-04	2.05995e-01	4.00000e-01
2.07000e-06	1.97894e-01	1.50000e-01
4.96800e-06	1.82658e-01	1.50000e-01
7.86600e-06	1.74839e-01	1.50000e-01
1.07640e-05	1.69574e-01	1.50000e-01
1.36620e-05	1.65610e-01	1.50000e-01
3.15500e-04	2.43741e-01	4.00000e-01
7.57200e-04	2.14022e-01	4.00000e-01
1.19890e-03	1.99279e-01	4.00000e-01
1.64060e-03	1.89564e-01	4.00000e-01
2.08230e-03	1.82370e-01	4.00000e-01
2.51000e-06	1.94501e-01	1.50000e-01
6.02400e-06	1.79364e-01	1.50000e-01
9.53800e-06	1.71597e-01	1.50000e-01
1.30520e-05	1.66367e-01	1.50000e-01
1.65660e-05	1.62430e-01	1.50000e-01
3.66000e-06	5.05295e-01	5.00000e-01
8.78400e-06	4.56585e-01	5.00000e-01
1.39080e-05	4.31961e-01	5.00000e-01
1.90320e-05	4.15533e-01	5.00000e-01
2.41560e-05	4.03256e-01	5.00000e-01
1.57500e-06	2.60856e-01	2.00000e-01
3.78000e-06	2.40303e-01	2.00000e-01
5.98500e-06	2.29780e-01	2.00000e-01
8.19000e-06	2.22702e-01	2.00000e-01
1.03950e-05	2.17379e-01	2.00000e-01
4.30000e-06	4.96154e-01	5.00000e-01
1.03200e-05	4.47875e-01	5.00000e-01
1.63400e-05	4.23482e-01	5.00000e-01
2.23600e-05	4.07214e-01	5.00000e-01
2.83800e-05	3.95059e-01	5.00000e-01
1.84000e-06	2.57156e-01	2.00000e-01
4.41600e-06	2.36722e-01	2.00000e-01
6.99200e-06	2.26260e-01	2.00000e-01
9.56800e-06	2.19224e-01	2.00000e-01
1.21440e-05	2.13933e-01	2.00000e-01
7.90000e-06	4.62362e-01	5.00000e-01
1.89600e-05	4.15730e-01	5.00000e-01
3.00200e-05	3.92222e-01	5.00000e-01
4.10800e-05	3.76567e-01	5.00000e-01
5.21400e-05	3.64884e-01	5.00000e-01
2.20500e-06	2.52878e-01	2.00000e-01
5.29200e-06	2.32580e-01	2.00000e-01
8.37900e-06	2.22190e-01	2.00000e-01
1.14660e-05	2.15204e-01	2.00000e-01
1.45530e-05	2.09950e-01	2.00000e-01
1.06000e-05	4.46436e-01	5.00000e-01
2.54400e-05	4.00612e-01	5.00000e-01
4.02800e-05	3.77539e-01	5.00000e-01
5.51200e-05	3.62187e-01	5.00000e-01
6.99600e-05	3.50735e-01	5.00000e-01
2.76000e-06	2.47610e-01	2.00000e-01
6.62400e-06	2.27482e-01	2.00000e-01
1.04880e-05	2.17181e-01	2.00000e-01
1.43520e-05	2.10255e-01	2.00000e-01
1.82160e-05	2.05049e-01	2.00000e-01
1.38000e-05	4.32373e-01	5.00000e-01
3.31200e-05	3.87283e-01	5.00000e-01
5.24400e-05	3.64605e-01	5.00000e-01
7.17600e-05	3.49527e-01	5.00000e-01
9.10800e-05	3.38286e-01	5.00000e-01
3.34500e-06	2.43133e-01	2.00000e-01
8.02800e-06	2.23150e-01	2.00000e-01
1.27110e-05	2.12926e-01	2.00000e-01
1.73940e-05	2.06053e-01	2.00000e-01
2.20770e-05	2.00887e-01	2.00000e-01
1.99000e-05	4.13223e-01	5.00000e-01
4.77600e-05	3.69162e-01	5.00000e-01
7.56200e-05	3.47040e-01	5.00000e-01
1.03480e-04	3.32347e-01	5.00000e-01
1.31340e-04	3.21404e-01	5.00000e-01
4.24500e-06	2.37629e-01	2.00000e-01
1.01880e-05	2.17826e-01	2.00000e-01
1.61310e-05	2.07697e-01	2.00000e-01
2.20740e-05	2.00890e-01	2.00000e-01
2.80170e-05	1.95774e-01	2.00000e-01
5.00000e-05	3.66924e-01	5.00000e-01
1.20000e-04	3.25526e-01	5.00000e-01
1.90000e-04	3.04843e-01	5.00000e-01
2.60000e-04	2.91150e-01	5.00000e-01
3.30000e-04	2.80976e-01	5.00000e-01
5.50000e-06	2.31701e-01	2.00000e-01
1.32000e-05	2.12094e-01	2.00000e-01
2.09000e-05	2.02070e-01	2.00000e-01
2.86000e-05	1.95335e-01	2.00000e-01
3.63000e-05	1.90275e-01	2.00000e-01
1.25500e-04	3.23477e-01	5.00000e-01
3.01200e-04	2.84849e-01	5.00000e-01
4.76900e-04	2.65663e-01	5.00000e-01
6.52600e-04	2.53007e-01	5.00000e-01
8.28300e-04	2.43629e-01	5.00000e-01
1.99000e-05	2.03130e-01	2.00000e-01
4.77600e-05	1.84516e-01	2.00000e-01
7.56200e-05	1.75027e-01	2.00000e-01
1.03480e-04	1.68666e-01	2.00000e-01
1.31340e-04	1.63896e-01	2.00000e-01
1.84000e-04	3.06264e-01	5.00000e-01
4.41600e-04	2.68821e-01	5.00000e-01
6.99200e-04	2.50273e-01	5.00000e-01
9.56800e-04	2.38059e-01	5.00000e-01
1.21440e-03	2.29019e-01	5.00000e-01
1.25500e-04	1.64801e-01	2.00000e-01
3.01200e-04	1.47739e-01	2.00000e-01
4.76900e-04	1.39110e-01	2.00000e-01
6.52600e-04	1.33355e-01	2.00000e-01
8.28300e-04	1.29057e-01	2.00000e-01
4.00000e-04	2.72915e-01	5.00000e-01
9.60000e-04	2.37930e-01	5.00000e-01
1.52000e-03	2.20703e-01	5.00000e-01
2.08000e-03	2.09399e-01	5.00000e-01
2.64000e-03	2.01055e-01	5.00000e-01
1.97000e-06	3.08937e-01	2.50000e-01
4.72800e-06	2.83461e-01	2.50000e-01
7.48600e-06	2.70446e-01	2.50000e-01
1.02440e-05	2.61706e-01	2.50000e-01
1.30020e-05	2.55140e-01	2.50000e-01
1.60000e-03	2.18829e-01	5.00000e-01
3.84000e-03	1.88378e-01	5.00000e-01
6.08000e-03	1.73559e-01	5.00000e-01
8.32000e-03	1.63905e-01	5.00000e-01
1.05600e-02	1.56816e-01	5.00000e-01
2.30000e-06	3.04365e-01	2.50000e-01
5.52000e-06	2.79047e-01	2.50000e-01
8.74000e-06	2.66116e-01	2.50000e-01
1.19600e-05	2.57433e-01	2.50000e-01
1.51800e-05	2.50911e-01	2.50000e-01
4.76000e-06	5.96205e-01	6.50000e-01
1.14240e-05	5.34824e-01	6.50000e-01
1.80880e-05	5.03970e-01	6.50000e-01
2.47520e-05	4.83460e-01	6.50000e-01
3.14160e-05	4.68171e-01	6.50000e-01
2.76000e-06	2.99019e-01	2.50000e-01
6.62400e-06	2.73887e-01	2.50000e-01
1.04880e-05	2.61055e-01	2.50000e-01
1.43520e-05	2.52439e-01	2.50000e-01
1.82160e-05	2.45969e-01	2.50000e-01
5.60000e-06	5.84556e-01	6.50000e-01
1.34400e-05	5.23804e-01	6.50000e-01
2.12800e-05	4.93287e-01	6.50000e-01
2.91200e-05	4.73009e-01	6.50000e-01
3.69600e-05	4.57899e-01	6.50000e-01
3.45000e-06	2.92528e-01	2.50000e-01
8.28000e-06	2.67625e-01	2.50000e-01
1.31100e-05	2.54913e-01	2.50000e-01
1.79400e-05	2.46381e-01	2.50000e-01
2.27700e-05	2.39975e-01	2.50000e-01
7.90000e-06	5.60273e-01	6.50000e-01
1.89600e-05	5.00863e-01	6.50000e-01
3.00200e-05	4.71065e-01	6.50000e-01
4.10800e-05	4.51286e-01	6.50000e-01
5.21400e-05	4.36558e-01	6.50000e-01
4.18000e-06	2.86992e-01	2.50000e-01
1.00320e-05	2.62285e-01	2.50000e-01
1.58840e-05	2.49678e-01	2.50000e-01
2.17360e-05	2.41218e-01	2.50000e-01
2.75880e-05	2.34868e-01	2.50000e-01
8.20000e-06	5.57674e-01	6.50000e-01
1.96800e-05	4.98410e-01	6.50000e-01
3.11600e-05	4.68691e-01	6.50000e-01
4.26400e-05	4.48966e-01	6.50000e-01
5.41200e-05	4.34279e-01	6.50000e-01
5.30000e-06	2.80203e-01	2.50000e-01
1.27200e-05	2.55741e-01	2.50000e-01
2.01400e-05	2.43264e-01	2.50000e-01
2.75600e-05	2.34895e-01	2.50000e-01
3.49800e-05	2.28614e-01	2.50000e-01
1.99000e-05	4.97680e-01	6.50000e-01
4.77600e-05	4.41947e-01	6.50000e-01
7.56200e-05	4.14125e-01	6.50000e-01
1.03480e-04	3.95711e-01	6.50000e-01
1.31340e-04	3.82030e-01	6.50000e-01
6.90000e-06	2.72737e-01	2.50000e-01
1.65600e-05	2.48547e-01	2.50000e-01
2.62200e-05	2.36217e-01	2.50000e-01
3.58800e-05	2.27949e-01	2.50000e-01
4.55400e-05	2.21746e-01	2.50000e-01
2.99000e-05	4.71321e-01	6.50000e-01
7.17600e-05	4.17246e-01	6.50000e-01
1.13620e-04	3.90314e-01	6.50000e-01
1.55480e-04	3.72515e-01	6.50000e-01
1.97340e-04	3.59306e-01	6.50000e-01
1.15000e-05	2.58512e-01	2.50000e-01
2.76000e-05	2.34857e-01	2.50000e-01
4.37000e-05	2.22814e-01	2.50000e-01
5.98000e-05	2.14747e-01	2.50000e-01
7.59000e-05	2.08699e-01	2.50000e-01
5.00000e-05	4.39127e-01	6.50000e-01
1.20000e-04	3.87179e-01	6.50000e-01
1.90000e-04	3.61387e-01	6.50000e-01
2.60000e-04	3.44375e-01	6.50000e-01
3.30000e-04	3.31769e-01	6.50000e-01
1.99000e-05	2.43587e-01	2.50000e-01
4.77600e-05	2.20516e-01	2.50000e-01
7.56200e-05	2.08792e-01	2.50000e-01
1.03480e-04	2.00947e-01	2.50000e-01
1.31340e-04	1.95071e-01	2.50000e-01
1.25500e-04	3.84619e-01	6.50000e-01
3.01200e-04	3.36564e-01	6.50000e-01
4.76900e-04	3.12854e-01	6.50000e-01
6.52600e-04	2.97276e-01	6.50000e-01
8.28300e-04	2.85765e-01	6.50000e-01
5.50000e-05	2.16886e-01	2.50000e-01
1.32000e-04	1.94949e-01	2.50000e-01
2.09000e-04	1.83846e-01	2.50000e-01
2.86000e-04	1.76437e-01	2.50000e-01
3.63000e-04	1.70901e-01	2.50000e-01
2.39000e-04	3.48895e-01	6.50000e-01
5.73600e-04	3.03625e-01	6.50000e-01
9.08200e-04	2.81396e-01	6.50000e-01
1.24280e-03	2.66834e-01	6.50000e-01
1.57740e-03	2.56098e-01	6.50000e-01
1.25500e-04	1.96186e-01	2.50000e-01
3.01200e-04	1.75228e-01	2.50000e-01
4.76900e-04	1.64666e-01	2.50000e-01
6.52600e-04	1.57638e-01	2.50000e-01
8.28300e-04	1.52398e-01	2.50000e-01
4.00000e-04	3.21803e-01	6.50000e-01
9.60000e-04	2.78785e-01	6.50000e-01
1.52000e-03	2.57748e-01	6.50000e-01
2.08000e-03	2.44003e-01	6.50000e-01
2.64000e-03	2.33886e-01	6.50000e-01
1.97000e-04	1.85258e-01	2.50000e-01
4.72800e-04	1.64862e-01	2.50000e-01
7.48600e-04	1.54611e-01	2.50000e-01
1.02440e-03	1.47802e-01	2.50000e-01
1.30020e-03	1.42731e-01	2.50000e-01
1.60000e-03	2.55467e-01	6.50000e-01
3.84000e-03	2.18566e-01	6.50000e-01
6.08000e-03	2.00736e-01	6.50000e-01
8.32000e-03	1.89169e-01	6.50000e-01
1.05600e-02	1.80700e-01	6.50000e-01
7.90000e-04	1.53431e-01	2.50000e-01
1.89600e-03	1.34896e-01	2.50000e-01
3.00200e-03	1.25673e-01	2.50000e-01
4.10800e-03	1.19584e-01	2.50000e-01
5.21400e-03	1.15071e-01	2.50000e-01
6.20000e-06	6.98646e-01	8.50000e-01
1.48800e-05	6.21650e-01	8.50000e-01
2.35600e-05	5.83208e-01	8.50000e-01
3.22400e-05	5.57762e-01	8.50000e-01
4.09200e-05	5.38853e-01	8.50000e-01
2.56000e-06	3.96997e-01	3.50000e-01
6.14400e-06	3.61867e-01	3.50000e-01
9.72800e-06	3.43998e-01	3.50000e-01
1.33120e-05	3.32029e-01	3.50000e-01
1.68960e-05	3.23058e-01	3.50000e-01
6.90000e-06	6.88977e-01	8.50000e-01
1.65600e-05	6.12579e-01	8.50000e-01
2.62200e-05	5.74457e-01	8.50000e-01
3.58800e-05	5.49231e-01	8.50000e-01
4.55400e-05	5.30491e-01	8.50000e-01
2.56000e-06	3.96997e-01	3.50000e-01
6.14400e-06	3.61867e-01	3.50000e-01
9.72800e-06	3.43998e-01	3.50000e-01
1.33120e-05	3.32029e-01	3.50000e-01
1.68960e-05	3.23058e-01	3.50000e-01
1.00000e-05	6.55997e-01	8.50000e-01
2.40000e-05	5.81689e-01	8.50000e-01
3.80000e-05	5.44685e-01	8.50000e-01
5.20000e-05	5.20228e-01	8.50000e-01
6.60000e-05	5.02077e-01	8.50000e-01
3.05000e-06	3.89856e-01	3.50000e-01
7.32000e-06	3.55010e-01	3.50000e-01
1.15900e-05	3.37292e-01	3.50000e-01
1.58600e-05	3.25428e-01	3.50000e-01
2.01300e-05	3.16537e-01	3.50000e-01
1.00000e-05	6.55997e-01	8.50000e-01
2.40000e-05	5.81689e-01	8.50000e-01
3.80000e-05	5.44685e-01	8.50000e-01
5.20000e-05	5.20228e-01	8.50000e-01
6.60000e-05	5.02077e-01	8.50000e-01
3.31000e-06	3.86540e-01	3.50000e-01
7.94400e-06	3.51827e-01	3.50000e-01
1.25780e-05	3.34180e-01	3.50000e-01
1.72120e-05	3.22365e-01	3.50000e-01
2.18460e-05	3.13511e-01	3.50000e-01
1.99000e-05	5.97172e-01	8.50000e-01
4.77600e-05	5.26795e-01	8.50000e-01
7.56200e-05	4.91888e-01	8.50000e-01
1.03480e-04	4.68875e-01	8.50000e-01
1.31340e-04	4.51826e-01	8.50000e-01
4.14000e-06	3.77533e-01	3.50000e-01
9.93600e-06	3.43184e-01	3.50000e-01
1.57320e-05	3.25732e-01	3.50000e-01
2.15280e-05	3.14053e-01	3.50000e-01
2.73240e-05	3.05303e-01	3.50000e-01
2.50000e-05	5.78346e-01	8.50000e-01
6.00000e-05	5.09287e-01	8.50000e-01
9.50000e-05	4.75082e-01	8.50000e-01
1.30000e-04	4.52552e-01	8.50000e-01
1.65000e-04	4.35872e-01	8.50000e-01
5.00000e-06	3.70007e-01	3.50000e-01
1.20000e-05	3.35968e-01	3.50000e-01
1.90000e-05	3.18681e-01	3.50000e-01
2.60000e-05	3.07116e-01	3.50000e-01
3.30000e-05	2.98455e-01	3.50000e-01
5.00000e-05	5.23250e-01	8.50000e-01
1.20000e-04	4.58238e-01	8.50000e-01
1.90000e-04	4.26184e-01	8.50000e-01
2.60000e-04	4.05129e-01	8.50000e-01
3.30000e-04	3.89574e-01	8.50000e-01
6.35000e-06	3.60571e-01	3.50000e-01
1.52400e-05	3.26926e-01	3.50000e-01
2.41300e-05	3.09851e-01	3.50000e-01
3.30200e-05	2.98433e-01	3.50000e-01
4.19100e-05	2.89884e-01	3.50000e-01
1.25500e-04	4.55049e-01	8.50000e-01
3.01200e-04	3.95486e-01	8.50000e-01
4.76900e-04	3.66313e-01	8.50000e-01
6.52600e-04	3.47229e-01	8.50000e-01
8.28300e-04	3.33171e-01	8.50000e-01
8.25000e-06	3.50360e-01	3.50000e-01
1.98000e-05	3.17150e-01	3.50000e-01
3.13500e-05	3.00309e-01	3.50000e-01
4.29000e-05	2.89053e-01	3.50000e-01
5.44500e-05	2.80630e-01	3.50000e-01
4.00000e-04	3.77306e-01	8.50000e-01
9.60000e-04	3.24665e-01	8.50000e-01
1.52000e-03	2.99119e-01	8.50000e-01
2.08000e-03	2.82500e-01	8.50000e-01
2.64000e-03	2.70308e-01	8.50000e-01
1.60000e-05	3.25099e-01	3.50000e-01
3.84000e-05	2.93007e-01	3.50000e-01
6.08000e-05	2.76771e-01	3.50000e-01
8.32000e-05	2.65937e-01	3.50000e-01
1.05600e-04	2.57839e-01	3.50000e-01
1.60000e-03	2.96356e-01	8.50000e-01
3.84000e-03	2.51909e-01	8.50000e-01
6.08000e-03	2.30597e-01	8.50000e-01
8.32000e-03	2.16831e-01	8.50000e-01
1.05600e-02	2.06784e-01	8.50000e-01
8.80000e-06	8.40648e-01	1.20000e+00
2.11200e-05	7.39516e-01	1.20000e+00
3.34400e-05	6.89540e-01	1.20000e+00
4.57600e-05	6.56665e-01	1.20000e+00
5.80800e-05	6.32350e-01	1.20000e+00
4.00000e-05	1.05827e+00	2.70000e+00
9.60000e-05	8.99669e-01	2.70000e+00
1.52000e-04	8.23950e-01	2.70000e+00
2.08000e-04	7.75144e-01	2.70000e+00
2.64000e-04	7.39571e-01	2.70000e+00
1.00000e-05	8.25399e-01	1.20000e+00
2.40000e-05	7.25398e-01	1.20000e+00
3.80000e-05	6.76020e-01	1.20000e+00
5.20000e-05	6.43555e-01	1.20000e+00
6.60000e-05	6.19552e-01	1.20000e+00
4.00000e-05	1.05827e+00	2.70000e+00
9.60000e-05	8.99669e-01	2.70000e+00
1.52000e-04	8.23950e-01	2.70000e+00
2.08000e-04	7.75144e-01	2.70000e+00
2.64000e-04	7.39571e-01	2.70000e+00
1.00000e-05	8.25399e-01	1.20000e+00
2.40000e-05	7.25398e-01	1.20000e+00
3.80000e-05	6.76020e-01	1.20000e+00
5.20000e-05	6.43555e-01	1.20000e+00
6.60000e-05	6.19552e-01	1.20000e+00
6.50000e-05	9.67953e-01	2.70000e+00
1.56000e-04	8.19820e-01	2.70000e+00
2.47000e-04	7.49371e-01	2.70000e+00
3.38000e-04	7.04063e-01	2.70000e+00
4.29000e-04	6.71091e-01	2.70000e+00
1.60000e-05	7.70749e-01	1.20000e+00
3.84000e-05	6.74920e-01	1.20000e+00
6.08000e-05	6.27749e-01	1.20000e+00
8.32000e-05	5.96792e-01	1.20000e+00
1.05600e-04	5.73935e-01	1.20000e+00
1.00000e-04	8.92736e-01	2.70000e+00
2.40000e-04	7.53636e-01	2.70000e+00
3.80000e-04	6.87709e-01	2.70000e+00
5.20000e-04	6.45391e-01	2.70000e+00
6.60000e-04	6.14639e-01	2.70000e+00
1.60000e-05	7.70749e-01	1.20000e+00
3.84000e-05	6.74920e-01	1.20000e+00
6.08000e-05	6.27749e-01	1.20000e+00
8.32000e-05	5.96792e-01	1.20000e+00
1.05600e-04	5.73935e-01	1.20000e+00
1.60000e-04	8.15810e-01	2.70000e+00
3.84000e-04	6.86261e-01	2.70000e+00
6.08000e-04	6.25088e-01	2.70000e+00
8.32000e-04	5.85906e-01	2.70000e+00
1.05600e-03	5.57474e-01	2.70000e+00
3.15500e-05	6.95748e-01	1.20000e+00
7.57200e-05	6.05984e-01	1.20000e+00
1.19890e-04	5.62004e-01	1.20000e+00
1.64060e-04	5.33224e-01	1.20000e+00
2.08230e-04	5.12018e-01	1.20000e+00
2.50000e-04	7.47586e-01	2.70000e+00
6.00000e-04	6.26788e-01	2.70000e+00
9.50000e-04	5.69947e-01	2.70000e+00
1.30000e-03	5.33611e-01	2.70000e+00
1.65000e-03	5.07280e-01	2.70000e+00
4.00000e-05	6.70643e-01	1.20000e+00
9.60000e-05	5.83003e-01	1.20000e+00
1.52000e-04	5.40137e-01	1.20000e+00
2.08000e-04	5.12115e-01	1.20000e+00
2.64000e-04	4.91483e-01	1.20000e+00
4.00000e-04	6.80642e-01	2.70000e+00
9.60000e-04	5.68702e-01	2.70000e+00
1.52000e-03	5.16220e-01	2.70000e+00
2.08000e-03	4.82739e-01	2.70000e+00
2.64000e-03	4.58513e-01	2.70000e+00
6.50000e-05	6.21072e-01	1.20000e+00
1.56000e-04	5.37778e-01	1.20000e+00
2.47000e-04	4.97185e-01	1.20000e+00
3.38000e-04	4.70705e-01	1.20000e+00
4.29000e-04	4.51240e-01	1.20000e+00
6.50000e-04	6.16572e-01	2.70000e+00
1.56000e-03	5.13377e-01	2.70000e+00
2.47000e-03	4.65173e-01	2.70000e+00
3.38000e-03	4.34485e-01	2.70000e+00
4.29000e-03	4.12312e-01	2.70000e+00
7.90000e-05	6.01835e-01	1.20000e+00
1.89600e-04	5.20285e-01	1.20000e+00
3.00200e-04	4.80601e-01	1.20000e+00
4.10800e-04	4.54737e-01	1.20000e+00
5.21400e-04	4.35737e-01	1.20000e+00
1.00000e-03	5.63871e-01	2.70000e+00
2.40000e-03	4.68074e-01	2.70000e+00
3.80000e-03	4.23470e-01	2.70000e+00
5.20000e-03	3.95125e-01	2.70000e+00
6.60000e-03	3.74671e-01	2.70000e+00
1.99000e-04	5.16006e-01	1.20000e+00
4.77600e-04	4.42664e-01	1.20000e+00
7.56200e-04	4.07233e-01	1.20000e+00
1.03480e-03	3.84241e-01	1.20000e+00
1.31340e-03	3.67404e-01	1.20000e+00
2.50000e-03	4.63959e-01	2.70000e+00
6.00000e-03	3.82737e-01	2.70000e+00
9.50000e-03	3.45170e-01	2.70000e+00
1.30000e-02	3.21386e-01	2.70000e+00
1.65000e-02	3.04267e-01	2.70000e+00
6.50000e-04	4.18670e-01	1.20000e+00
1.56000e-03	3.55591e-01	1.20000e+00
2.47000e-03	3.25417e-01	1.20000e+00
3.38000e-03	3.05950e-01	1.20000e+00
4.29000e-03	2.91752e-01	1.20000e+00
2.50000e-03	3.24651e-01	1.20000e+00
6.00000e-03	2.72636e-01	1.20000e+00
9.50000e-03	2.48041e-01	1.20000e+00
1.30000e-02	2.32279e-01	1.20000e+00
1.65000e-02	2.20839e-01	1.20000e+00
2.03000e-05	1.37029e+00	3.50000e+00
4.87200e-05	1.16284e+00	3.50000e+00
7.71400e-05	1.06402e+00	3.50000e+00
1.05560e-04	1.00041e+00	3.50000e+00
1.33980e-04	9.54096e-01	3.50000e+00
9.25000e-06	9.62598e-01	1.50000e+00
2.22000e-05	8.41379e-01	1.50000e+00
3.51500e-05	7.81848e-01	1.50000e+00
4.81000e-05	7.42835e-01	1.50000e+00
6.10500e-05	7.14058e-01	1.50000e+00
2.16000e-05	1.35474e+00	3.50000e+00
5.18400e-05	1.14909e+00	3.50000e+00
8.20800e-05	1.05119e+00	3.50000e+00
1.12320e-04	9.88187e-01	3.50000e+00
1.42560e-04	9.42320e-01	3.50000e+00
1.10000e-05	9.37795e-01	1.50000e+00
2.64000e-05	8.18601e-01	1.50000e+00
4.18000e-05	7.60134e-01	1.50000e+00
5.72000e-05	7.21845e-01	1.50000e+00
7.26000e-05	6.93617e-01	1.50000e+00
2.30000e-05	1.33913e+00	3.50000e+00
5.52000e-05	1.13531e+00	3.50000e+00
8.74000e-05	1.03833e+00	3.50000e+00
1.19600e-04	9.75938e-01	3.50000e+00
1.51800e-04	9.30523e-01	3.50000e+00
1.60000e-05	8.85528e-01	1.50000e+00
3.84000e-05	7.70716e-01	1.50000e+00
6.08000e-05	7.14546e-01	1.50000e+00
8.32000e-05	6.77820e-01	1.50000e+00
1.05600e-04	6.50776e-01	1.50000e+00
2.56000e-05	1.31282e+00	3.50000e+00
6.14400e-05	1.11211e+00	3.50000e+00
9.72800e-05	1.01668e+00	3.50000e+00
1.33120e-04	9.55325e-01	3.50000e+00
1.68960e-04	9.10677e-01	3.50000e+00
1.60000e-05	8.85528e-01	1.50000e+00
3.84000e-05	7.70716e-01	1.50000e+00
6.08000e-05	7.14546e-01	1.50000e+00
8.32000e-05	6.77820e-01	1.50000e+00
1.05600e-04	6.50776e-01	1.50000e+00
2.65500e-05	1.30396e+00	3.50000e+00
6.37200e-05	1.10430e+00	3.50000e+00
1.00890e-04	1.00940e+00	3.50000e+00
1.38060e-04	9.48391e-01	3.50000e+00
1.75230e-04	9.04003e-01	3.50000e+00
2.50000e-05	8.25720e-01	1.50000e+00
6.00000e-05	7.16126e-01	1.50000e+00
9.50000e-05	6.62683e-01	1.50000e+00
1.30000e-04	6.27807e-01	1.50000e+00
1.65000e-04	6.02161e-01	1.50000e+00
2.86500e-05	1.28559e+00	3.50000e+00
6.87600e-05	1.08812e+00	3.50000e+00
1.08870e-04	9.94318e-01	3.50000e+00
1.48980e-04	9.34033e-01	3.50000e+00
1.89090e-04	8.90185e-01	3.50000e+00
4.00000e-05	7.65612e-01	1.50000e+00
9.60000e-05	6.61498e-01	1.50000e+00
1.52000e-04	6.10905e-01	1.50000e+00
2.08000e-04	5.77957e-01	1.50000e+00
2.64000e-04	5.53766e-01	1.50000e+00
4.00000e-05	1.20734e+00	3.50000e+00
9.60000e-05	1.01934e+00	3.50000e+00
1.52000e-04	9.30277e-01	3.50000e+00
2.08000e-04	8.73122e-01	3.50000e+00
2.64000e-04	8.31594e-01	3.50000e+00
6.50000e-05	7.06616e-01	1.50000e+00
1.56000e-04	6.08127e-01	1.50000e+00
2.47000e-04	5.60446e-01	1.50000e+00
3.38000e-04	5.29464e-01	1.50000e+00
4.29000e-04	5.06752e-01	1.50000e+00
4.00000e-05	1.20734e+00	3.50000e+00
9.60000e-05	1.01934e+00	3.50000e+00
1.52000e-04	9.30277e-01	3.50000e+00
2.08000e-04	8.73122e-01	3.50000e+00
2.64000e-04	8.31594e-01	3.50000e+00
1.00000e-04	6.56891e-01	1.50000e+00
2.40000e-04	5.63349e-01	1.50000e+00
3.80000e-04	5.18216e-01	1.50000e+00
5.20000e-04	4.88948e-01	1.50000e+00
6.60000e-04	4.67523e-01	1.50000e+00
6.50000e-05	1.10005e+00	3.50000e+00
1.56000e-04	9.25434e-01	3.50000e+00
2.47000e-04	8.43024e-01	3.50000e+00
3.38000e-04	7.90255e-01	3.50000e+00
4.29000e-04	7.51972e-01	3.50000e+00
1.60000e-04	6.05429e-01	1.50000e+00
3.84000e-04	5.17219e-01	1.50000e+00
6.08000e-04	4.74818e-01	1.50000e+00
8.32000e-04	4.47383e-01	1.50000e+00
1.05600e-03	4.27332e-01	1.50000e+00
1.00000e-04	1.01117e+00	3.50000e+00
2.40000e-04	8.48000e-01	3.50000e+00
3.80000e-04	7.71253e-01	3.50000e+00
5.20000e-04	7.22202e-01	3.50000e+00
6.60000e-04	6.86663e-01	3.50000e+00
2.50000e-04	5.59231e-01	1.50000e+00
6.00000e-04	4.76004e-01	1.50000e+00
9.50000e-04	4.36144e-01	1.50000e+00
1.30000e-03	4.10407e-01	1.50000e+00
1.65000e-03	3.91626e-01	1.50000e+00
1.60000e-04	9.20732e-01	3.50000e+00
3.84000e-04	7.69573e-01	3.50000e+00
6.08000e-04	6.98729e-01	3.50000e+00
8.32000e-04	6.53543e-01	3.50000e+00
1.05600e-03	6.20850e-01	3.50000e+00
4.00000e-04	5.13345e-01	1.50000e+00
9.60000e-04	4.35266e-01	1.50000e+00
1.52000e-03	3.98015e-01	1.50000e+00
2.08000e-03	3.74018e-01	1.50000e+00
2.64000e-03	3.56535e-01	1.50000e+00
2.50000e-04	8.40942e-01	3.50000e+00
6.00000e-04	7.00693e-01	3.50000e+00
9.50000e-04	6.35182e-01	3.50000e+00
1.30000e-03	5.93476e-01	3.50000e+00
1.65000e-03	5.63341e-01	3.50000e+00
5.00000e-04	4.92540e-01	1.50000e+00
1.20000e-03	4.16863e-01	1.50000e+00
1.90000e-03	3.80826e-01	1.50000e+00
2.60000e-03	3.57635e-01	1.50000e+00
3.30000e-03	3.40752e-01	1.50000e+00
4.00000e-04	7.63050e-01	3.50000e+00
9.60000e-04	6.33751e-01	3.50000e+00
1.52000e-03	5.73564e-01	3.50000e+00
2.08000e-03	5.35320e-01	3.50000e+00
2.64000e-03	5.07724e-01	3.50000e+00
1.60000e-03	3.94013e-01	1.50000e+00
3.84000e-03	3.30348e-01	1.50000e+00
6.08000e-03	3.00325e-01	1.50000e+00
8.32000e-03	2.81111e-01	1.50000e+00
1.05600e-02	2.67179e-01	1.50000e+00
6.50000e-04	6.88895e-01	3.50000e+00
1.56000e-03	5.70311e-01	3.50000e+00
2.47000e-03	5.15303e-01	3.50000e+00
3.38000e-03	4.80417e-01	3.50000e+00
4.29000e-03	4.55278e-01	3.50000e+00
6.50000e-04	4.68874e-01	1.50000e+00
1.56000e-03	3.95985e-01	1.50000e+00
2.47000e-03	3.61351e-01	1.50000e+00
3.38000e-03	3.39091e-01	1.50000e+00
4.29000e-03	3.22900e-01	1.50000e+00
1.00000e-03	6.28199e-01	3.50000e+00
2.40000e-03	5.18606e-01	3.50000e+00
3.80000e-03	4.67921e-01	3.50000e+00
5.20000e-03	4.35831e-01	3.50000e+00
6.60000e-03	4.12734e-01	3.50000e+00
1.23500e-05	1.09618e+00	2.00000e+00
2.96400e-05	9.48376e-01	2.00000e+00
4.69300e-05	8.76522e-01	2.00000e+00
6.42200e-05	8.29716e-01	2.00000e+00
8.15100e-05	7.95343e-01	2.00000e+00
4.00000e-03	4.62538e-01	3.50000e+00
9.60000e-03	3.78589e-01	3.50000e+00
1.52000e-02	3.40116e-01	3.50000e+00
2.08000e-02	3.15881e-01	3.50000e+00
2.64000e-02	2.98498e-01	3.50000e+00
1.46500e-05	1.06622e+00	2.00000e+00
3.51600e-05	9.21214e-01	2.00000e+00
5.56700e-05	8.50813e-01	2.00000e+00
7.61800e-05	8.04988e-01	2.00000e+00
9.66900e-05	7.71353e-01	2.00000e+00
2.61000e-05	1.48162e+00	4.50000e+00
6.26400e-05	1.24676e+00	4.50000e+00
9.91800e-05	1.13592e+00	4.50000e+00
1.35720e-04	1.06496e+00	4.50000e+00
1.72260e-04	1.01348e+00	4.50000e+00
1.63500e-05	1.04725e+00	2.00000e+00
3.92400e-05	9.04040e-01	2.00000e+00
6.21300e-05	8.34569e-01	2.00000e+00
8.50200e-05	7.89372e-01	2.00000e+00
1.07910e-04	7.56210e-01	2.00000e+00
2.96000e-05	1.44588e+00	4.50000e+00
7.10400e-05	1.21558e+00	4.50000e+00
1.12480e-04	1.10701e+00	4.50000e+00
1.53920e-04	1.03753e+00	4.50000e+00
1.95360e-04	9.87140e-01	4.50000e+00
2.50000e-05	9.75994e-01	2.00000e+00
6.00000e-05	8.39706e-01	2.00000e+00
9.50000e-05	7.73806e-01	2.00000e+00
1.30000e-04	7.31014e-01	2.00000e+00
1.65000e-04	6.99660e-01	2.00000e+00
3.09000e-05	1.43383e+00	4.50000e+00
7.41600e-05	1.20507e+00	4.50000e+00
1.17420e-04	1.09727e+00	4.50000e+00
1.60680e-04	1.02829e+00	4.50000e+00
2.03940e-04	9.78275e-01	4.50000e+00
2.50000e-05	9.75994e-01	2.00000e+00
6.00000e-05	8.39706e-01	2.00000e+00
9.50000e-05	7.73806e-01	2.00000e+00
1.30000e-04	7.31014e-01	2.00000e+00
1.65000e-04	6.99660e-01	2.00000e+00
3.41500e-05	1.40609e+00	4.50000e+00
8.19600e-05	1.18091e+00	4.50000e+00
1.29770e-04	1.07487e+00	4.50000e+00
1.77580e-04	1.00706e+00	4.50000e+00
2.25390e-04	9.57903e-01	4.50000e+00
4.00000e-05	9.01062e-01	2.00000e+00
9.60000e-05	7.72349e-01	2.00000e+00
1.52000e-04	7.10339e-01	2.00000e+00
2.08000e-04	6.70160e-01	2.00000e+00
2.64000e-04	6.40765e-01	2.00000e+00
3.66000e-05	1.38712e+00	4.50000e+00
8.78400e-05	1.16441e+00	4.50000e+00
1.39080e-04	1.05958e+00	4.50000e+00
1.90320e-04	9.92564e-01	4.50000e+00
2.41560e-04	9.43996e-01	4.50000e+00
6.50000e-05	8.27951e-01	2.00000e+00
1.56000e-04	7.06946e-01	2.00000e+00
2.47000e-04	6.48873e-01	2.00000e+00
3.38000e-04	6.11329e-01	2.00000e+00
4.29000e-04	5.83906e-01	2.00000e+00
4.09000e-05	1.35713e+00	4.50000e+00
9.81600e-05	1.13833e+00	4.50000e+00
1.55420e-04	1.03544e+00	4.50000e+00
2.12680e-04	9.69684e-01	4.50000e+00
2.69940e-04	9.22051e-01	4.50000e+00
1.00000e-04	7.66687e-01	2.00000e+00
2.40000e-04	6.52399e-01	2.00000e+00
3.80000e-04	5.97737e-01	2.00000e+00
5.20000e-04	5.62469e-01	2.00000e+00
6.60000e-04	5.36745e-01	2.00000e+00
4.09000e-05	1.35713e+00	4.50000e+00
9.81600e-05	1.13833e+00	4.50000e+00
1.55420e-04	1.03544e+00	4.50000e+00
2.12680e-04	9.69684e-01	4.50000e+00
2.69940e-04	9.22051e-01	4.50000e+00
1.60000e-04	7.03650e-01	2.00000e+00
3.84000e-04	5.96533e-01	2.00000e+00
6.08000e-04	5.45495e-01	2.00000e+00
8.32000e-04	5.12636e-01	2.00000e+00
1.05600e-03	4.88707e-01	2.00000e+00
6.50000e-05	1.23753e+00	4.50000e+00
1.56000e-04	1.03463e+00	4.50000e+00
2.47000e-04	9.39562e-01	4.50000e+00
3.38000e-04	8.78929e-01	4.50000e+00
4.29000e-04	8.35065e-01	4.50000e+00
2.50000e-04	6.47397e-01	2.00000e+00
6.00000e-04	5.46918e-01	2.00000e+00
9.50000e-04	4.99214e-01	2.00000e+00
1.30000e-03	4.68566e-01	2.00000e+00
1.65000e-03	4.46279e-01	2.00000e+00
6.50000e-05	1.23753e+00	4.50000e+00
1.56000e-04	1.03463e+00	4.50000e+00
2.47000e-04	9.39562e-01	4.50000e+00
3.38000e-04	8.78929e-01	4.50000e+00
4.29000e-04	8.35065e-01	4.50000e+00
5.00000e-04	5.66790e-01	2.00000e+00
1.20000e-03	4.76242e-01	2.00000e+00
1.90000e-03	4.33494e-01	2.00000e+00
2.60000e-03	4.06116e-01	2.00000e+00
3.30000e-03	3.86253e-01	2.00000e+00
1.00000e-04	1.13401e+00	4.50000e+00
2.40000e-04	9.45290e-01	4.50000e+00
3.80000e-04	8.57144e-01	4.50000e+00
5.20000e-04	8.01030e-01	4.50000e+00
6.60000e-04	7.60485e-01	4.50000e+00
1.60000e-03	4.49108e-01	2.00000e+00
3.84000e-03	3.74042e-01	2.00000e+00
6.08000e-03	3.38930e-01	2.00000e+00
8.32000e-03	3.16560e-01	2.00000e+00
1.05600e-02	3.00391e-01	2.00000e+00
1.60000e-04	1.02920e+00	4.50000e+00
3.84000e-04	8.55219e-01	4.50000e+00
6.08000e-04	7.74240e-01	4.50000e+00
8.32000e-04	7.22786e-01	4.50000e+00
1.05600e-03	6.85658e-01	4.50000e+00
6.50000e-04	5.38365e-01	2.00000e+00
1.56000e-03	4.51445e-01	2.00000e+00
2.47000e-03	4.10496e-01	2.00000e+00
3.38000e-03	3.84302e-01	2.00000e+00
4.29000e-03	3.65314e-01	2.00000e+00
2.50000e-04	9.37166e-01	4.50000e+00
6.00000e-04	7.76480e-01	4.50000e+00
9.50000e-04	7.01925e-01	4.50000e+00
1.30000e-03	6.54636e-01	4.50000e+00
1.65000e-03	6.20555e-01	4.50000e+00
1.54500e-05	1.25275e+00	2.70000e+00
3.70800e-05	1.07291e+00	2.70000e+00
5.87100e-05	9.86395e-01	2.70000e+00
8.03400e-05	9.30387e-01	2.70000e+00
1.01970e-04	8.89438e-01	2.70000e+00
4.00000e-04	8.47748e-01	4.50000e+00
9.60000e-04	7.00300e-01	4.50000e+00
1.52000e-03	6.32108e-01	4.50000e+00
2.08000e-03	5.88933e-01	4.50000e+00
2.64000e-03	5.57855e-01	4.50000e+00
1.83000e-05	1.21642e+00	2.70000e+00
4.39200e-05	1.04042e+00	2.70000e+00
6.95400e-05	9.55862e-01	2.70000e+00
9.51600e-05	9.01167e-01	2.70000e+00
1.20780e-04	8.61199e-01	2.70000e+00
6.50000e-04	7.63028e-01	4.50000e+00
1.56000e-03	6.28431e-01	4.50000e+00
2.47000e-03	5.66384e-01	4.50000e+00
3.38000e-03	5.27169e-01	4.50000e+00
4.29000e-03	4.98977e-01	4.50000e+00
2.04500e-05	1.19299e+00	2.70000e+00
4.90800e-05	1.01949e+00	2.70000e+00
7.77100e-05	9.36215e-01	2.70000e+00
1.06340e-04	8.82373e-01	2.70000e+00
1.34970e-04	8.43044e-01	2.70000e+00
1.00000e-03	6.93996e-01	4.50000e+00
2.40000e-03	5.70103e-01	4.50000e+00
3.80000e-03	5.13149e-01	4.50000e+00
5.20000e-03	4.77207e-01	4.50000e+00
6.60000e-03	4.51396e-01	4.50000e+00
2.04500e-05	1.19299e+00	2.70000e+00
4.90800e-05	1.01949e+00	2.70000e+00
7.77100e-05	9.36215e-01	2.70000e+00
1.06340e-04	8.82373e-01	2.70000e+00
1.34970e-04	8.43044e-01	2.70000e+00
1.60000e-03	6.24865e-01	4.50000e+00
3.84000e-03	5.11911e-01	4.50000e+00
6.08000e-03	4.60138e-01	4.50000e+00
8.32000e-03	4.27518e-01	4.50000e+00
1.05600e-02	4.04118e-01	4.50000e+00
2.50000e-05	1.15142e+00	2.70000e+00
6.00000e-05	9.82435e-01	2.70000e+00
9.50000e-05	9.01454e-01	2.70000e+00
1.30000e-04	8.49143e-01	2.70000e+00
1.65000e-04	8.10957e-01	2.70000e+00
2.50000e-05	1.15142e+00	2.70000e+00
6.00000e-05	9.82435e-01	2.70000e+00
9.50000e-05	9.01454e-01	2.70000e+00
1.30000e-04	8.49143e-01	2.70000e+00
1.65000e-04	8.10957e-01	2.70000e+00
3.77000e-05	1.63001e+00	6.50000e+00
9.04800e-05	1.35613e+00	6.50000e+00
1.43260e-04	1.22854e+00	6.50000e+00
1.96040e-04	1.14743e+00	6.50000e+00
2.48820e-04	1.08889e+00	6.50000e+00
6.96000e-05	1.82478e+00	1.20000e+01
1.67040e-04	1.49446e+00	1.20000e+01
2.64480e-04	1.34337e+00	1.20000e+01
3.61920e-04	1.24828e+00	1.20000e+01
4.59360e-04	1.18012e+00	1.20000e+01
4.01500e-05	1.60890e+00	6.50000e+00
9.63600e-05	1.33802e+00	6.50000e+00
1.52570e-04	1.21188e+00	6.50000e+00
2.08780e-04	1.13172e+00	6.50000e+00
2.64990e-04	1.07387e+00	6.50000e+00
8.05000e-05	1.76577e+00	1.20000e+01
1.93200e-04	1.44505e+00	1.20000e+01
3.05900e-04	1.29847e+00	1.20000e+01
4.18600e-04	1.20627e+00	1.20000e+01
5.31300e-04	1.14020e+00	1.20000e+01
4.27500e-05	1.58808e+00	6.50000e+00
1.02600e-04	1.32016e+00	6.50000e+00
1.62450e-04	1.19547e+00	6.50000e+00
2.22300e-04	1.11624e+00	6.50000e+00
2.82150e-04	1.05907e+00	6.50000e+00
8.05000e-05	1.76577e+00	1.20000e+01
1.93200e-04	1.44505e+00	1.20000e+01
3.05900e-04	1.29847e+00	1.20000e+01
4.18600e-04	1.20627e+00	1.20000e+01
5.31300e-04	1.14020e+00	1.20000e+01
4.76000e-05	1.55295e+00	6.50000e+00
1.14240e-04	1.29006e+00	6.50000e+00
1.80880e-04	1.16780e+00	6.50000e+00
2.47520e-04	1.09015e+00	6.50000e+00
3.14160e-04	1.03414e+00	6.50000e+00
9.10000e-05	1.71736e+00	1.20000e+01
2.18400e-04	1.40456e+00	1.20000e+01
3.45800e-04	1.26170e+00	1.20000e+01
4.73200e-04	1.17187e+00	1.20000e+01
6.00600e-04	1.10752e+00	1.20000e+01
4.93000e-05	1.54162e+00	6.50000e+00
1.18320e-04	1.28036e+00	6.50000e+00
1.87340e-04	1.15888e+00	6.50000e+00
2.56360e-04	1.08175e+00	6.50000e+00
3.25380e-04	1.02611e+00	6.50000e+00
1.00000e-04	1.68093e+00	1.20000e+01
2.40000e-04	1.37411e+00	1.20000e+01
3.80000e-04	1.23406e+00	1.20000e+01
5.20000e-04	1.14602e+00	1.20000e+01
6.60000e-04	1.08296e+00	1.20000e+01
4.93000e-05	1.54162e+00	6.50000e+00
1.18320e-04	1.28036e+00	6.50000e+00
1.87340e-04	1.15888e+00	6.50000e+00
2.56360e-04	1.08175e+00	6.50000e+00
3.25380e-04	1.02611e+00	6.50000e+00
1.00000e-04	1.68093e+00	1.20000e+01
2.40000e-04	1.37411e+00	1.20000e+01
3.80000e-04	1.23406e+00	1.20000e+01
5.20000e-04	1.14602e+00	1.20000e+01
6.60000e-04	1.08296e+00	1.20000e+01
6.50000e-05	1.45471e+00	6.50000e+00
1.56000e-04	1.20604e+00	6.50000e+00
2.47000e-04	1.09066e+00	6.50000e+00
3.38000e-04	1.01746e+00	6.50000e+00
4.29000e-04	9.64715e-01	6.50000e+00
1.60000e-04	1.50937e+00	1.20000e+01
3.84000e-04	1.23102e+00	1.20000e+01
6.08000e-04	1.10430e+00	1.20000e+01
8.32000e-04	1.02475e+00	1.20000e+01
1.05600e-03	9.67822e-01	1.20000e+01
6.50000e-05	1.45471e+00	6.50000e+00
1.56000e-04	1.20604e+00	6.50000e+00
2.47000e-04	1.09066e+00	6.50000e+00
3.38000e-04	1.01746e+00	6.50000e+00
4.29000e-04	9.64715e-01	6.50000e+00
1.60000e-04	1.50937e+00	1.20000e+01
3.84000e-04	1.23102e+00	1.20000e+01
6.08000e-04	1.10430e+00	1.20000e+01
8.32000e-04	1.02475e+00	1.20000e+01
1.05600e-03	9.67822e-01	1.20000e+01
1.00000e-04	1.32744e+00	6.50000e+00
2.40000e-04	1.09759e+00	6.50000e+00
3.80000e-04	9.91245e-01	6.50000e+00
5.20000e-04	9.23903e-01	6.50000e+00
6.60000e-04	8.75425e-01	6.50000e+00
2.50000e-04	1.36111e+00	1.20000e+01
6.00000e-04	1.10778e+00	1.20000e+01
9.50000e-04	9.92712e-01	1.20000e+01
1.30000e-03	9.20569e-01	1.20000e+01
1.65000e-03	8.68990e-01	1.20000e+01
1.00000e-04	1.32744e+00	6.50000e+00
2.40000e-04	1.09759e+00	6.50000e+00
3.80000e-04	9.91245e-01	6.50000e+00
5.20000e-04	9.23903e-01	6.50000e+00
6.60000e-04	8.75425e-01	6.50000e+00
4.00000e-04	1.21925e+00	1.20000e+01
9.60000e-04	9.90223e-01	1.20000e+01
1.52000e-03	8.86436e-01	1.20000e+01
2.08000e-03	8.21446e-01	1.20000e+01
2.64000e-03	7.75020e-01	1.20000e+01
1.60000e-04	1.19942e+00	6.50000e+00
3.84000e-04	9.88930e-01	6.50000e+00
6.08000e-04	8.91854e-01	6.50000e+00
8.32000e-04	8.30485e-01	6.50000e+00
1.05600e-03	7.86358e-01	6.50000e+00
6.50000e-04	1.08690e+00	1.20000e+01
1.56000e-03	8.80880e-01	1.20000e+01
2.47000e-03	7.87732e-01	1.20000e+01
3.38000e-03	7.29474e-01	1.20000e+01
4.29000e-03	6.87892e-01	1.20000e+01
2.50000e-04	1.08776e+00	6.50000e+00
6.00000e-04	8.94531e-01	6.50000e+00
9.50000e-04	8.05675e-01	6.50000e+00
1.30000e-03	7.49590e-01	6.50000e+00
1.65000e-03	7.09306e-01	6.50000e+00
1.00000e-03	9.80571e-01	1.20000e+01
2.40000e-03	7.93281e-01	1.20000e+01
3.80000e-03	7.08763e-01	1.20000e+01
5.20000e-03	6.55957e-01	1.20000e+01
6.60000e-03	6.18293e-01	1.20000e+01
4.00000e-04	9.79949e-01	6.50000e+00
9.60000e-04	8.03744e-01	6.50000e+00
1.52000e-03	7.22950e-01	6.50000e+00
2.08000e-03	6.72034e-01	6.50000e+00
2.64000e-03	6.35503e-01	6.50000e+00
1.60000e-03	8.75494e-01	1.20000e+01
3.84000e-03	7.06938e-01	1.20000e+01
6.08000e-03	6.31024e-01	1.20000e+01
8.32000e-03	5.83644e-01	1.20000e+01
1.05600e-02	5.49875e-01	1.20000e+01
6.50000e-04	8.78461e-01	6.50000e+00
1.56000e-03	7.18606e-01	6.50000e+00
2.47000e-03	6.45519e-01	6.50000e+00
3.38000e-03	5.99531e-01	6.50000e+00
4.29000e-03	5.66572e-01	6.50000e+00
2.50000e-03	7.85412e-01	1.20000e+01
6.00000e-03	6.33102e-01	1.20000e+01
9.50000e-03	5.64627e-01	1.20000e+01
1.30000e-02	5.21931e-01	1.20000e+01
1.65000e-02	4.91521e-01	1.20000e+01
1.00000e-03	7.96256e-01	6.50000e+00
2.40000e-03	6.49888e-01	6.50000e+00
3.80000e-03	5.83130e-01	6.50000e+00
5.20000e-03	5.41180e-01	6.50000e+00
6.60000e-03	5.11143e-01	6.50000e+00
1.60000e-03	7.14395e-01	6.50000e+00
3.84000e-03	5.81683e-01	6.50000e+00
6.08000e-03	5.21307e-01	6.50000e+00
8.32000e-03	4.83421e-01	6.50000e+00
1.05600e-02	4.56319e-01	6.50000e+00
8.70000e-05	1.87659e+00	1.50000e+01
2.08800e-04	1.52970e+00	1.50000e+01
3.30600e-04	1.37189e+00	1.50000e+01
4.52400e-04	1.27287e+00	1.50000e+01
5.74200e-04	1.20204e+00	1.50000e+01
2.50000e-03	6.43692e-01	6.50000e+00
6.00000e-03	5.22965e-01	6.50000e+00
9.50000e-03	4.68169e-01	6.50000e+00
1.30000e-02	4.33828e-01	6.50000e+00
1.65000e-02	4.09283e-01	6.50000e+00
1.00000e-04	1.81707e+00	1.50000e+01
2.40000e-04	1.48021e+00	1.50000e+01
3.80000e-04	1.32709e+00	1.50000e+01
5.20000e-04	1.23104e+00	1.50000e+01
6.60000e-04	1.16236e+00	1.50000e+01
1.00000e-04	1.81707e+00	1.50000e+01
2.40000e-04	1.48021e+00	1.50000e+01
3.80000e-04	1.32709e+00	1.50000e+01
5.20000e-04	1.23104e+00	1.50000e+01
6.60000e-04	1.16236e+00	1.50000e+01
1.14000e-04	1.76261e+00	1.50000e+01
2.73600e-04	1.43499e+00	1.50000e+01
4.33200e-04	1.28616e+00	1.50000e+01
5.92800e-04	1.19284e+00	1.50000e+01
7.52400e-04	1.12613e+00	1.50000e+01
4.93000e-05	1.72422e+00	8.50000e+00
1.18320e-04	1.42393e+00	8.50000e+00
1.87340e-04	1.28523e+00	8.50000e+00
2.56360e-04	1.19747e+00	8.50000e+00
3.25380e-04	1.13434e+00	8.50000e+00
1.23000e-04	1.73171e+00	1.50000e+01
2.95200e-04	1.40934e+00	1.50000e+01
4.67400e-04	1.26296e+00	1.50000e+01
6.39600e-04	1.17119e+00	1.50000e+01
8.11800e-04	1.10560e+00	1.50000e+01
5.25000e-05	1.70098e+00	8.50000e+00
1.26000e-04	1.40421e+00	8.50000e+00
1.99500e-04	1.26719e+00	8.50000e+00
2.73000e-04	1.18052e+00	8.50000e+00
3.46500e-04	1.11818e+00	8.50000e+00
1.60000e-04	1.62848e+00	1.50000e+01
3.84000e-04	1.32377e+00	1.50000e+01
6.08000e-04	1.18559e+00	1.50000e+01
8.32000e-04	1.09903e+00	1.50000e+01
1.05600e-03	1.03718e+00	1.50000e+01
5.60000e-05	1.67741e+00	8.50000e+00
1.34400e-04	1.38422e+00	8.50000e+00
2.12800e-04	1.24892e+00	8.50000e+00
2.91200e-04	1.16335e+00	8.50000e+00
3.69600e-04	1.10181e+00	8.50000e+00
1.60000e-04	1.62848e+00	1.50000e+01
3.84000e-04	1.32377e+00	1.50000e+01
6.08000e-04	1.18559e+00	1.50000e+01
8.32000e-04	1.09903e+00	1.50000e+01
1.05600e-03	1.03718e+00	1.50000e+01
6.20000e-05	1.64080e+00	8.50000e+00
1.48800e-04	1.35320e+00	8.50000e+00
2.35600e-04	1.22056e+00	8.50000e+00
3.22400e-04	1.13672e+00	8.50000e+00
4.09200e-04	1.07643e+00	8.50000e+00
2.50000e-04	1.46598e+00	1.50000e+01
6.00000e-04	1.18938e+00	1.50000e+01
9.50000e-04	1.06421e+00	1.50000e+01
1.30000e-03	9.85893e-01	1.50000e+01
1.65000e-03	9.29975e-01	1.50000e+01
6.45000e-05	1.62677e+00	8.50000e+00
1.54800e-04	1.34132e+00	8.50000e+00
2.45100e-04	1.20971e+00	8.50000e+00
3.35400e-04	1.12652e+00	8.50000e+00
4.25700e-04	1.06671e+00	8.50000e+00
4.00000e-04	1.31092e+00	1.50000e+01
9.60000e-04	1.06151e+00	1.50000e+01
1.52000e-03	9.48882e-01	1.50000e+01
2.08000e-03	8.78490e-01	1.50000e+01
2.64000e-03	8.28271e-01	1.50000e+01
6.95000e-05	1.60054e+00	8.50000e+00
1.66800e-04	1.31912e+00	8.50000e+00
2.64100e-04	1.18943e+00	8.50000e+00
3.61400e-04	1.10748e+00	8.50000e+00
4.58700e-04	1.04857e+00	8.50000e+00
6.50000e-04	1.16665e+00	1.50000e+01
1.56000e-03	9.42859e-01	1.50000e+01
2.47000e-03	8.42015e-01	1.50000e+01
3.38000e-03	7.79057e-01	1.50000e+01
4.29000e-03	7.34175e-01	1.50000e+01
6.95000e-05	1.60054e+00	8.50000e+00
1.66800e-04	1.31912e+00	8.50000e+00
2.64100e-04	1.18943e+00	8.50000e+00
3.61400e-04	1.10748e+00	8.50000e+00
4.58700e-04	1.04857e+00	8.50000e+00
1.00000e-03	1.05102e+00	1.50000e+01
2.40000e-03	8.48017e-01	1.50000e+01
3.80000e-03	7.56697e-01	1.50000e+01
5.20000e-03	6.99737e-01	1.50000e+01
6.60000e-03	6.59157e-01	1.50000e+01
1.00000e-04	1.47786e+00	8.50000e+00
2.40000e-04	1.21547e+00	8.50000e+00
3.80000e-04	1.09484e+00	8.50000e+00
5.20000e-04	1.01871e+00	8.50000e+00
6.60000e-04	9.64037e-01	8.50000e+00
1.60000e-03	9.37023e-01	1.50000e+01
3.84000e-03	7.54727e-01	1.50000e+01
6.08000e-03	6.72870e-01	1.50000e+01
8.32000e-03	6.21862e-01	1.50000e+01
1.05600e-02	5.85547e-01	1.50000e+01
1.00000e-04	1.47786e+00	8.50000e+00
2.40000e-04	1.21547e+00	8.50000e+00
3.80000e-04	1.09484e+00	8.50000e+00
5.20000e-04	1.01871e+00	8.50000e+00
6.60000e-04	9.64037e-01	8.50000e+00
2.50000e-03	8.39506e-01	1.50000e+01
6.00000e-03	6.75108e-01	1.50000e+01
9.50000e-03	6.01406e-01	1.50000e+01
1.30000e-02	5.55521e-01	1.50000e+01
1.65000e-02	5.22873e-01	1.50000e+01
1.60000e-04	1.33145e+00	8.50000e+00
3.84000e-04	1.09222e+00	8.50000e+00
6.08000e-04	9.82554e-01	8.50000e+00
8.32000e-04	9.13454e-01	8.50000e+00
1.05600e-03	8.63881e-01	8.50000e+00
4.00000e-03	7.47094e-01	1.50000e+01
9.60000e-03	5.99819e-01	1.50000e+01
1.52000e-02	5.33901e-01	1.50000e+01
2.08000e-02	4.92898e-01	1.50000e+01
2.64000e-02	4.63741e-01	1.50000e+01
2.50000e-04	1.20430e+00	8.50000e+00
6.00000e-04	9.85572e-01	8.50000e+00
9.50000e-04	8.85569e-01	8.50000e+00
1.30000e-03	8.22648e-01	8.50000e+00
1.65000e-03	7.77552e-01	8.50000e+00
4.00000e-04	1.08206e+00	8.50000e+00
9.60000e-04	8.83401e-01	8.50000e+00
1.52000e-03	7.92816e-01	8.50000e+00
2.08000e-03	7.35901e-01	8.50000e+00
2.64000e-03	6.95150e-01	8.50000e+00
1.04500e-04	1.91059e+00	1.80000e+01
2.50800e-04	1.55204e+00	1.80000e+01
3.97100e-04	1.38959e+00	1.80000e+01
5.43400e-04	1.28788e+00	1.80000e+01
6.89700e-04	1.21522e+00	1.80000e+01
6.50000e-04	9.67458e-01	8.50000e+00
1.56000e-03	7.87955e-01	8.50000e+00
2.47000e-03	7.06316e-01	8.50000e+00
3.38000e-03	6.55093e-01	8.50000e+00
4.29000e-03	6.18454e-01	8.50000e+00
1.18500e-04	1.85484e+00	1.80000e+01
2.84400e-04	1.50594e+00	1.80000e+01
4.50300e-04	1.34796e+00	1.80000e+01
6.16200e-04	1.24908e+00	1.80000e+01
7.82100e-04	1.17846e+00	1.80000e+01
1.00000e-03	8.74992e-01	8.50000e+00
2.40000e-03	7.11188e-01	8.50000e+00
3.80000e-03	6.36852e-01	8.50000e+00
5.20000e-03	5.90268e-01	8.50000e+00
6.60000e-03	5.56973e-01	8.50000e+00
1.34000e-04	1.80177e+00	1.80000e+01
3.21600e-04	1.46209e+00	1.80000e+01
5.09200e-04	1.30837e+00	1.80000e+01
6.96800e-04	1.21219e+00	1.80000e+01
8.84400e-04	1.14352e+00	1.80000e+01
1.60000e-03	7.83244e-01	8.50000e+00
3.84000e-03	6.35244e-01	8.50000e+00
6.08000e-03	5.68234e-01	8.50000e+00
8.32000e-03	5.26292e-01	8.50000e+00
1.05600e-02	4.96341e-01	8.50000e+00
1.34000e-04	1.80177e+00	1.80000e+01
3.21600e-04	1.46209e+00	1.80000e+01
5.09200e-04	1.30837e+00	1.80000e+01
6.96800e-04	1.21219e+00	1.80000e+01
8.84400e-04	1.14352e+00	1.80000e+01
2.50000e-03	7.04278e-01	8.50000e+00
6.00000e-03	5.70071e-01	8.50000e+00
9.50000e-03	5.09430e-01	8.50000e+00
1.30000e-02	4.71518e-01	8.50000e+00
1.65000e-02	4.44466e-01	8.50000e+00
1.64000e-04	1.71753e+00	1.80000e+01
3.93600e-04	1.39256e+00	1.80000e+01
6.23200e-04	1.24564e+00	1.80000e+01
8.52800e-04	1.15376e+00	1.80000e+01
1.08240e-03	1.08817e+00	1.80000e+01
1.64000e-04	1.71753e+00	1.80000e+01
3.93600e-04	1.39256e+00	1.80000e+01
6.23200e-04	1.24564e+00	1.80000e+01
8.52800e-04	1.15376e+00	1.80000e+01
1.08240e-03	1.08817e+00	1.80000e+01
6.50000e-05	1.73054e+00	1.00000e+01
1.56000e-04	1.42240e+00	1.00000e+01
2.47000e-04	1.28086e+00	1.00000e+01
3.38000e-04	1.19157e+00	1.00000e+01
4.29000e-04	1.12747e+00	1.00000e+01
2.50000e-04	1.55323e+00	1.80000e+01
6.00000e-04	1.25721e+00	1.80000e+01
9.50000e-04	1.12362e+00	1.80000e+01
1.30000e-03	1.04016e+00	1.80000e+01
1.65000e-03	9.80633e-01	1.80000e+01
1.00000e-04	1.57233e+00	1.00000e+01
2.40000e-04	1.28933e+00	1.00000e+01
3.80000e-04	1.15968e+00	1.00000e+01
5.20000e-04	1.07802e+00	1.00000e+01
6.60000e-04	1.01945e+00	1.00000e+01
2.50000e-04	1.55323e+00	1.80000e+01
6.00000e-04	1.25721e+00	1.80000e+01
9.50000e-04	1.12362e+00	1.80000e+01
1.30000e-03	1.04016e+00	1.80000e+01
1.65000e-03	9.80633e-01	1.80000e+01
1.60000e-04	1.41426e+00	1.00000e+01
3.84000e-04	1.15687e+00	1.00000e+01
6.08000e-04	1.03927e+00	1.00000e+01
8.32000e-04	9.65314e-01	1.00000e+01
1.05600e-03	9.12321e-01	1.00000e+01
4.00000e-04	1.38715e+00	1.80000e+01
9.60000e-04	1.12074e+00	1.80000e+01
1.52000e-03	1.00076e+00	1.80000e+01
2.08000e-03	9.25870e-01	1.80000e+01
2.64000e-03	8.72497e-01	1.80000e+01
2.50000e-04	1.27731e+00	1.00000e+01
6.00000e-04	1.04251e+00	1.00000e+01
9.50000e-04	9.35499e-01	1.00000e+01
1.30000e-03	8.68286e-01	1.00000e+01
1.65000e-03	8.20172e-01	1.00000e+01
6.50000e-04	1.23293e+00	1.80000e+01
1.56000e-03	9.94345e-01	1.80000e+01
2.47000e-03	8.87100e-01	1.80000e+01
3.38000e-03	8.20234e-01	1.80000e+01
4.29000e-03	7.72610e-01	1.80000e+01
4.00000e-04	1.14596e+00	1.00000e+01
9.60000e-04	9.33181e-01	1.00000e+01
1.52000e-03	8.36452e-01	1.00000e+01
2.08000e-03	7.75778e-01	1.00000e+01
2.64000e-03	7.32384e-01	1.00000e+01
1.00000e-03	1.10956e+00	1.80000e+01
2.40000e-03	8.93478e-01	1.80000e+01
3.80000e-03	7.96503e-01	1.80000e+01
5.20000e-03	7.36092e-01	1.80000e+01
6.60000e-03	6.93090e-01	1.80000e+01
6.50000e-04	1.02311e+00	1.00000e+01
1.56000e-03	8.31267e-01	1.00000e+01
2.47000e-03	7.44269e-01	1.00000e+01
3.38000e-03	6.89770e-01	1.00000e+01
4.29000e-03	6.50828e-01	1.00000e+01
1.60000e-03	9.88134e-01	1.80000e+01
3.84000e-03	7.94413e-01	1.80000e+01
6.08000e-03	7.07617e-01	1.80000e+01
8.32000e-03	6.53596e-01	1.80000e+01
1.05600e-02	6.15166e-01	1.80000e+01
1.00000e-03	9.24194e-01	1.00000e+01
2.40000e-03	7.49457e-01	1.00000e+01
3.80000e-03	6.70378e-01	1.00000e+01
5.20000e-03	6.20895e-01	1.00000e+01
6.60000e-03	5.85564e-01	1.00000e+01
2.50000e-03	8.84434e-01	1.80000e+01
6.00000e-03	7.09988e-01	1.80000e+01
9.50000e-03	6.31946e-01	1.80000e+01
1.30000e-02	5.83412e-01	1.80000e+01
1.65000e-02	5.48904e-01	1.80000e+01
2.50000e-03	7.42100e-01	1.00000e+01
6.00000e-03	5.99459e-01	1.00000e+01
9.50000e-03	5.35167e-01	1.00000e+01
1.30000e-02	4.95026e-01	1.00000e+01
1.65000e-02	4.66408e-01	1.00000e+01
4.00000e-03	7.86314e-01	1.80000e+01
9.60000e-03	6.30265e-01	1.80000e+01
1.52000e-02	5.60558e-01	1.80000e+01
2.08000e-02	5.17243e-01	1.80000e+01
2.64000e-02	4.86464e-01	1.80000e+01
1.45000e-04	1.88208e+00	2.20000e+01
3.48000e-04	1.52290e+00	2.20000e+01
5.51000e-04	1.36090e+00	2.20000e+01
7.54000e-04	1.25972e+00	2.20000e+01
9.57000e-04	1.18757e+00	2.20000e+01
1.00000e-03	1.32008e+00	3.50000e+01
2.40000e-03	1.05670e+00	3.50000e+01
3.80000e-03	9.39311e-01	3.50000e+01
5.20000e-03	8.66455e-01	3.50000e+01
6.60000e-03	8.14726e-01	3.50000e+01
1.60000e-04	1.83811e+00	2.20000e+01
3.84000e-04	1.48676e+00	2.20000e+01
6.08000e-04	1.32836e+00	2.20000e+01
8.32000e-04	1.22944e+00	2.20000e+01
1.05600e-03	1.15892e+00	2.20000e+01
1.60000e-03	1.17177e+00	3.50000e+01
3.84000e-03	9.36787e-01	3.50000e+01
6.08000e-03	8.32189e-01	3.50000e+01
8.32000e-03	7.67315e-01	3.50000e+01
1.05600e-02	7.21274e-01	3.50000e+01
1.72500e-04	1.80515e+00	2.20000e+01
4.14000e-04	1.45968e+00	2.20000e+01
6.55500e-04	1.30398e+00	2.20000e+01
8.97000e-04	1.20677e+00	2.20000e+01
1.13850e-03	1.13746e+00	2.20000e+01
2.50000e-03	1.04573e+00	3.50000e+01
6.00000e-03	8.35041e-01	3.50000e+01
9.50000e-03	7.41366e-01	3.50000e+01
1.30000e-02	6.83302e-01	3.50000e+01
1.65000e-02	6.42111e-01	3.50000e+01
1.94000e-04	1.75477e+00	2.20000e+01
4.65600e-04	1.41831e+00	2.20000e+01
7.37200e-04	1.26675e+00	2.20000e+01
1.00880e-03	1.17214e+00	2.20000e+01
1.28040e-03	1.10471e+00	2.20000e+01
4.00000e-03	9.27009e-01	3.50000e+01
9.60000e-03	7.39354e-01	3.50000e+01
1.52000e-02	6.56013e-01	3.50000e+01
2.08000e-02	6.04387e-01	3.50000e+01
2.64000e-02	5.67779e-01	3.50000e+01
2.50000e-04	1.65039e+00	2.20000e+01
6.00000e-04	1.33269e+00	2.20000e+01
9.50000e-04	1.18973e+00	2.20000e+01
1.30000e-03	1.10054e+00	2.20000e+01
1.65000e-03	1.03699e+00	2.20000e+01
2.50000e-04	1.65039e+00	2.20000e+01
6.00000e-04	1.33269e+00	2.20000e+01
9.50000e-04	1.18973e+00	2.20000e+01
1.30000e-03	1.10054e+00	2.20000e+01
1.65000e-03	1.03699e+00	2.20000e+01
2.96000e-04	1.58410e+00	2.20000e+01
7.10400e-04	1.27838e+00	2.20000e+01
1.12480e-03	1.14089e+00	2.20000e+01
1.53920e-03	1.05515e+00	2.20000e+01
1.95360e-03	9.94074e-01	2.20000e+01
4.00000e-04	1.47201e+00	2.20000e+01
9.60000e-04	1.18664e+00	2.20000e+01
1.52000e-03	1.05846e+00	2.20000e+01
2.08000e-03	9.78574e-01	2.20000e+01
2.64000e-03	9.21688e-01	2.20000e+01
6.50000e-04	1.30669e+00	2.20000e+01
1.56000e-03	1.05162e+00	2.20000e+01
2.47000e-03	9.37248e-01	2.20000e+01
3.38000e-03	8.66032e-01	2.20000e+01
4.29000e-03	8.15355e-01	2.20000e+01
2.95000e-04	1.89834e+00	4.50000e+01
7.08000e-04	1.52171e+00	4.50000e+01
1.12100e-03	1.35366e+00	4.50000e+01
1.53400e-03	1.24929e+00	4.50000e+01
1.94700e-03	1.17516e+00	4.50000e+01
1.00000e-03	1.17469e+00	2.20000e+01
2.40000e-03	9.44045e-01	2.20000e+01
3.80000e-03	8.40774e-01	2.20000e+01
5.20000e-03	7.76522e-01	2.20000e+01
6.60000e-03	7.30825e-01	2.20000e+01
3.17000e-04	1.86433e+00	4.50000e+01
7.60800e-04	1.49415e+00	4.50000e+01
1.20460e-03	1.32902e+00	4.50000e+01
1.64840e-03	1.22647e+00	4.50000e+01
2.09220e-03	1.15363e+00	4.50000e+01
1.60000e-03	1.04499e+00	2.20000e+01
3.84000e-03	8.38551e-01	2.20000e+01
6.08000e-03	7.46259e-01	2.20000e+01
8.32000e-03	6.88885e-01	2.20000e+01
1.05600e-02	6.48103e-01	2.20000e+01
3.50000e-04	1.81845e+00	4.50000e+01
8.40000e-04	1.45699e+00	4.50000e+01
1.33000e-03	1.29578e+00	4.50000e+01
1.82000e-03	1.19570e+00	4.50000e+01
2.31000e-03	1.12461e+00	4.50000e+01
2.50000e-03	9.34408e-01	2.20000e+01
6.00000e-03	7.48779e-01	2.20000e+01
9.50000e-03	6.65906e-01	2.20000e+01
1.30000e-02	6.14425e-01	2.20000e+01
1.65000e-02	5.77851e-01	2.20000e+01
4.00000e-04	1.75829e+00	4.50000e+01
9.60000e-04	1.40827e+00	4.50000e+01
1.52000e-03	1.25223e+00	4.50000e+01
2.08000e-03	1.15537e+00	4.50000e+01
2.64000e-03	1.08658e+00	4.50000e+01
4.00000e-03	8.29934e-01	2.20000e+01
9.60000e-03	6.64123e-01	2.20000e+01
1.52000e-02	5.90200e-01	2.20000e+01
2.08000e-02	5.44313e-01	2.20000e+01
2.64000e-02	5.11730e-01	2.20000e+01
4.00000e-04	1.75829e+00	4.50000e+01
9.60000e-04	1.40827e+00	4.50000e+01
1.52000e-03	1.25223e+00	4.50000e+01
2.08000e-03	1.15537e+00	4.50000e+01
2.64000e-03	1.08658e+00	4.50000e+01
4.60000e-04	1.69734e+00	4.50000e+01
1.10400e-03	1.35895e+00	4.50000e+01
1.74800e-03	1.20815e+00	4.50000e+01
2.39200e-03	1.11456e+00	4.50000e+01
3.03600e-03	1.04810e+00	4.50000e+01
5.50000e-04	1.62234e+00	4.50000e+01
1.32000e-03	1.29829e+00	4.50000e+01
2.09000e-03	1.15394e+00	4.50000e+01
2.86000e-03	1.06438e+00	4.50000e+01
3.63000e-03	1.00081e+00	4.50000e+01
1.57000e-04	1.95842e+00	2.70000e+01
3.76800e-04	1.58050e+00	2.70000e+01
5.96600e-04	1.41057e+00	2.70000e+01
8.16400e-04	1.30461e+00	2.70000e+01
1.03620e-03	1.22913e+00	2.70000e+01
6.50000e-04	1.55509e+00	4.50000e+01
1.56000e-03	1.24392e+00	4.50000e+01
2.47000e-03	1.10538e+00	4.50000e+01
3.38000e-03	1.01944e+00	4.50000e+01
4.29000e-03	9.58445e-01	4.50000e+01
1.67500e-04	1.92783e+00	2.70000e+01
4.02000e-04	1.55545e+00	2.70000e+01
6.36500e-04	1.38806e+00	2.70000e+01
8.71000e-04	1.28369e+00	2.70000e+01
1.10550e-03	1.20936e+00	2.70000e+01
6.50000e-04	1.55509e+00	4.50000e+01
1.56000e-03	1.24392e+00	4.50000e+01
2.47000e-03	1.10538e+00	4.50000e+01
3.38000e-03	1.01944e+00	4.50000e+01
4.29000e-03	9.58445e-01	4.50000e+01
1.77500e-04	1.90080e+00	2.70000e+01
4.26000e-04	1.53333e+00	2.70000e+01
6.74500e-04	1.36818e+00	2.70000e+01
9.23000e-04	1.26523e+00	2.70000e+01
1.17150e-03	1.19190e+00	2.70000e+01
1.00000e-03	1.39369e+00	4.50000e+01
2.40000e-03	1.11360e+00	4.50000e+01
3.80000e-03	9.89025e-01	4.50000e+01
5.20000e-03	9.11795e-01	4.50000e+01
6.60000e-03	8.57001e-01	4.50000e+01
2.05000e-04	1.83518e+00	2.70000e+01
4.92000e-04	1.47965e+00	2.70000e+01
7.79000e-04	1.31996e+00	2.70000e+01
1.06600e-03	1.22043e+00	2.70000e+01
1.35300e-03	1.14957e+00	2.70000e+01
1.60000e-03	1.23588e+00	4.50000e+01
3.84000e-03	9.86348e-01	4.50000e+01
6.08000e-03	8.75495e-01	4.50000e+01
8.32000e-03	8.06812e-01	4.50000e+01
1.05600e-02	7.58103e-01	4.50000e+01
2.05000e-04	1.83518e+00	2.70000e+01
4.92000e-04	1.47965e+00	2.70000e+01
7.79000e-04	1.31996e+00	2.70000e+01
1.06600e-03	1.22043e+00	2.70000e+01
1.35300e-03	1.14957e+00	2.70000e+01
2.50000e-03	1.10195e+00	4.50000e+01
6.00000e-03	8.78515e-01	4.50000e+01
9.50000e-03	7.79356e-01	4.50000e+01
1.30000e-02	7.17953e-01	4.50000e+01
1.65000e-02	6.74423e-01	4.50000e+01
2.50000e-04	1.74822e+00	2.70000e+01
6.00000e-04	1.40858e+00	2.70000e+01
9.50000e-04	1.25614e+00	2.70000e+01
1.30000e-03	1.16117e+00	2.70000e+01
1.65000e-03	1.09356e+00	2.70000e+01
4.00000e-03	9.75980e-01	4.50000e+01
9.60000e-03	7.77226e-01	4.50000e+01
1.52000e-02	6.89112e-01	4.50000e+01
2.08000e-02	6.34579e-01	4.50000e+01
2.64000e-02	5.95934e-01	4.50000e+01
2.50000e-04	1.74822e+00	2.70000e+01
6.00000e-04	1.40858e+00	2.70000e+01
9.50000e-04	1.25614e+00	2.70000e+01
1.30000e-03	1.16117e+00	2.70000e+01
1.65000e-03	1.09356e+00	2.70000e+01
4.00000e-04	1.55737e+00	2.70000e+01
9.60000e-04	1.25285e+00	2.70000e+01
1.52000e-03	1.11640e+00	2.70000e+01
2.08000e-03	1.03147e+00	2.70000e+01
2.64000e-03	9.71043e-01	2.70000e+01
4.00000e-04	1.55737e+00	2.70000e+01
9.60000e-04	1.25285e+00	2.70000e+01
1.52000e-03	1.11640e+00	2.70000e+01
2.08000e-03	1.03147e+00	2.70000e+01
2.64000e-03	9.71043e-01	2.70000e+01
6.50000e-04	1.38084e+00	2.70000e+01
1.56000e-03	1.10912e+00	2.70000e+01
2.47000e-03	9.87566e-01	2.70000e+01
3.38000e-03	9.11969e-01	2.70000e+01
4.29000e-03	8.58218e-01	2.70000e+01
1.00000e-03	1.24012e+00	2.70000e+01
2.40000e-03	9.94785e-01	2.70000e+01
3.80000e-03	8.85175e-01	2.70000e+01
5.20000e-03	8.17057e-01	2.70000e+01
6.60000e-03	7.68648e-01	2.70000e+01
4.00000e-04	1.86188e+00	6.00000e+01
9.60000e-04	1.48817e+00	6.00000e+01
1.52000e-03	1.32195e+00	6.00000e+01
2.08000e-03	1.21891e+00	6.00000e+01
2.64000e-03	1.14579e+00	6.00000e+01
1.60000e-03	1.10207e+00	2.70000e+01
3.84000e-03	8.82816e-01	2.70000e+01
6.08000e-03	7.84995e-01	2.70000e+01
8.32000e-03	7.24249e-01	2.70000e+01
1.05600e-02	6.81101e-01	2.70000e+01
4.30000e-04	1.82789e+00	6.00000e+01
1.03200e-03	1.46074e+00	6.00000e+01
1.63400e-03	1.29748e+00	6.00000e+01
2.23600e-03	1.19627e+00	6.00000e+01
2.83800e-03	1.12446e+00	6.00000e+01
2.50000e-03	9.84549e-01	2.70000e+01
6.00000e-03	7.87664e-01	2.70000e+01
9.50000e-03	6.99934e-01	2.70000e+01
1.30000e-02	6.45492e-01	2.70000e+01
1.65000e-02	6.06840e-01	2.70000e+01
4.70000e-04	1.78689e+00	6.00000e+01
1.12800e-03	1.42767e+00	6.00000e+01
1.78600e-03	1.26797e+00	6.00000e+01
2.44400e-03	1.16898e+00	6.00000e+01
3.10200e-03	1.09875e+00	6.00000e+01
4.00000e-03	8.73678e-01	2.70000e+01
9.60000e-03	6.98048e-01	2.70000e+01
1.52000e-02	6.19888e-01	2.70000e+01
2.08000e-02	5.71419e-01	2.70000e+01
2.64000e-02	5.37024e-01	2.70000e+01
5.50000e-04	1.71659e+00	6.00000e+01
1.32000e-03	1.37099e+00	6.00000e+01
2.09000e-03	1.21739e+00	6.00000e+01
2.86000e-03	1.12221e+00	6.00000e+01
3.63000e-03	1.05469e+00	6.00000e+01
6.50000e-04	1.64478e+00	6.00000e+01
1.56000e-03	1.31311e+00	6.00000e+01
2.47000e-03	1.16577e+00	6.00000e+01
3.38000e-03	1.07448e+00	6.00000e+01
4.29000e-03	1.00973e+00	6.00000e+01
6.50000e-04	1.64478e+00	6.00000e+01
1.56000e-03	1.31311e+00	6.00000e+01
2.47000e-03	1.16577e+00	6.00000e+01
3.38000e-03	1.07448e+00	6.00000e+01
4.29000e-03	1.00973e+00	6.00000e+01
7.50000e-04	1.58556e+00	6.00000e+01
1.80000e-03	1.26541e+00	6.00000e+01
2.85000e-03	1.12323e+00	6.00000e+01
3.90000e-03	1.03515e+00	6.00000e+01
4.95000e-03	9.72694e-01	6.00000e+01
2.30000e-04	1.90713e+00	3.50000e+01
5.52000e-04	1.53317e+00	3.50000e+01
8.74000e-04	1.36576e+00	3.50000e+01
1.19600e-03	1.26161e+00	3.50000e+01
1.51800e-03	1.18755e+00	3.50000e+01
1.00000e-03	1.47263e+00	6.00000e+01
2.40000e-03	1.17450e+00	6.00000e+01
3.80000e-03	1.04218e+00	6.00000e+01
5.20000e-03	9.60247e-01	6.00000e+01
6.60000e-03	9.02158e-01	6.00000e+01
2.50000e-04	1.86811e+00	3.50000e+01
6.00000e-04	1.50141e+00	3.50000e+01
9.50000e-04	1.33730e+00	3.50000e+01
1.30000e-03	1.23522e+00	3.50000e+01
1.65000e-03	1.16263e+00	3.50000e+01
1.60000e-03	1.30455e+00	6.00000e+01
3.84000e-03	1.03934e+00	6.00000e+01
6.08000e-03	9.21760e-01	6.00000e+01
8.32000e-03	8.48984e-01	6.00000e+01
1.05600e-02	7.97410e-01	6.00000e+01
2.65500e-04	1.84043e+00	3.50000e+01
6.37200e-04	1.47890e+00	3.50000e+01
1.00890e-03	1.31713e+00	3.50000e+01
1.38060e-03	1.21651e+00	3.50000e+01
1.75230e-03	1.14497e+00	3.50000e+01
2.50000e-03	1.16212e+00	6.00000e+01
6.00000e-03	9.24962e-01	6.00000e+01
9.50000e-03	8.19908e-01	6.00000e+01
1.30000e-02	7.54921e-01	6.00000e+01
1.65000e-02	7.08881e-01	6.00000e+01
2.87000e-04	1.80518e+00	3.50000e+01
6.88800e-04	1.45022e+00	3.50000e+01
1.09060e-03	1.29144e+00	3.50000e+01
1.49240e-03	1.19269e+00	3.50000e+01
1.89420e-03	1.12249e+00	3.50000e+01
4.00000e-03	1.02834e+00	6.00000e+01
9.60000e-03	8.17654e-01	6.00000e+01
1.52000e-02	7.24414e-01	6.00000e+01
2.08000e-02	6.66763e-01	6.00000e+01
2.64000e-02	6.25936e-01	6.00000e+01
3.08000e-04	1.77375e+00	3.50000e+01
7.39200e-04	1.42467e+00	3.50000e+01
1.17040e-03	1.26855e+00	3.50000e+01
1.60160e-03	1.17147e+00	3.50000e+01
2.03280e-03	1.10246e+00	3.50000e+01
3.28500e-04	1.74553e+00	3.50000e+01
7.88400e-04	1.40173e+00	3.50000e+01
1.24830e-03	1.24800e+00	3.50000e+01
1.70820e-03	1.15242e+00	3.50000e+01
2.16810e-03	1.08448e+00	3.50000e+01
4.00000e-04	1.66188e+00	3.50000e+01
9.60000e-04	1.33377e+00	3.50000e+01
1.52000e-03	1.18715e+00	3.50000e+01
2.08000e-03	1.09602e+00	3.50000e+01
2.64000e-03	1.03125e+00	3.50000e+01
4.00000e-04	1.66188e+00	3.50000e+01
9.60000e-04	1.33377e+00	3.50000e+01
1.52000e-03	1.18715e+00	3.50000e+01
2.08000e-03	1.09602e+00	3.50000e+01
2.64000e-03	1.03125e+00	3.50000e+01
5.00000e-04	1.57167e+00	3.50000e+01
1.20000e-03	1.26055e+00	3.50000e+01
1.90000e-03	1.12161e+00	3.50000e+01
2.60000e-03	1.03529e+00	3.50000e+01
3.30000e-03	9.73955e-01	3.50000e+01
6.50000e-04	1.47152e+00	3.50000e+01
1.56000e-03	1.17934e+00	3.50000e+01
2.47000e-03	1.04896e+00	3.50000e+01
3.38000e-03	9.67988e-01	3.50000e+01
4.29000e-03	9.10470e-01	3.50000e+01
4.61000e-04	1.84581e+00	7.00000e+01
1.10640e-03	1.47336e+00	7.00000e+01
1.75180e-03	1.30795e+00	7.00000e+01
2.39720e-03	1.20548e+00	7.00000e+01
3.04260e-03	1.13281e+00	7.00000e+01
5.00000e-04	1.80777e+00	7.00000e+01
1.20000e-03	1.44273e+00	7.00000e+01
1.90000e-03	1.28064e+00	7.00000e+01
2.60000e-03	1.18024e+00	7.00000e+01
3.30000e-03	1.10904e+00	7.00000e+01
5.50000e-04	1.76409e+00	7.00000e+01
1.32000e-03	1.40757e+00	7.00000e+01
2.09000e-03	1.24929e+00	7.00000e+01
2.86000e-03	1.15126e+00	7.00000e+01
3.63000e-03	1.08175e+00	7.00000e+01
6.20000e-04	1.71063e+00	7.00000e+01
1.48800e-03	1.36454e+00	7.00000e+01
2.35600e-03	1.21093e+00	7.00000e+01
3.22400e-03	1.11581e+00	7.00000e+01
4.09200e-03	1.04838e+00	7.00000e+01
1.00000e-03	1.68008e+00	1.50000e+02
2.40000e-03	1.33382e+00	1.50000e+02
3.80000e-03	1.18093e+00	1.50000e+02
5.20000e-03	1.08650e+00	1.50000e+02
6.60000e-03	1.01969e+00	1.50000e+02
6.50000e-04	1.68997e+00	7.00000e+01
1.56000e-03	1.34791e+00	7.00000e+01
2.47000e-03	1.19612e+00	7.00000e+01
3.38000e-03	1.10212e+00	7.00000e+01
4.29000e-03	1.03548e+00	7.00000e+01
1.60000e-03	1.48458e+00	1.50000e+02
3.84000e-03	1.17765e+00	1.50000e+02
6.08000e-03	1.04222e+00	1.50000e+02
8.32000e-03	9.58621e-01	1.50000e+02
1.05600e-02	8.99479e-01	1.50000e+02
6.50000e-04	1.68997e+00	7.00000e+01
1.56000e-03	1.34791e+00	7.00000e+01
2.47000e-03	1.19612e+00	7.00000e+01
3.38000e-03	1.10212e+00	7.00000e+01
4.29000e-03	1.03548e+00	7.00000e+01
1.60000e-03	1.48458e+00	1.50000e+02
3.84000e-03	1.17765e+00	1.50000e+02
6.08000e-03	1.04222e+00	1.50000e+02
8.32000e-03	9.58621e-01	1.50000e+02
1.05600e-02	8.99479e-01	1.50000e+02
1.00000e-03	1.51237e+00	7.00000e+01
2.40000e-03	1.20511e+00	7.00000e+01
3.80000e-03	1.06888e+00	7.00000e+01
5.20000e-03	9.84568e-01	7.00000e+01
6.60000e-03	9.24815e-01	7.00000e+01
2.50000e-03	1.31949e+00	1.50000e+02
6.00000e-03	1.04590e+00	1.50000e+02
9.50000e-03	9.25268e-01	1.50000e+02
1.30000e-02	8.50824e-01	1.50000e+02
1.65000e-02	7.98174e-01	1.50000e+02
1.00000e-03	1.51237e+00	7.00000e+01
2.40000e-03	1.20511e+00	7.00000e+01
3.80000e-03	1.06888e+00	7.00000e+01
5.20000e-03	9.84568e-01	7.00000e+01
6.60000e-03	9.24815e-01	7.00000e+01
4.00000e-03	1.16496e+00	1.50000e+02
9.60000e-03	9.22684e-01	1.50000e+02
1.52000e-02	8.15928e-01	1.50000e+02
2.08000e-02	7.50075e-01	1.50000e+02
2.64000e-02	7.03513e-01	1.50000e+02
1.25000e-03	1.42757e+00	7.00000e+01
3.00000e-03	1.13699e+00	7.00000e+01
4.75000e-03	1.00822e+00	7.00000e+01
6.50000e-03	9.28535e-01	7.00000e+01
8.25000e-03	8.72075e-01	7.00000e+01
1.60000e-03	1.33909e+00	7.00000e+01
3.84000e-03	1.06596e+00	7.00000e+01
6.08000e-03	9.44977e-01	7.00000e+01
8.32000e-03	8.70136e-01	7.00000e+01
1.05600e-02	8.17117e-01	7.00000e+01
2.50000e-03	1.19236e+00	7.00000e+01
6.00000e-03	9.48270e-01	7.00000e+01
9.50000e-03	8.40244e-01	7.00000e+01
1.30000e-02	7.73449e-01	7.00000e+01
1.65000e-02	7.26145e-01	7.00000e+01
4.00000e-03	1.05463e+00	7.00000e+01
9.60000e-03	8.37926e-01	7.00000e+01
1.52000e-02	7.42103e-01	7.00000e+01
2.08000e-02	6.82883e-01	7.00000e+01
2.64000e-02	6.40957e-01	7.00000e+01
1.30000e-03	1.61440e+00	2.00000e+02
3.12000e-03	1.27968e+00	2.00000e+02
4.94000e-03	1.13212e+00	2.00000e+02
6.76000e-03	1.04107e+00	2.00000e+02
8.58000e-03	9.76677e-01	2.00000e+02
1.60000e-03	1.52803e+00	2.00000e+02
3.84000e-03	1.21082e+00	2.00000e+02
6.08000e-03	1.07101e+00	2.00000e+02
8.32000e-03	9.84764e-01	2.00000e+02
1.05600e-02	9.23776e-01	2.00000e+02
6.50000e-04	1.75907e+00	9.00000e+01
1.56000e-03	1.40104e+00	9.00000e+01
2.47000e-03	1.24241e+00	9.00000e+01
3.38000e-03	1.14427e+00	9.00000e+01
4.29000e-03	1.07473e+00	9.00000e+01
1.60000e-03	1.52803e+00	2.00000e+02
3.84000e-03	1.21082e+00	2.00000e+02
6.08000e-03	1.07101e+00	2.00000e+02
8.32000e-03	9.84764e-01	2.00000e+02
1.05600e-02	9.23776e-01	2.00000e+02
7.50000e-04	1.69505e+00	9.00000e+01
1.80000e-03	1.34966e+00	9.00000e+01
2.85000e-03	1.19667e+00	9.00000e+01
3.90000e-03	1.10202e+00	9.00000e+01
4.95000e-03	1.03497e+00	9.00000e+01
2.50000e-03	1.35736e+00	2.00000e+02
6.00000e-03	1.07481e+00	2.00000e+02
9.50000e-03	9.50367e-01	2.00000e+02
1.30000e-02	8.73619e-01	2.00000e+02
1.65000e-02	8.19362e-01	2.00000e+02
1.00000e-03	1.57308e+00	9.00000e+01
2.40000e-03	1.25181e+00	9.00000e+01
3.80000e-03	1.10958e+00	9.00000e+01
5.20000e-03	1.02162e+00	9.00000e+01
6.60000e-03	9.59318e-01	9.00000e+01
2.50000e-03	1.35736e+00	2.00000e+02
6.00000e-03	1.07481e+00	2.00000e+02
9.50000e-03	9.50367e-01	2.00000e+02
1.30000e-02	8.73619e-01	2.00000e+02
1.65000e-02	8.19362e-01	2.00000e+02
1.00000e-03	1.57308e+00	9.00000e+01
2.40000e-03	1.25181e+00	9.00000e+01
3.80000e-03	1.10958e+00	9.00000e+01
5.20000e-03	1.02162e+00	9.00000e+01
6.60000e-03	9.59318e-01	9.00000e+01
4.00000e-03	1.19771e+00	2.00000e+02
9.60000e-03	9.47702e-01	2.00000e+02
1.52000e-02	8.37656e-01	2.00000e+02
2.08000e-02	7.69812e-01	2.00000e+02
2.64000e-02	7.21861e-01	2.00000e+02
1.60000e-03	1.39182e+00	9.00000e+01
3.84000e-03	1.10653e+00	9.00000e+01
6.08000e-03	9.80336e-01	9.00000e+01
8.32000e-03	9.02333e-01	9.00000e+01
1.05600e-02	8.47103e-01	9.00000e+01
2.50000e-03	1.23849e+00	9.00000e+01
6.00000e-03	9.83769e-01	9.00000e+01
9.50000e-03	8.71191e-01	9.00000e+01
1.30000e-02	8.01633e-01	9.00000e+01
1.65000e-02	7.52396e-01	9.00000e+01
4.00000e-03	1.09471e+00	9.00000e+01
9.60000e-03	8.68777e-01	9.00000e+01
1.52000e-02	7.69003e-01	9.00000e+01
2.08000e-02	7.07383e-01	9.00000e+01
2.64000e-02	6.63779e-01	9.00000e+01
8.00000e-04	1.73436e+00	1.20000e+02
1.92000e-03	1.37882e+00	1.20000e+02
3.04000e-03	1.22160e+00	1.20000e+02
4.16000e-03	1.12443e+00	1.20000e+02
5.28000e-03	1.05563e+00	1.20000e+02
1.65000e-03	1.54467e+00	2.50000e+02
3.96000e-03	1.22300e+00	2.50000e+02
6.27000e-03	1.08136e+00	2.50000e+02
8.58000e-03	9.94023e-01	2.50000e+02
1.08900e-02	9.32283e-01	2.50000e+02
8.60000e-04	1.70190e+00	1.20000e+02
2.06400e-03	1.35283e+00	1.20000e+02
3.26800e-03	1.19850e+00	1.20000e+02
4.47200e-03	1.10311e+00	1.20000e+02
5.67600e-03	1.03559e+00	1.20000e+02
2.50000e-03	1.38285e+00	2.50000e+02
6.00000e-03	1.09421e+00	2.50000e+02
9.50000e-03	9.67171e-01	2.50000e+02
1.30000e-02	8.88860e-01	2.50000e+02
1.65000e-02	8.33514e-01	2.50000e+02
9.40000e-04	1.66280e+00	1.20000e+02
2.25600e-03	1.32153e+00	1.20000e+02
3.57200e-03	1.17066e+00	1.20000e+02
4.88800e-03	1.07743e+00	1.20000e+02
6.20400e-03	1.01143e+00	1.20000e+02
2.50000e-03	1.38285e+00	2.50000e+02
6.00000e-03	1.09421e+00	2.50000e+02
9.50000e-03	9.67171e-01	2.50000e+02
1.30000e-02	8.88860e-01	2.50000e+02
1.65000e-02	8.33514e-01	2.50000e+02
1.00000e-03	1.63611e+00	1.20000e+02
2.40000e-03	1.30017e+00	1.20000e+02
3.80000e-03	1.15167e+00	1.20000e+02
5.20000e-03	1.05991e+00	1.20000e+02
6.60000e-03	9.94958e-01	1.20000e+02
4.00000e-03	1.21972e+00	2.50000e+02
9.60000e-03	9.64452e-01	2.50000e+02
1.52000e-02	8.52174e-01	2.50000e+02
2.08000e-02	7.82981e-01	2.50000e+02
2.64000e-02	7.34091e-01	2.50000e+02
1.06000e-03	1.61135e+00	1.20000e+02
2.54400e-03	1.28036e+00	1.20000e+02
4.02800e-03	1.13406e+00	1.20000e+02
5.51200e-03	1.04367e+00	1.20000e+02
6.99600e-03	9.79681e-01	1.20000e+02
1.06000e-03	1.61135e+00	1.20000e+02
2.54400e-03	1.28036e+00	1.20000e+02
4.02800e-03	1.13406e+00	1.20000e+02
5.51200e-03	1.04367e+00	1.20000e+02
6.99600e-03	9.79681e-01	1.20000e+02
1.35000e-03	1.51243e+00	1.20000e+02
3.24000e-03	1.20122e+00	1.20000e+02
5.13000e-03	1.06373e+00	1.20000e+02
7.02000e-03	9.78790e-01	1.20000e+02
8.91000e-03	9.18675e-01	1.20000e+02
1.60000e-03	1.44649e+00	1.20000e+02
3.84000e-03	1.14849e+00	1.20000e+02
6.08000e-03	1.01687e+00	1.20000e+02
8.32000e-03	9.35573e-01	1.20000e+02
1.05600e-02	8.78041e-01	1.20000e+02
1.60000e-03	1.44649e+00	1.20000e+02
3.84000e-03	1.14849e+00	1.20000e+02
6.08000e-03	1.01687e+00	1.20000e+02
8.32000e-03	9.35573e-01	1.20000e+02
1.05600e-02	8.78041e-01	1.20000e+02
2.50000e-03	1.28626e+00	1.20000e+02
6.00000e-03	1.02045e+00	1.20000e+02
9.50000e-03	9.03130e-01	1.20000e+02
1.30000e-02	8.30696e-01	1.20000e+02
1.65000e-02	7.79450e-01	1.20000e+02
4.00000e-03	1.13616e+00	1.20000e+02
9.60000e-03	9.00616e-01	1.20000e+02
1.52000e-02	7.96733e-01	1.20000e+02
2.08000e-02	7.32620e-01	1.20000e+02
2.64000e-02	6.87274e-01	1.20000e+02
1.95000e-03	1.49737e+00	3.00000e+02
4.68000e-03	1.18458e+00	3.00000e+02
7.41000e-03	1.04696e+00	3.00000e+02
1.01400e-02	9.62139e-01	3.00000e+02
1.28700e-02	9.02197e-01	3.00000e+02
2.50000e-03	1.40121e+00	3.00000e+02
6.00000e-03	1.10811e+00	3.00000e+02
9.50000e-03	9.79198e-01	3.00000e+02
1.30000e-02	8.99752e-01	3.00000e+02
1.65000e-02	8.43617e-01	3.00000e+02
2.50000e-03	1.40121e+00	3.00000e+02
6.00000e-03	1.10811e+00	3.00000e+02
9.50000e-03	9.79198e-01	3.00000e+02
1.30000e-02	8.99752e-01	3.00000e+02
1.65000e-02	8.43617e-01	3.00000e+02
4.00000e-03	1.23553e+00	3.00000e+02
9.60000e-03	9.76438e-01	3.00000e+02
1.52000e-02	8.62542e-01	3.00000e+02
2.08000e-02	7.92374e-01	3.00000e+02
2.64000e-02	7.42805e-01	3.00000e+02
4.00000e-03	1.23553e+00	3.00000e+02
9.60000e-03	9.76438e-01	3.00000e+02
1.52000e-02	8.62542e-01	3.00000e+02
2.08000e-02	7.92374e-01	3.00000e+02
2.64000e-02	7.42805e-01	3.00000e+02
2.65000e-03	1.40365e+00	4.00000e+02
6.36000e-03	1.10904e+00	4.00000e+02
1.00700e-02	9.79587e-01	4.00000e+02
1.37800e-02	8.99849e-01	4.00000e+02
1.74900e-02	8.43528e-01	4.00000e+02
4.00000e-03	1.25662e+00	4.00000e+02
9.60000e-03	9.92331e-01	4.00000e+02
1.52000e-02	8.76247e-01	4.00000e+02
2.08000e-02	8.04765e-01	4.00000e+02
2.64000e-02	7.54282e-01	4.00000e+02
4.00000e-03	1.25662e+00	4.00000e+02
9.60000e-03	9.92331e-01	4.00000e+02
1.52000e-02	8.76247e-01	4.00000e+02
2.08000e-02	8.04765e-01	4.00000e+02
2.64000e-02	7.54282e-01	4.00000e+02
3.30000e-03	1.33744e+00	5.00000e+02
7.92000e-03	1.05582e+00	5.00000e+02
1.25400e-02	9.32171e-01	5.00000e+02
1.71600e-02	8.56047e-01	5.00000e+02
2.17800e-02	8.02294e-01	5.00000e+02
4.00000e-03	1.26985e+00	5.00000e+02
9.60000e-03	1.00221e+00	5.00000e+02
1.52000e-02	8.84731e-01	5.00000e+02
2.08000e-02	8.12410e-01	5.00000e+02
2.64000e-02	7.61347e-01	5.00000e+02
4.00000e-03	1.26985e+00	5.00000e+02
9.60000e-03	1.00221e+00	5.00000e+02
1.52000e-02	8.84731e-01	5.00000e+02
2.08000e-02	8.12410e-01	5.00000e+02
2.64000e-02	7.61347e-01	5.00000e+02
4.25000e-03	1.26126e+00	6.50000e+02
1.02000e-02	9.94744e-01	6.50000e+02
1.61500e-02	8.77836e-01	6.50000e+02
2.21000e-02	8.05897e-01	6.50000e+02
2.80500e-02	7.55118e-01	6.50000e+02
4.25000e-03	1.26126e+00	6.50000e+02
1.02000e-02	9.94744e-01	6.50000e+02
1.61500e-02	8.77836e-01	6.50000e+02
2.21000e-02	8.05897e-01	6.50000e+02
2.80500e-02	7.55118e-01	6.50000e+02
