3.10500e-07	8.16657e-02	4.50000e-02
7.45200e-07	7.79984e-02	4.50000e-02
1.17990e-06	7.61100e-02	4.50000e-02
1.61460e-06	7.48343e-02	4.50000e-02
2.04930e-06	7.38714e-02	4.50000e-02
3.31000e-05	3.00771e-01	3.50000e-01
7.94400e-05	2.75297e-01	3.50000e-01
1.25780e-04	2.62325e-01	3.50000e-01
1.72120e-04	2.53632e-01	3.50000e-01
2.18460e-04	2.47113e-01	3.50000e-01
4.48500e-07	1.09980e-01	6.50000e-02
1.07640e-06	1.04661e-01	6.50000e-02
1.70430e-06	1.01921e-01	6.50000e-02
2.33220e-06	1.00071e-01	6.50000e-02
2.96010e-06	9.86742e-02	6.50000e-02
6.50000e-05	2.81046e-01	3.50000e-01
1.56000e-04	2.56343e-01	3.50000e-01
2.47000e-04	2.43786e-01	3.50000e-01
3.38000e-04	2.35381e-01	3.50000e-01
4.29000e-04	2.29085e-01	3.50000e-01
5.10000e-07	1.09191e-01	6.50000e-02
1.22400e-06	1.03891e-01	6.50000e-02
1.93800e-06	1.01161e-01	6.50000e-02
2.65200e-06	9.93170e-02	6.50000e-02
3.36600e-06	9.79248e-02	6.50000e-02
1.10000e-04	2.66080e-01	3.50000e-01
2.64000e-04	2.41991e-01	3.50000e-01
4.18000e-04	2.29767e-01	3.50000e-01
5.72000e-04	2.21594e-01	3.50000e-01
7.26000e-04	2.15477e-01	3.50000e-01
5.85000e-07	1.35997e-01	8.50000e-02
1.40400e-06	1.29021e-01	8.50000e-02
2.22300e-06	1.25429e-01	8.50000e-02
3.04200e-06	1.23003e-01	8.50000e-02
3.86100e-06	1.21172e-01	8.50000e-02
2.50000e-04	2.43460e-01	3.50000e-01
6.00000e-04	2.20361e-01	3.50000e-01
9.50000e-04	2.08676e-01	3.50000e-01
1.30000e-03	2.00879e-01	3.50000e-01
1.65000e-03	1.95053e-01	3.50000e-01
6.70000e-07	1.34904e-01	8.50000e-02
1.60800e-06	1.27956e-01	8.50000e-02
2.54600e-06	1.24377e-01	8.50000e-02
3.48400e-06	1.21960e-01	8.50000e-02
4.42200e-06	1.20135e-01	8.50000e-02
1.25500e-03	2.01748e-01	3.50000e-01
3.01200e-03	1.80734e-01	3.50000e-01
4.76900e-03	1.70188e-01	3.50000e-01
6.52600e-03	1.63187e-01	3.50000e-01
8.28300e-03	1.57975e-01	3.50000e-01
7.80000e-07	1.33685e-01	8.50000e-02
1.87200e-06	1.26767e-01	8.50000e-02
2.96400e-06	1.23203e-01	8.50000e-02
4.05600e-06	1.20795e-01	8.50000e-02
5.14800e-06	1.18977e-01	8.50000e-02
4.41500e-06	4.00768e-01	4.00000e-01
1.05960e-05	3.69152e-01	4.00000e-01
1.67770e-05	3.53029e-01	4.00000e-01
2.29580e-05	3.42212e-01	4.00000e-01
2.91390e-05	3.34092e-01	4.00000e-01
7.55000e-07	1.66091e-01	1.10000e-01
1.81200e-06	1.57043e-01	1.10000e-01
2.86900e-06	1.52386e-01	1.10000e-01
3.92600e-06	1.49241e-01	1.10000e-01
4.98300e-06	1.46869e-01	1.10000e-01
5.50000e-06	3.92722e-01	4.00000e-01
1.32000e-05	3.61402e-01	4.00000e-01
2.09000e-05	3.45435e-01	4.00000e-01
2.86000e-05	3.34725e-01	4.00000e-01
3.63000e-05	3.26687e-01	4.00000e-01
8.65000e-07	1.64669e-01	1.10000e-01
2.07600e-06	1.55658e-01	1.10000e-01
3.28700e-06	1.51019e-01	1.10000e-01
4.49800e-06	1.47886e-01	1.10000e-01
5.70900e-06	1.45522e-01	1.10000e-01
6.65000e-06	3.85829e-01	4.00000e-01
1.59600e-05	3.54765e-01	4.00000e-01
2.52700e-05	3.38933e-01	4.00000e-01
3.45800e-05	3.28316e-01	4.00000e-01
4.38900e-05	3.20349e-01	4.00000e-01
1.01000e-06	1.63057e-01	1.10000e-01
2.42400e-06	1.54087e-01	1.10000e-01
3.83800e-06	1.49468e-01	1.10000e-01
5.25200e-06	1.46348e-01	1.10000e-01
6.66600e-06	1.43993e-01	1.10000e-01
8.50000e-06	3.77000e-01	4.00000e-01
2.04000e-05	3.46268e-01	4.00000e-01
3.23000e-05	3.30612e-01	4.00000e-01
4.42000e-05	3.20115e-01	4.00000e-01
5.61000e-05	3.12240e-01	4.00000e-01
1.21500e-06	1.61144e-01	1.10000e-01
2.91600e-06	1.52222e-01	1.10000e-01
4.61700e-06	1.47626e-01	1.10000e-01
6.31800e-06	1.44522e-01	1.10000e-01
8.01900e-06	1.42179e-01	1.10000e-01
1.10000e-05	3.67827e-01	4.00000e-01
2.64000e-05	3.37443e-01	4.00000e-01
4.18000e-05	3.21972e-01	4.00000e-01
5.72000e-05	3.11602e-01	4.00000e-01
7.26000e-05	3.03825e-01	4.00000e-01
1.03500e-06	2.09877e-01	1.50000e-01
2.48400e-06	1.97527e-01	1.50000e-01
3.93300e-06	1.91176e-01	1.50000e-01
5.38200e-06	1.86890e-01	1.50000e-01
6.83100e-06	1.83658e-01	1.50000e-01
1.84000e-05	3.49829e-01	4.00000e-01
4.41600e-05	3.20145e-01	4.00000e-01
6.99200e-05	3.05046e-01	4.00000e-01
9.56800e-05	2.94933e-01	4.00000e-01
1.21440e-04	2.87352e-01	4.00000e-01
1.18000e-06	2.08006e-01	1.50000e-01
2.83200e-06	1.95706e-01	1.50000e-01
4.48400e-06	1.89379e-01	1.50000e-01
6.13600e-06	1.85110e-01	1.50000e-01
7.78800e-06	1.81890e-01	1.50000e-01
4.41500e-05	3.20152e-01	4.00000e-01
1.05960e-04	2.91676e-01	4.00000e-01
1.67770e-04	2.77224e-01	4.00000e-01
2.29580e-04	2.67559e-01	4.00000e-01
2.91390e-04	2.60323e-01	4.00000e-01
1.38000e-06	2.05782e-01	1.50000e-01
3.31200e-06	1.93541e-01	1.50000e-01
5.24400e-06	1.87243e-01	1.50000e-01
7.17600e-06	1.82993e-01	1.50000e-01
9.10800e-06	1.79788e-01	1.50000e-01
8.80000e-05	2.97615e-01	4.00000e-01
2.11200e-04	2.70114e-01	4.00000e-01
3.34400e-04	2.56188e-01	4.00000e-01
4.57600e-04	2.46889e-01	4.00000e-01
5.80800e-04	2.39935e-01	4.00000e-01
1.65500e-06	2.03214e-01	1.50000e-01
3.97200e-06	1.91040e-01	1.50000e-01
6.28900e-06	1.84776e-01	1.50000e-01
8.60600e-06	1.80548e-01	1.50000e-01
1.09230e-05	1.77359e-01	1.50000e-01
1.47000e-04	2.81345e-01	4.00000e-01
3.52800e-04	2.54588e-01	4.00000e-01
5.58600e-04	2.41065e-01	4.00000e-01
7.64400e-04	2.32046e-01	4.00000e-01
9.70200e-04	2.25308e-01	4.00000e-01
2.07000e-06	2.00072e-01	1.50000e-01
4.96800e-06	1.87980e-01	1.50000e-01
7.86600e-06	1.81756e-01	1.50000e-01
1.07640e-05	1.77555e-01	1.50000e-01
1.36620e-05	1.74386e-01	1.50000e-01
3.15500e-04	2.57931e-01	4.00000e-01
7.57200e-04	2.32316e-01	4.00000e-01
1.19890e-03	2.19412e-01	4.00000e-01
1.64060e-03	2.10826e-01	4.00000e-01
2.08230e-03	2.04421e-01	4.00000e-01
2.51000e-06	1.97382e-01	1.50000e-01
6.02400e-06	1.85360e-01	1.50000e-01
9.53800e-06	1.79170e-01	1.50000e-01
1.30520e-05	1.74991e-01	1.50000e-01
1.65660e-05	1.71839e-01	1.50000e-01
3.66000e-06	4.80079e-01	5.00000e-01
8.78400e-06	4.40444e-01	5.00000e-01
1.39080e-05	4.20291e-01	5.00000e-01
1.90320e-05	4.06794e-01	5.00000e-01
2.41560e-05	3.96676e-01	5.00000e-01
1.57500e-06	2.56656e-01	2.00000e-01
3.78000e-06	2.40281e-01	2.00000e-01
5.98500e-06	2.31870e-01	2.00000e-01
8.19000e-06	2.26200e-01	2.00000e-01
1.03950e-05	2.21927e-01	2.00000e-01
4.30000e-06	4.72662e-01	5.00000e-01
1.03200e-05	4.33325e-01	5.00000e-01
1.63400e-05	4.13330e-01	5.00000e-01
2.23600e-05	3.99941e-01	5.00000e-01
2.83800e-05	3.89907e-01	5.00000e-01
1.84000e-06	2.53713e-01	2.00000e-01
4.41600e-06	2.37421e-01	2.00000e-01
6.99200e-06	2.29052e-01	2.00000e-01
9.56800e-06	2.23409e-01	2.00000e-01
1.21440e-05	2.19158e-01	2.00000e-01
7.90000e-06	4.45160e-01	5.00000e-01
1.89600e-05	4.06955e-01	5.00000e-01
3.00200e-05	3.87560e-01	5.00000e-01
4.10800e-05	3.74584e-01	5.00000e-01
5.21400e-05	3.64866e-01	5.00000e-01
2.20500e-06	2.50307e-01	2.00000e-01
5.29200e-06	2.34110e-01	2.00000e-01
8.37900e-06	2.25790e-01	2.00000e-01
1.14660e-05	2.20179e-01	2.00000e-01
1.45530e-05	2.15952e-01	2.00000e-01
1.06000e-05	4.32148e-01	5.00000e-01
2.54400e-05	3.94494e-01	5.00000e-01
4.02800e-05	3.75392e-01	5.00000e-01
5.51200e-05	3.62618e-01	5.00000e-01
6.99600e-05	3.53054e-01	5.00000e-01
2.76000e-06	2.46110e-01	2.00000e-01
6.62400e-06	2.30030e-01	2.00000e-01
1.04880e-05	2.21768e-01	2.00000e-01
1.43520e-05	2.16198e-01	2.00000e-01
1.82160e-05	2.12001e-01	2.00000e-01
1.38000e-05	4.20629e-01	5.00000e-01
3.31200e-05	3.83471e-01	5.00000e-01
5.24400e-05	3.64633e-01	5.00000e-01
7.17600e-05	3.52043e-01	5.00000e-01
9.10800e-05	3.42619e-01	5.00000e-01
3.34500e-06	2.42540e-01	2.00000e-01
8.02800e-06	2.26559e-01	2.00000e-01
1.27110e-05	2.18348e-01	2.00000e-01
1.73940e-05	2.12811e-01	2.00000e-01
2.20770e-05	2.08639e-01	2.00000e-01
1.99000e-05	4.04892e-01	5.00000e-01
4.77600e-05	3.68428e-01	5.00000e-01
7.56200e-05	3.49961e-01	5.00000e-01
1.03480e-04	3.37626e-01	5.00000e-01
1.31340e-04	3.28398e-01	5.00000e-01
4.24500e-06	2.38146e-01	2.00000e-01
1.01880e-05	2.22287e-01	2.00000e-01
1.61310e-05	2.14137e-01	2.00000e-01
2.20740e-05	2.08641e-01	2.00000e-01
2.80170e-05	2.04500e-01	2.00000e-01
5.00000e-05	3.66565e-01	5.00000e-01
1.20000e-04	3.31878e-01	5.00000e-01
1.90000e-04	3.14363e-01	5.00000e-01
2.60000e-04	3.02688e-01	5.00000e-01
3.30000e-04	2.93967e-01	5.00000e-01
5.50000e-06	2.33408e-01	2.00000e-01
1.32000e-05	2.17679e-01	2.00000e-01
2.09000e-05	2.09595e-01	2.00000e-01
2.86000e-05	2.04144e-01	2.00000e-01
3.63000e-05	2.00037e-01	2.00000e-01
1.25500e-04	3.30149e-01	5.00000e-01
3.01200e-04	2.97292e-01	5.00000e-01
4.76900e-04	2.80763e-01	5.00000e-01
6.52600e-04	2.69771e-01	5.00000e-01
8.28300e-04	2.61575e-01	5.00000e-01
1.99000e-05	2.10452e-01	2.00000e-01
4.77600e-05	1.95348e-01	2.00000e-01
7.56200e-05	1.87587e-01	2.00000e-01
1.03480e-04	1.82355e-01	2.00000e-01
1.31340e-04	1.78415e-01	2.00000e-01
1.84000e-04	3.15571e-01	5.00000e-01
4.41600e-04	2.83494e-01	5.00000e-01
6.99200e-04	2.67385e-01	5.00000e-01
9.56800e-04	2.56686e-01	5.00000e-01
1.21440e-03	2.48715e-01	5.00000e-01
1.25500e-04	1.79164e-01	2.00000e-01
3.01200e-04	1.64942e-01	2.00000e-01
4.76900e-04	1.57651e-01	2.00000e-01
6.52600e-04	1.52746e-01	2.00000e-01
8.28300e-04	1.49057e-01	2.00000e-01
4.00000e-04	2.87028e-01	5.00000e-01
9.60000e-04	2.56573e-01	5.00000e-01
1.52000e-03	2.41340e-01	5.00000e-01
2.08000e-03	2.31246e-01	5.00000e-01
2.64000e-03	2.23741e-01	5.00000e-01
1.97000e-06	3.00669e-01	2.50000e-01
4.72800e-06	2.80272e-01	2.50000e-01
7.48600e-06	2.69812e-01	2.50000e-01
1.02440e-05	2.62769e-01	2.50000e-01
1.30020e-05	2.57466e-01	2.50000e-01
1.60000e-03	2.39672e-01	5.00000e-01
3.84000e-03	2.12240e-01	5.00000e-01
6.08000e-03	1.98631e-01	5.00000e-01
8.32000e-03	1.89660e-01	5.00000e-01
1.05600e-02	1.83014e-01	5.00000e-01
2.30000e-06	2.97015e-01	2.50000e-01
5.52000e-06	2.76728e-01	2.50000e-01
8.74000e-06	2.66325e-01	2.50000e-01
1.19600e-05	2.59319e-01	2.50000e-01
1.51800e-05	2.54045e-01	2.50000e-01
4.76000e-06	5.63865e-01	6.50000e-01
1.14240e-05	5.13567e-01	6.50000e-01
1.80880e-05	4.88115e-01	6.50000e-01
2.47520e-05	4.71123e-01	6.50000e-01
3.14160e-05	4.58415e-01	6.50000e-01
2.76000e-06	2.92739e-01	2.50000e-01
6.62400e-06	2.72581e-01	2.50000e-01
1.04880e-05	2.62243e-01	2.50000e-01
1.43520e-05	2.55282e-01	2.50000e-01
1.82160e-05	2.50041e-01	2.50000e-01
5.60000e-06	5.54350e-01	6.50000e-01
1.34400e-05	5.04491e-01	6.50000e-01
2.12800e-05	4.79272e-01	6.50000e-01
2.91200e-05	4.62441e-01	6.50000e-01
3.69600e-05	4.49856e-01	6.50000e-01
3.45000e-06	2.87542e-01	2.50000e-01
8.28000e-06	2.67540e-01	2.50000e-01
1.31100e-05	2.57283e-01	2.50000e-01
1.79400e-05	2.50375e-01	2.50000e-01
2.27700e-05	2.45176e-01	2.50000e-01
7.90000e-06	5.34471e-01	6.50000e-01
1.89600e-05	4.85545e-01	6.50000e-01
3.00200e-05	4.60824e-01	6.50000e-01
4.10800e-05	4.44335e-01	6.50000e-01
5.21400e-05	4.32012e-01	6.50000e-01
4.18000e-06	2.83105e-01	2.50000e-01
1.00320e-05	2.63236e-01	2.50000e-01
1.58840e-05	2.53047e-01	2.50000e-01
2.17360e-05	2.46186e-01	2.50000e-01
2.75880e-05	2.41021e-01	2.50000e-01
8.20000e-06	5.32340e-01	6.50000e-01
1.96800e-05	4.83515e-01	6.50000e-01
3.11600e-05	4.58848e-01	6.50000e-01
4.26400e-05	4.42396e-01	6.50000e-01
5.41200e-05	4.30102e-01	6.50000e-01
5.30000e-06	2.77657e-01	2.50000e-01
1.27200e-05	2.57952e-01	2.50000e-01
2.01400e-05	2.47847e-01	2.50000e-01
2.75600e-05	2.41043e-01	2.50000e-01
3.49800e-05	2.35922e-01	2.50000e-01
1.99000e-05	4.82911e-01	6.50000e-01
4.77600e-05	4.36526e-01	6.50000e-01
7.56200e-05	4.13162e-01	6.50000e-01
1.03480e-04	3.97609e-01	6.50000e-01
1.31340e-04	3.86003e-01	6.50000e-01
6.90000e-06	2.71656e-01	2.50000e-01
1.65600e-05	2.52131e-01	2.50000e-01
2.62200e-05	2.42120e-01	2.50000e-01
3.58800e-05	2.35379e-01	2.50000e-01
4.55400e-05	2.30306e-01	2.50000e-01
2.99000e-05	4.61036e-01	6.50000e-01
7.17600e-05	4.15791e-01	6.50000e-01
1.13620e-04	3.93036e-01	6.50000e-01
1.55480e-04	3.77904e-01	6.50000e-01
1.97340e-04	3.66621e-01	6.50000e-01
1.15000e-05	2.60191e-01	2.50000e-01
2.76000e-05	2.41012e-01	2.50000e-01
4.37000e-05	2.31181e-01	2.50000e-01
5.98000e-05	2.24563e-01	2.50000e-01
7.59000e-05	2.19584e-01	2.50000e-01
5.00000e-05	4.34165e-01	6.50000e-01
1.20000e-04	3.90377e-01	6.50000e-01
1.90000e-04	3.68402e-01	6.50000e-01
2.60000e-04	3.53808e-01	6.50000e-01
3.30000e-04	3.42938e-01	6.50000e-01
1.99000e-05	2.48109e-01	2.50000e-01
4.77600e-05	2.29299e-01	2.50000e-01
7.56200e-05	2.19661e-01	2.50000e-01
1.03480e-04	2.13177e-01	2.50000e-01
1.31340e-04	2.08299e-01	2.50000e-01
1.25500e-04	3.88203e-01	6.50000e-01
3.01200e-04	3.47078e-01	6.50000e-01
4.76900e-04	3.26530e-01	6.50000e-01
6.52600e-04	3.12920e-01	6.50000e-01
8.28300e-04	3.02804e-01	6.50000e-01
5.50000e-05	2.26321e-01	2.50000e-01
1.32000e-04	2.08197e-01	2.50000e-01
2.09000e-04	1.98924e-01	2.50000e-01
2.86000e-04	1.92692e-01	2.50000e-01
3.63000e-04	1.88009e-01	2.50000e-01
2.39000e-04	3.57694e-01	6.50000e-01
5.73600e-04	3.18478e-01	6.50000e-01
9.08200e-04	2.98949e-01	6.50000e-01
1.24280e-03	2.86043e-01	6.50000e-01
1.57740e-03	2.76465e-01	6.50000e-01
1.25500e-04	2.09226e-01	2.50000e-01
3.01200e-04	1.91671e-01	2.50000e-01
4.76900e-04	1.82706e-01	2.50000e-01
6.52600e-04	1.76690e-01	2.50000e-01
8.28300e-04	1.72173e-01	2.50000e-01
4.00000e-04	3.34307e-01	6.50000e-01
9.60000e-04	2.96642e-01	6.50000e-01
1.52000e-03	2.77941e-01	6.50000e-01
2.08000e-03	2.65605e-01	6.50000e-01
2.64000e-03	2.56461e-01	6.50000e-01
1.97000e-04	2.00108e-01	2.50000e-01
4.72800e-04	1.82873e-01	2.50000e-01
7.48600e-04	1.74084e-01	2.50000e-01
1.02440e-03	1.68190e-01	2.50000e-01
1.30020e-03	1.63768e-01	2.50000e-01
1.60000e-03	2.75900e-01	6.50000e-01
3.84000e-03	2.42501e-01	6.50000e-01
6.08000e-03	2.26065e-01	6.50000e-01
8.32000e-03	2.15280e-01	6.50000e-01
1.05600e-02	2.07318e-01	6.50000e-01
7.90000e-04	1.73066e-01	2.50000e-01
1.89600e-03	1.56879e-01	2.50000e-01
3.00200e-03	1.48666e-01	2.50000e-01
4.10800e-03	1.43179e-01	2.50000e-01
5.21400e-03	1.39073e-01	2.50000e-01
6.20000e-06	6.58971e-01	8.50000e-01
1.48800e-05	5.95389e-01	8.50000e-01
2.35600e-05	5.63407e-01	8.50000e-01
3.22400e-05	5.42135e-01	8.50000e-01
4.09200e-05	5.26271e-01	8.50000e-01
2.56000e-06	3.80860e-01	3.50000e-01
6.14400e-06	3.52527e-01	3.50000e-01
9.72800e-06	3.38047e-01	3.50000e-01
1.33120e-05	3.28317e-01	3.50000e-01
1.68960e-05	3.21006e-01	3.50000e-01
6.90000e-06	6.51017e-01	8.50000e-01
1.65600e-05	5.87858e-01	8.50000e-01
2.62200e-05	5.56101e-01	8.50000e-01
3.58800e-05	5.34984e-01	8.50000e-01
4.55400e-05	5.19239e-01	8.50000e-01
2.56000e-06	3.80860e-01	3.50000e-01
6.14400e-06	3.52527e-01	3.50000e-01
9.72800e-06	3.38047e-01	3.50000e-01
1.33120e-05	3.28317e-01	3.50000e-01
1.68960e-05	3.21006e-01	3.50000e-01
1.00000e-05	6.23825e-01	8.50000e-01
2.40000e-05	5.62140e-01	8.50000e-01
3.80000e-05	5.31169e-01	8.50000e-01
5.20000e-05	5.10593e-01	8.50000e-01
6.60000e-05	4.95262e-01	8.50000e-01
3.05000e-06	3.75114e-01	3.50000e-01
7.32000e-06	3.46977e-01	3.50000e-01
1.15900e-05	3.32599e-01	3.50000e-01
1.58600e-05	3.22939e-01	3.50000e-01
2.01300e-05	3.15680e-01	3.50000e-01
1.00000e-05	6.23825e-01	8.50000e-01
2.40000e-05	5.62140e-01	8.50000e-01
3.80000e-05	5.31169e-01	8.50000e-01
5.20000e-05	5.10593e-01	8.50000e-01
6.60000e-05	4.95262e-01	8.50000e-01
3.31000e-06	3.72443e-01	3.50000e-01
7.94400e-06	3.44398e-01	3.50000e-01
1.25780e-05	3.30068e-01	3.50000e-01
1.72120e-05	3.20440e-01	3.50000e-01
2.18460e-05	3.13206e-01	3.50000e-01
1.99000e-05	5.75045e-01	8.50000e-01
4.77600e-05	5.16127e-01	8.50000e-01
7.56200e-05	4.86632e-01	8.50000e-01
1.03480e-04	4.67072e-01	8.50000e-01
1.31340e-04	4.52517e-01	8.50000e-01
4.14000e-06	3.65182e-01	3.50000e-01
9.93600e-06	3.37387e-01	3.50000e-01
1.57320e-05	3.23187e-01	3.50000e-01
2.15280e-05	3.13649e-01	3.50000e-01
2.73240e-05	3.06483e-01	3.50000e-01
2.50000e-05	5.59349e-01	8.50000e-01
6.00000e-05	5.01359e-01	8.50000e-01
9.50000e-05	4.72358e-01	8.50000e-01
1.30000e-04	4.53138e-01	8.50000e-01
1.65000e-04	4.38843e-01	8.50000e-01
5.00000e-06	3.59107e-01	3.50000e-01
1.20000e-05	3.31522e-01	3.50000e-01
1.90000e-05	3.17433e-01	3.50000e-01
2.60000e-05	3.07970e-01	3.50000e-01
3.30000e-05	3.00861e-01	3.50000e-01
5.00000e-05	5.13141e-01	8.50000e-01
1.20000e-04	4.57998e-01	8.50000e-01
1.90000e-04	4.30512e-01	8.50000e-01
2.60000e-04	4.12335e-01	8.50000e-01
3.30000e-04	3.98836e-01	8.50000e-01
6.35000e-06	3.51479e-01	3.50000e-01
1.52400e-05	3.24160e-01	3.50000e-01
2.41300e-05	3.10210e-01	3.50000e-01
3.30200e-05	3.00843e-01	3.50000e-01
4.19100e-05	2.93807e-01	3.50000e-01
1.25500e-04	4.55273e-01	8.50000e-01
3.01200e-04	4.03974e-01	8.50000e-01
4.76900e-04	3.78530e-01	8.50000e-01
6.52600e-04	3.61754e-01	8.50000e-01
8.28300e-04	3.49324e-01	8.50000e-01
8.25000e-06	3.43209e-01	3.50000e-01
1.98000e-05	3.16181e-01	3.50000e-01
3.13500e-05	3.02384e-01	3.50000e-01
4.29000e-05	2.93122e-01	3.50000e-01
5.44500e-05	2.86166e-01	3.50000e-01
4.00000e-04	3.88145e-01	8.50000e-01
9.60000e-04	3.41770e-01	8.50000e-01
1.52000e-03	3.18928e-01	8.50000e-01
2.08000e-03	3.03931e-01	8.50000e-01
2.64000e-03	2.92854e-01	8.50000e-01
1.60000e-05	3.22670e-01	3.50000e-01
3.84000e-05	2.96380e-01	3.50000e-01
6.08000e-05	2.82973e-01	3.50000e-01
8.32000e-05	2.73979e-01	3.50000e-01
1.05600e-04	2.67228e-01	3.50000e-01
1.60000e-03	3.16443e-01	8.50000e-01
3.84000e-03	2.76006e-01	8.50000e-01
6.08000e-03	2.56273e-01	8.50000e-01
8.32000e-03	2.43389e-01	8.50000e-01
1.05600e-02	2.33911e-01	8.50000e-01
8.80000e-06	7.92475e-01	1.20000e+00
2.11200e-05	7.08050e-01	1.20000e+00
3.34400e-05	6.65972e-01	1.20000e+00
4.57600e-05	6.38145e-01	1.20000e+00
5.80800e-05	6.17479e-01	1.20000e+00
4.00000e-05	1.01889e+00	2.70000e+00
9.60000e-05	8.80923e-01	2.70000e+00
1.52000e-04	8.14306e-01	2.70000e+00
2.08000e-04	7.71075e-01	2.70000e+00
2.64000e-04	7.39407e-01	2.70000e+00
1.00000e-05	7.79802e-01	1.20000e+00
2.40000e-05	6.96189e-01	1.20000e+00
3.80000e-05	6.54543e-01	1.20000e+00
5.20000e-05	6.27012e-01	1.20000e+00
6.60000e-05	6.06572e-01	1.20000e+00
4.00000e-05	1.01889e+00	2.70000e+00
9.60000e-05	8.80923e-01	2.70000e+00
1.52000e-04	8.14306e-01	2.70000e+00
2.08000e-04	7.71075e-01	2.70000e+00
2.64000e-04	7.39407e-01	2.70000e+00
1.00000e-05	7.79802e-01	1.20000e+00
2.40000e-05	6.96189e-01	1.20000e+00
3.80000e-05	6.54543e-01	1.20000e+00
5.20000e-05	6.27012e-01	1.20000e+00
6.60000e-05	6.06572e-01	1.20000e+00
6.50000e-05	9.40566e-01	2.70000e+00
1.56000e-04	8.10658e-01	2.70000e+00
2.47000e-04	7.48145e-01	2.70000e+00
3.38000e-04	7.07656e-01	2.70000e+00
4.29000e-04	6.78039e-01	2.70000e+00
1.60000e-05	7.34220e-01	1.20000e+00
3.84000e-05	6.53613e-01	1.20000e+00
6.08000e-05	6.13560e-01	1.20000e+00
8.32000e-05	5.87121e-01	1.20000e+00
1.05600e-04	5.67513e-01	1.20000e+00
1.00000e-04	8.74845e-01	2.70000e+00
2.40000e-04	7.51944e-01	2.70000e+00
3.80000e-04	6.92982e-01	2.70000e+00
5.20000e-04	6.54858e-01	2.70000e+00
6.60000e-04	6.27004e-01	2.70000e+00
1.60000e-05	7.34220e-01	1.20000e+00
3.84000e-05	6.53613e-01	1.20000e+00
6.08000e-05	6.13560e-01	1.20000e+00
8.32000e-05	5.87121e-01	1.20000e+00
1.05600e-04	5.67513e-01	1.20000e+00
1.60000e-04	8.07114e-01	2.70000e+00
3.84000e-04	6.91682e-01	2.70000e+00
6.08000e-04	6.36484e-01	2.70000e+00
8.32000e-04	6.00860e-01	2.70000e+00
1.05600e-03	5.74867e-01	2.70000e+00
3.15500e-05	6.71214e-01	1.20000e+00
7.57200e-05	5.94985e-01	1.20000e+00
1.19890e-04	5.57248e-01	1.20000e+00
1.64060e-04	5.32392e-01	1.20000e+00
2.08230e-04	5.13989e-01	1.20000e+00
2.50000e-04	7.46555e-01	2.70000e+00
6.00000e-04	6.38024e-01	2.70000e+00
9.50000e-04	5.86286e-01	2.70000e+00
1.30000e-03	5.52953e-01	2.70000e+00
1.65000e-03	5.28662e-01	2.70000e+00
4.00000e-05	6.49991e-01	1.20000e+00
9.60000e-05	5.75301e-01	1.20000e+00
1.52000e-04	5.38375e-01	1.20000e+00
2.08000e-04	5.14074e-01	1.20000e+00
2.64000e-04	4.96092e-01	1.20000e+00
4.00000e-04	6.86631e-01	2.70000e+00
9.60000e-04	5.85147e-01	2.70000e+00
1.52000e-03	5.36923e-01	2.70000e+00
2.08000e-03	5.05910e-01	2.70000e+00
2.64000e-03	4.83339e-01	2.70000e+00
6.50000e-05	6.07868e-01	1.20000e+00
1.56000e-04	5.36335e-01	1.20000e+00
2.47000e-04	5.01070e-01	1.20000e+00
3.38000e-04	4.77901e-01	1.20000e+00
4.29000e-04	4.60779e-01	1.20000e+00
6.50000e-04	6.28759e-01	2.70000e+00
1.56000e-03	5.34297e-01	2.70000e+00
2.47000e-03	4.89555e-01	2.70000e+00
3.38000e-03	4.60834e-01	2.70000e+00
4.29000e-03	4.39958e-01	2.70000e+00
7.90000e-05	5.91437e-01	1.20000e+00
1.89600e-04	5.21174e-01	1.20000e+00
3.00200e-04	4.86575e-01	1.20000e+00
4.10800e-04	4.63861e-01	1.20000e+00
5.21400e-04	4.47083e-01	1.20000e+00
1.00000e-03	5.80726e-01	2.70000e+00
2.40000e-03	4.92260e-01	2.70000e+00
3.80000e-03	4.50477e-01	2.70000e+00
5.20000e-03	4.23697e-01	2.70000e+00
6.60000e-03	4.04254e-01	2.70000e+00
1.99000e-04	5.17456e-01	1.20000e+00
4.77600e-04	4.53209e-01	1.20000e+00
7.56200e-04	4.21756e-01	1.20000e+00
1.03480e-03	4.01177e-01	1.20000e+00
1.31340e-03	3.86016e-01	1.20000e+00
2.50000e-03	4.88423e-01	2.70000e+00
6.00000e-03	4.11934e-01	2.70000e+00
9.50000e-03	3.76017e-01	2.70000e+00
1.30000e-02	3.53072e-01	2.70000e+00
1.65000e-02	3.36450e-01	2.70000e+00
6.50000e-04	4.31942e-01	1.20000e+00
1.56000e-03	3.75329e-01	1.20000e+00
2.47000e-03	3.47833e-01	1.20000e+00
3.38000e-03	3.29927e-01	1.20000e+00
4.29000e-03	3.16780e-01	1.20000e+00
2.50000e-03	3.47131e-01	1.20000e+00
6.00000e-03	2.98946e-01	1.20000e+00
9.50000e-03	2.75763e-01	1.20000e+00
1.30000e-02	2.60749e-01	1.20000e+00
1.65000e-02	2.49768e-01	1.20000e+00
2.03000e-05	1.30315e+00	3.50000e+00
4.87200e-05	1.12322e+00	3.50000e+00
7.71400e-05	1.03659e+00	3.50000e+00
1.05560e-04	9.80472e-01	3.50000e+00
1.33980e-04	9.39416e-01	3.50000e+00
9.25000e-06	9.05701e-01	1.50000e+00
2.22000e-05	8.03968e-01	1.50000e+00
3.51500e-05	7.53558e-01	1.50000e+00
4.81000e-05	7.20337e-01	1.50000e+00
6.10500e-05	6.95730e-01	1.50000e+00
2.16000e-05	1.28974e+00	3.50000e+00
5.18400e-05	1.11121e+00	3.50000e+00
8.20800e-05	1.02529e+00	3.50000e+00
1.12320e-04	9.69651e-01	3.50000e+00
1.42560e-04	9.28950e-01	3.50000e+00
1.10000e-05	8.84976e-01	1.50000e+00
2.64000e-05	7.84718e-01	1.50000e+00
4.18000e-05	7.35087e-01	1.50000e+00
5.72000e-05	7.02398e-01	1.50000e+00
7.26000e-05	6.78196e-01	1.50000e+00
2.30000e-05	1.27627e+00	3.50000e+00
5.52000e-05	1.09916e+00	3.50000e+00
8.74000e-05	1.01396e+00	3.50000e+00
1.19600e-04	9.58797e-01	3.50000e+00
1.51800e-04	9.18456e-01	3.50000e+00
1.60000e-05	8.41154e-01	1.50000e+00
3.84000e-05	7.44094e-01	1.50000e+00
6.08000e-05	6.96149e-01	1.50000e+00
8.32000e-05	6.64612e-01	1.50000e+00
1.05600e-04	6.41285e-01	1.50000e+00
2.56000e-05	1.25354e+00	3.50000e+00
6.14400e-05	1.07883e+00	3.50000e+00
9.72800e-05	9.94856e-01	3.50000e+00
1.33120e-04	9.40507e-01	3.50000e+00
1.68960e-04	9.00774e-01	3.50000e+00
1.60000e-05	8.41154e-01	1.50000e+00
3.84000e-05	7.44094e-01	1.50000e+00
6.08000e-05	6.96149e-01	1.50000e+00
8.32000e-05	6.64612e-01	1.50000e+00
1.05600e-04	6.41285e-01	1.50000e+00
2.65500e-05	1.24588e+00	3.50000e+00
6.37200e-05	1.07198e+00	3.50000e+00
1.00890e-04	9.88420e-01	3.50000e+00
1.38060e-04	9.34347e-01	3.50000e+00
1.75230e-04	8.94820e-01	3.50000e+00
2.50000e-05	7.90740e-01	1.50000e+00
6.00000e-05	6.97502e-01	1.50000e+00
9.50000e-05	6.51566e-01	1.50000e+00
1.30000e-04	6.21398e-01	1.50000e+00
1.65000e-04	5.99109e-01	1.50000e+00
2.86500e-05	1.22998e+00	3.50000e+00
6.87600e-05	1.05778e+00	3.50000e+00
1.08870e-04	9.75078e-01	3.50000e+00
1.48980e-04	9.21579e-01	3.50000e+00
1.89090e-04	8.82481e-01	3.50000e+00
4.00000e-05	7.39751e-01	1.50000e+00
9.60000e-05	6.50544e-01	1.50000e+00
1.52000e-04	6.06719e-01	1.50000e+00
2.08000e-04	5.77986e-01	1.50000e+00
2.64000e-04	5.56783e-01	1.50000e+00
4.00000e-05	1.16203e+00	3.50000e+00
9.60000e-05	9.97203e-01	3.50000e+00
1.52000e-04	9.18237e-01	3.50000e+00
2.08000e-04	8.67222e-01	3.50000e+00
2.64000e-04	8.29976e-01	3.50000e+00
6.50000e-05	6.89352e-01	1.50000e+00
1.56000e-04	6.04303e-01	1.50000e+00
2.47000e-04	5.62647e-01	1.50000e+00
3.38000e-04	5.35387e-01	1.50000e+00
4.29000e-04	5.15297e-01	1.50000e+00
4.00000e-05	1.16203e+00	3.50000e+00
9.60000e-05	9.97203e-01	3.50000e+00
1.52000e-04	9.18237e-01	3.50000e+00
2.08000e-04	8.67222e-01	3.50000e+00
2.64000e-04	8.29976e-01	3.50000e+00
1.00000e-04	6.46567e-01	1.50000e+00
2.40000e-04	5.65194e-01	1.50000e+00
3.80000e-04	5.25449e-01	1.50000e+00
5.20000e-04	4.99481e-01	1.50000e+00
6.60000e-04	4.80367e-01	1.50000e+00
6.50000e-05	1.06826e+00	3.50000e+00
1.56000e-04	9.13924e-01	3.50000e+00
2.47000e-04	8.40243e-01	3.50000e+00
3.38000e-04	7.92738e-01	3.50000e+00
4.29000e-04	7.58100e-01	3.50000e+00
1.60000e-04	6.01954e-01	1.50000e+00
3.84000e-04	5.24567e-01	1.50000e+00
6.08000e-04	4.86886e-01	1.50000e+00
8.32000e-04	4.62311e-01	1.50000e+00
1.05600e-03	4.44247e-01	1.50000e+00
1.00000e-04	9.89982e-01	3.50000e+00
2.40000e-04	8.44709e-01	3.50000e+00
3.80000e-04	7.75564e-01	3.50000e+00
5.20000e-04	7.31059e-01	3.50000e+00
6.60000e-04	6.98649e-01	3.50000e+00
2.50000e-04	5.61581e-01	1.50000e+00
6.00000e-04	4.87944e-01	1.50000e+00
9.50000e-04	4.52197e-01	1.50000e+00
1.30000e-03	4.28924e-01	1.50000e+00
1.65000e-03	4.11838e-01	1.50000e+00
1.60000e-04	9.09736e-01	3.50000e+00
3.84000e-04	7.74044e-01	3.50000e+00
6.08000e-04	7.09669e-01	3.50000e+00
8.32000e-04	6.68310e-01	3.50000e+00
1.05600e-03	6.38229e-01	3.50000e+00
4.00000e-04	5.21138e-01	1.50000e+00
9.60000e-04	4.51405e-01	1.50000e+00
1.52000e-03	4.17661e-01	1.50000e+00
2.08000e-03	3.95734e-01	1.50000e+00
2.64000e-03	3.79657e-01	1.50000e+00
2.50000e-04	8.38373e-01	3.50000e+00
6.00000e-04	7.11461e-01	3.50000e+00
9.50000e-04	6.51433e-01	3.50000e+00
1.30000e-03	6.12933e-01	3.50000e+00
1.65000e-03	5.84964e-01	3.50000e+00
5.00000e-04	5.02677e-01	1.50000e+00
1.20000e-03	4.34777e-01	1.50000e+00
1.90000e-03	4.01970e-01	1.50000e+00
2.60000e-03	3.80671e-01	1.50000e+00
3.30000e-03	3.65065e-01	1.50000e+00
4.00000e-04	7.68139e-01	3.50000e+00
9.60000e-04	6.50116e-01	3.50000e+00
1.52000e-03	5.94467e-01	3.50000e+00
2.08000e-03	5.58836e-01	3.50000e+00
2.64000e-03	5.32984e-01	3.50000e+00
1.60000e-03	4.14014e-01	1.50000e+00
3.84000e-03	3.55403e-01	1.50000e+00
6.08000e-03	3.27312e-01	1.50000e+00
8.32000e-03	3.09159e-01	1.50000e+00
1.05600e-02	2.95902e-01	1.50000e+00
6.50000e-04	7.00688e-01	3.50000e+00
1.56000e-03	5.91445e-01	3.50000e+00
2.47000e-03	5.40096e-01	3.50000e+00
3.38000e-03	5.07276e-01	3.50000e+00
4.29000e-03	4.83491e-01	3.50000e+00
6.50000e-04	4.81575e-01	1.50000e+00
1.56000e-03	4.15811e-01	1.50000e+00
2.47000e-03	3.84094e-01	1.50000e+00
3.38000e-03	3.63524e-01	1.50000e+00
4.29000e-03	3.48464e-01	1.50000e+00
1.00000e-03	6.45002e-01	3.50000e+00
2.40000e-03	5.43194e-01	3.50000e+00
3.80000e-03	4.95468e-01	3.50000e+00
5.20000e-03	4.65008e-01	3.50000e+00
6.60000e-03	4.42957e-01	3.50000e+00
1.23500e-05	1.03422e+00	2.00000e+00
2.96400e-05	9.08913e-01	2.00000e+00
4.69300e-05	8.47399e-01	2.00000e+00
6.42200e-05	8.07089e-01	2.00000e+00
8.15100e-05	7.77354e-01	2.00000e+00
4.00000e-03	4.90372e-01	3.50000e+00
9.60000e-03	4.10146e-01	3.50000e+00
1.52000e-02	3.72840e-01	3.50000e+00
2.08000e-02	3.49135e-01	3.50000e+00
2.64000e-02	3.32026e-01	3.50000e+00
1.46500e-05	1.00894e+00	2.00000e+00
3.51600e-05	8.85710e-01	2.00000e+00
5.56700e-05	8.25282e-01	2.00000e+00
7.61800e-05	7.85709e-01	2.00000e+00
9.66900e-05	7.56531e-01	2.00000e+00
2.61000e-05	1.41506e+00	4.50000e+00
6.26400e-05	1.20901e+00	4.50000e+00
9.91800e-05	1.11072e+00	4.50000e+00
1.35720e-04	1.04740e+00	4.50000e+00
1.72260e-04	1.00124e+00	4.50000e+00
1.63500e-05	9.92902e-01	2.00000e+00
3.92400e-05	8.71007e-01	2.00000e+00
6.21300e-05	8.11277e-01	2.00000e+00
8.50200e-05	7.72176e-01	2.00000e+00
1.07910e-04	7.43356e-01	2.00000e+00
2.96000e-05	1.38388e+00	4.50000e+00
7.10400e-05	1.18143e+00	4.50000e+00
1.12480e-04	1.08496e+00	4.50000e+00
1.53920e-04	1.02282e+00	4.50000e+00
1.95360e-04	9.77562e-01	4.50000e+00
2.50000e-05	9.32447e-01	2.00000e+00
6.00000e-05	8.15709e-01	2.00000e+00
9.50000e-05	7.58663e-01	2.00000e+00
1.30000e-04	7.21380e-01	2.00000e+00
1.65000e-04	6.93931e-01	2.00000e+00
3.09000e-05	1.37336e+00	4.50000e+00
7.41600e-05	1.17213e+00	4.50000e+00
1.17420e-04	1.07627e+00	4.50000e+00
1.60680e-04	1.01454e+00	4.50000e+00
2.03940e-04	9.69579e-01	4.50000e+00
2.50000e-05	9.32447e-01	2.00000e+00
6.00000e-05	8.15709e-01	2.00000e+00
9.50000e-05	7.58663e-01	2.00000e+00
1.30000e-04	7.21380e-01	2.00000e+00
1.65000e-04	6.93931e-01	2.00000e+00
3.41500e-05	1.34910e+00	4.50000e+00
8.19600e-05	1.15071e+00	4.50000e+00
1.29770e-04	1.05626e+00	4.50000e+00
1.77580e-04	9.95477e-01	4.50000e+00
2.25390e-04	9.51212e-01	4.50000e+00
4.00000e-05	8.68456e-01	2.00000e+00
9.60000e-05	7.57396e-01	2.00000e+00
1.52000e-04	7.03293e-01	2.00000e+00
2.08000e-04	6.67997e-01	2.00000e+00
2.64000e-04	6.42045e-01	2.00000e+00
3.66000e-05	1.33249e+00	4.50000e+00
8.78400e-05	1.13605e+00	4.50000e+00
1.39080e-04	1.04258e+00	4.50000e+00
1.90320e-04	9.82443e-01	4.50000e+00
2.41560e-04	9.38656e-01	4.50000e+00
6.50000e-05	8.05564e-01	2.00000e+00
1.56000e-04	7.00320e-01	2.00000e+00
2.47000e-04	6.49215e-01	2.00000e+00
3.38000e-04	6.15939e-01	2.00000e+00
4.29000e-04	5.91505e-01	2.00000e+00
4.09000e-05	1.30619e+00	4.50000e+00
9.81600e-05	1.11286e+00	4.50000e+00
1.55420e-04	1.02095e+00	4.50000e+00
2.12680e-04	9.61837e-01	4.50000e+00
2.69940e-04	9.18812e-01	4.50000e+00
1.00000e-04	7.52474e-01	2.00000e+00
2.40000e-04	6.52330e-01	2.00000e+00
3.80000e-04	6.03843e-01	2.00000e+00
5.20000e-04	5.72325e-01	2.00000e+00
6.60000e-04	5.49211e-01	2.00000e+00
4.09000e-05	1.30619e+00	4.50000e+00
9.81600e-05	1.11286e+00	4.50000e+00
1.55420e-04	1.02095e+00	4.50000e+00
2.12680e-04	9.61837e-01	4.50000e+00
2.69940e-04	9.18812e-01	4.50000e+00
1.60000e-04	6.97431e-01	2.00000e+00
3.84000e-04	6.02770e-01	2.00000e+00
6.08000e-04	5.57086e-01	2.00000e+00
8.32000e-04	5.27445e-01	2.00000e+00
1.05600e-03	5.05736e-01	2.00000e+00
6.50000e-05	1.20085e+00	4.50000e+00
1.56000e-04	1.02023e+00	4.50000e+00
2.47000e-04	9.34650e-01	4.50000e+00
3.38000e-04	8.79709e-01	4.50000e+00
4.29000e-04	8.39772e-01	4.50000e+00
2.50000e-04	6.47910e-01	2.00000e+00
6.00000e-04	5.58365e-01	2.00000e+00
9.50000e-04	5.15282e-01	2.00000e+00
1.30000e-03	4.87378e-01	2.00000e+00
1.65000e-03	4.66967e-01	2.00000e+00
6.50000e-05	1.20085e+00	4.50000e+00
1.56000e-04	1.02023e+00	4.50000e+00
2.47000e-04	9.34650e-01	4.50000e+00
3.38000e-04	8.79709e-01	4.50000e+00
4.29000e-04	8.39772e-01	4.50000e+00
5.00000e-04	5.76197e-01	2.00000e+00
1.20000e-03	4.94384e-01	2.00000e+00
1.90000e-03	4.55208e-01	2.00000e+00
2.60000e-03	4.29904e-01	2.00000e+00
3.30000e-03	4.11431e-01	2.00000e+00
1.00000e-04	1.10902e+00	4.50000e+00
2.40000e-04	9.39825e-01	4.50000e+00
3.80000e-04	8.59895e-01	4.50000e+00
5.20000e-04	8.08668e-01	4.50000e+00
6.60000e-04	7.71474e-01	4.50000e+00
1.60000e-03	4.69563e-01	2.00000e+00
3.84000e-03	4.00023e-01	2.00000e+00
6.08000e-03	3.66987e-01	2.00000e+00
8.32000e-03	3.45745e-01	2.00000e+00
1.05600e-02	3.30287e-01	2.00000e+00
1.60000e-04	1.01536e+00	4.50000e+00
3.84000e-04	8.58142e-01	4.50000e+00
6.08000e-04	7.84110e-01	4.50000e+00
8.32000e-04	7.36746e-01	4.50000e+00
1.05600e-03	7.02400e-01	4.50000e+00
6.50000e-04	5.50670e-01	2.00000e+00
1.56000e-03	4.71707e-01	2.00000e+00
2.47000e-03	4.33964e-01	2.00000e+00
3.38000e-03	4.09611e-01	2.00000e+00
4.29000e-03	3.91845e-01	2.00000e+00
2.50000e-04	9.32484e-01	4.50000e+00
6.00000e-04	7.86165e-01	4.50000e+00
9.50000e-04	7.17466e-01	4.50000e+00
1.30000e-03	6.73585e-01	4.50000e+00
1.65000e-03	6.41799e-01	4.50000e+00
1.54500e-05	1.18566e+00	2.70000e+00
3.70800e-05	1.03153e+00	2.70000e+00
5.87100e-05	9.56609e-01	2.70000e+00
8.03400e-05	9.07802e-01	2.70000e+00
1.01970e-04	8.71952e-01	2.70000e+00
4.00000e-04	8.51336e-01	4.50000e+00
9.60000e-04	7.15962e-01	4.50000e+00
1.52000e-03	6.52590e-01	4.50000e+00
2.08000e-03	6.12178e-01	4.50000e+00
2.64000e-03	5.82939e-01	4.50000e+00
1.83000e-05	1.15468e+00	2.70000e+00
4.39200e-05	1.00345e+00	2.70000e+00
6.95400e-05	9.30033e-01	2.70000e+00
9.51600e-05	8.82235e-01	2.70000e+00
1.20780e-04	8.47144e-01	2.70000e+00
6.50000e-04	7.73812e-01	4.50000e+00
1.56000e-03	6.49158e-01	4.50000e+00
2.47000e-03	5.90976e-01	4.50000e+00
3.38000e-03	5.53934e-01	4.50000e+00
4.29000e-03	5.27163e-01	4.50000e+00
2.04500e-05	1.13466e+00	2.70000e+00
4.90800e-05	9.85332e-01	2.70000e+00
7.77100e-05	9.12892e-01	2.70000e+00
1.06340e-04	8.65753e-01	2.70000e+00
1.34970e-04	8.31156e-01	2.70000e+00
1.00000e-03	7.10126e-01	4.50000e+00
2.40000e-03	5.94478e-01	4.50000e+00
3.80000e-03	5.40635e-01	4.50000e+00
5.20000e-03	5.06403e-01	4.50000e+00
6.60000e-03	4.81685e-01	4.50000e+00
2.04500e-05	1.13466e+00	2.70000e+00
4.90800e-05	9.85332e-01	2.70000e+00
7.77100e-05	9.12892e-01	2.70000e+00
1.06340e-04	8.65753e-01	2.70000e+00
1.34970e-04	8.31156e-01	2.70000e+00
1.60000e-03	6.45827e-01	4.50000e+00
3.84000e-03	5.39460e-01	4.50000e+00
6.08000e-03	4.90069e-01	4.50000e+00
8.32000e-03	4.58711e-01	4.50000e+00
1.05600e-02	4.36092e-01	4.50000e+00
2.50000e-05	1.09906e+00	2.70000e+00
6.00000e-05	9.53166e-01	2.70000e+00
9.50000e-05	8.82487e-01	2.70000e+00
1.30000e-04	8.36530e-01	2.70000e+00
1.65000e-04	8.02822e-01	2.70000e+00
2.50000e-05	1.09906e+00	2.70000e+00
6.00000e-05	9.53166e-01	2.70000e+00
9.50000e-05	8.82487e-01	2.70000e+00
1.30000e-04	8.36530e-01	2.70000e+00
1.65000e-04	8.02822e-01	2.70000e+00
3.77000e-05	1.56469e+00	6.50000e+00
9.04800e-05	1.32071e+00	6.50000e+00
1.43260e-04	1.20588e+00	6.50000e+00
1.96040e-04	1.13245e+00	6.50000e+00
2.48820e-04	1.07922e+00	6.50000e+00
6.96000e-05	1.75842e+00	1.20000e+01
1.67040e-04	1.45871e+00	1.20000e+01
2.64480e-04	1.32040e+00	1.20000e+01
3.61920e-04	1.23291e+00	1.20000e+01
4.59360e-04	1.16997e+00	1.20000e+01
4.01500e-05	1.54599e+00	6.50000e+00
9.63600e-05	1.30445e+00	6.50000e+00
1.52570e-04	1.19082e+00	6.50000e+00
2.08780e-04	1.11818e+00	6.50000e+00
2.64990e-04	1.06553e+00	6.50000e+00
8.05000e-05	1.70513e+00	1.20000e+01
1.93200e-04	1.41357e+00	1.20000e+01
3.05900e-04	1.27914e+00	1.20000e+01
4.18600e-04	1.19414e+00	1.20000e+01
5.31300e-04	1.13301e+00	1.20000e+01
4.27500e-05	1.52754e+00	6.50000e+00
1.02600e-04	1.28842e+00	6.50000e+00
1.62450e-04	1.17598e+00	6.50000e+00
2.22300e-04	1.10411e+00	6.50000e+00
2.82150e-04	1.05203e+00	6.50000e+00
8.05000e-05	1.70513e+00	1.20000e+01
1.93200e-04	1.41357e+00	1.20000e+01
3.05900e-04	1.27914e+00	1.20000e+01
4.18600e-04	1.19414e+00	1.20000e+01
5.31300e-04	1.13301e+00	1.20000e+01
4.76000e-05	1.49636e+00	6.50000e+00
1.14240e-04	1.26134e+00	6.50000e+00
1.80880e-04	1.15092e+00	6.50000e+00
2.47520e-04	1.08037e+00	6.50000e+00
3.14160e-04	1.02926e+00	6.50000e+00
9.10000e-05	1.66133e+00	1.20000e+01
2.18400e-04	1.37652e+00	1.20000e+01
3.45800e-04	1.24529e+00	1.20000e+01
4.73200e-04	1.16234e+00	1.20000e+01
6.00600e-04	1.10270e+00	1.20000e+01
4.93000e-05	1.48629e+00	6.50000e+00
1.18320e-04	1.25261e+00	6.50000e+00
1.87340e-04	1.14283e+00	6.50000e+00
2.56360e-04	1.07271e+00	6.50000e+00
3.25380e-04	1.02191e+00	6.50000e+00
1.00000e-04	1.62831e+00	1.20000e+01
2.40000e-04	1.34861e+00	1.20000e+01
3.80000e-04	1.21980e+00	1.20000e+01
5.20000e-04	1.13841e+00	1.20000e+01
6.60000e-04	1.07989e+00	1.20000e+01
4.93000e-05	1.48629e+00	6.50000e+00
1.18320e-04	1.25261e+00	6.50000e+00
1.87340e-04	1.14283e+00	6.50000e+00
2.56360e-04	1.07271e+00	6.50000e+00
3.25380e-04	1.02191e+00	6.50000e+00
1.00000e-04	1.62831e+00	1.20000e+01
2.40000e-04	1.34861e+00	1.20000e+01
3.80000e-04	1.21980e+00	1.20000e+01
5.20000e-04	1.13841e+00	1.20000e+01
6.60000e-04	1.07989e+00	1.20000e+01
6.50000e-05	1.40889e+00	6.50000e+00
1.56000e-04	1.18555e+00	6.50000e+00
2.47000e-04	1.08083e+00	6.50000e+00
3.38000e-04	1.01400e+00	6.50000e+00
4.29000e-04	9.65628e-01	6.50000e+00
1.60000e-04	1.47231e+00	1.20000e+01
3.84000e-04	1.21700e+00	1.20000e+01
6.08000e-04	1.09972e+00	1.20000e+01
8.32000e-04	1.02571e+00	1.20000e+01
1.05600e-03	9.72553e-01	1.20000e+01
6.50000e-05	1.40889e+00	6.50000e+00
1.56000e-04	1.18555e+00	6.50000e+00
2.47000e-04	1.08083e+00	6.50000e+00
3.38000e-04	1.01400e+00	6.50000e+00
4.29000e-04	9.65628e-01	6.50000e+00
1.60000e-04	1.47231e+00	1.20000e+01
3.84000e-04	1.21700e+00	1.20000e+01
6.08000e-04	1.09972e+00	1.20000e+01
8.32000e-04	1.02571e+00	1.20000e+01
1.05600e-03	9.72553e-01	1.20000e+01
1.00000e-04	1.29496e+00	6.50000e+00
2.40000e-04	1.08714e+00	6.50000e+00
3.80000e-04	9.89980e-01	6.50000e+00
5.20000e-04	9.28074e-01	6.50000e+00
6.60000e-04	8.83311e-01	6.50000e+00
2.50000e-04	1.33669e+00	1.20000e+01
6.00000e-04	1.10295e+00	1.20000e+01
9.50000e-04	9.95816e-01	1.20000e+01
1.30000e-03	9.28294e-01	1.20000e+01
1.65000e-03	8.79835e-01	1.20000e+01
1.00000e-04	1.29496e+00	6.50000e+00
2.40000e-04	1.08714e+00	6.50000e+00
3.80000e-04	9.89980e-01	6.50000e+00
5.20000e-04	9.28074e-01	6.50000e+00
6.60000e-04	8.83311e-01	6.50000e+00
4.00000e-04	1.20613e+00	1.20000e+01
9.60000e-04	9.93491e-01	1.20000e+01
1.52000e-03	8.96244e-01	1.20000e+01
2.08000e-03	8.35022e-01	1.20000e+01
2.64000e-03	7.91120e-01	1.20000e+01
1.60000e-04	1.17956e+00	6.50000e+00
3.84000e-04	9.87857e-01	6.50000e+00
6.08000e-04	8.98501e-01	6.50000e+00
8.32000e-04	8.41659e-01	6.50000e+00
1.05600e-03	8.00603e-01	6.50000e+00
6.50000e-04	1.08356e+00	1.20000e+01
1.56000e-03	8.91019e-01	1.20000e+01
2.47000e-03	8.03155e-01	1.20000e+01
3.38000e-03	7.47902e-01	1.20000e+01
4.29000e-03	7.08309e-01	1.20000e+01
2.50000e-04	1.07819e+00	6.50000e+00
6.00000e-04	9.00974e-01	6.50000e+00
9.50000e-04	8.18595e-01	6.50000e+00
1.30000e-03	7.66267e-01	6.50000e+00
1.65000e-03	7.28511e-01	6.50000e+00
1.00000e-03	9.84472e-01	1.20000e+01
2.40000e-03	8.08406e-01	1.20000e+01
3.80000e-03	7.28198e-01	1.20000e+01
5.20000e-03	6.77807e-01	1.20000e+01
6.60000e-03	6.41721e-01	1.20000e+01
4.00000e-04	9.79617e-01	6.50000e+00
9.60000e-04	8.16798e-01	6.50000e+00
1.52000e-03	7.41315e-01	6.50000e+00
2.08000e-03	6.93439e-01	6.50000e+00
2.64000e-03	6.58928e-01	6.50000e+00
1.60000e-03	8.85955e-01	1.20000e+01
3.84000e-03	7.26461e-01	1.20000e+01
6.08000e-03	6.53933e-01	1.20000e+01
8.32000e-03	6.08409e-01	1.20000e+01
1.05600e-02	5.75829e-01	1.20000e+01
6.50000e-04	8.86120e-01	6.50000e+00
1.56000e-03	7.37241e-01	6.50000e+00
2.47000e-03	6.68404e-01	6.50000e+00
3.38000e-03	6.24805e-01	6.50000e+00
4.29000e-03	5.93408e-01	6.50000e+00
2.50000e-03	8.00959e-01	1.20000e+01
6.00000e-03	6.55924e-01	1.20000e+01
9.50000e-03	5.90075e-01	1.20000e+01
1.30000e-02	5.48778e-01	1.20000e+01
1.65000e-02	5.19239e-01	1.20000e+01
1.00000e-03	8.09826e-01	6.50000e+00
2.40000e-03	6.72534e-01	6.50000e+00
3.80000e-03	6.09197e-01	6.50000e+00
5.20000e-03	5.69129e-01	6.50000e+00
6.60000e-03	5.40299e-01	6.50000e+00
1.60000e-03	7.33289e-01	6.50000e+00
3.84000e-03	6.07819e-01	6.50000e+00
6.08000e-03	5.50068e-01	6.50000e+00
8.32000e-03	5.13580e-01	6.50000e+00
1.05600e-02	4.87348e-01	6.50000e+00
8.70000e-05	1.80818e+00	1.50000e+01
2.08800e-04	1.49208e+00	1.50000e+01
3.30600e-04	1.34709e+00	1.50000e+01
4.52400e-04	1.25567e+00	1.50000e+01
5.74200e-04	1.19005e+00	1.50000e+01
2.50000e-03	6.66676e-01	6.50000e+00
6.00000e-03	5.51660e-01	6.50000e+00
9.50000e-03	4.98831e-01	6.50000e+00
1.30000e-02	4.65489e-01	6.50000e+00
1.65000e-02	4.41537e-01	6.50000e+00
1.00000e-04	1.75417e+00	1.50000e+01
2.40000e-04	1.44670e+00	1.50000e+01
3.80000e-04	1.30577e+00	1.50000e+01
5.20000e-04	1.21695e+00	1.50000e+01
6.60000e-04	1.15321e+00	1.50000e+01
1.00000e-04	1.75417e+00	1.50000e+01
2.40000e-04	1.44670e+00	1.50000e+01
3.80000e-04	1.30577e+00	1.50000e+01
5.20000e-04	1.21695e+00	1.50000e+01
6.60000e-04	1.15321e+00	1.50000e+01
1.14000e-04	1.70468e+00	1.50000e+01
2.73600e-04	1.40516e+00	1.50000e+01
4.33200e-04	1.26796e+00	1.50000e+01
5.92800e-04	1.18152e+00	1.50000e+01
7.52400e-04	1.11951e+00	1.50000e+01
4.93000e-05	1.65917e+00	8.50000e+00
1.18320e-04	1.38917e+00	8.50000e+00
1.87340e-04	1.26326e+00	8.50000e+00
2.56360e-04	1.18314e+00	8.50000e+00
3.25380e-04	1.12528e+00	8.50000e+00
1.23000e-04	1.67656e+00	1.50000e+01
2.95200e-04	1.38157e+00	1.50000e+01
4.67400e-04	1.24650e+00	1.50000e+01
6.39600e-04	1.16142e+00	1.50000e+01
8.11800e-04	1.10039e+00	1.50000e+01
5.25000e-05	1.63839e+00	8.50000e+00
1.26000e-04	1.37132e+00	8.50000e+00
1.99500e-04	1.24682e+00	8.50000e+00
2.73000e-04	1.16763e+00	8.50000e+00
3.46500e-04	1.11044e+00	8.50000e+00
1.60000e-04	1.58245e+00	1.50000e+01
3.84000e-04	1.30271e+00	1.50000e+01
6.08000e-04	1.17479e+00	1.50000e+01
8.32000e-04	1.09427e+00	1.50000e+01
1.05600e-03	1.03653e+00	1.50000e+01
5.60000e-05	1.61729e+00	8.50000e+00
1.34400e-04	1.35321e+00	8.50000e+00
2.12800e-04	1.23015e+00	8.50000e+00
2.91200e-04	1.15190e+00	8.50000e+00
3.69600e-04	1.09539e+00	8.50000e+00
1.60000e-04	1.58245e+00	1.50000e+01
3.84000e-04	1.30271e+00	1.50000e+01
6.08000e-04	1.17479e+00	1.50000e+01
8.32000e-04	1.09427e+00	1.50000e+01
1.05600e-03	1.03653e+00	1.50000e+01
6.20000e-05	1.58449e+00	8.50000e+00
1.48800e-04	1.32507e+00	8.50000e+00
2.35600e-04	1.20426e+00	8.50000e+00
3.22400e-04	1.12746e+00	8.50000e+00
4.09200e-04	1.07202e+00	8.50000e+00
2.50000e-04	1.43364e+00	1.50000e+01
6.00000e-04	1.17831e+00	1.50000e+01
9.50000e-04	1.06179e+00	1.50000e+01
1.30000e-03	9.88523e-01	1.50000e+01
1.65000e-03	9.36028e-01	1.50000e+01
6.45000e-05	1.57191e+00	8.50000e+00
1.54800e-04	1.31428e+00	8.50000e+00
2.45100e-04	1.19434e+00	8.50000e+00
3.35400e-04	1.11810e+00	8.50000e+00
4.25700e-04	1.06306e+00	8.50000e+00
4.00000e-04	1.29085e+00	1.50000e+01
9.60000e-04	1.05926e+00	1.50000e+01
1.52000e-03	9.53796e-01	1.50000e+01
2.08000e-03	8.87549e-01	1.50000e+01
2.64000e-03	8.40117e-01	1.50000e+01
6.95000e-05	1.54837e+00	8.50000e+00
1.66800e-04	1.29410e+00	8.50000e+00
2.64100e-04	1.17578e+00	8.50000e+00
3.61400e-04	1.10060e+00	8.50000e+00
4.58700e-04	1.04633e+00	8.50000e+00
6.50000e-04	1.15719e+00	1.50000e+01
1.56000e-03	9.48138e-01	1.50000e+01
2.47000e-03	8.53113e-01	1.50000e+01
3.38000e-03	7.93486e-01	1.50000e+01
4.29000e-03	7.50823e-01	1.50000e+01
6.95000e-05	1.54837e+00	8.50000e+00
1.66800e-04	1.29410e+00	8.50000e+00
2.64100e-04	1.17578e+00	8.50000e+00
3.61400e-04	1.10060e+00	8.50000e+00
4.58700e-04	1.04633e+00	8.50000e+00
1.00000e-03	1.04947e+00	1.50000e+01
2.40000e-03	8.58785e-01	1.50000e+01
3.80000e-03	7.72248e-01	1.50000e+01
5.20000e-03	7.17993e-01	1.50000e+01
6.60000e-03	6.79195e-01	1.50000e+01
1.00000e-04	1.43791e+00	8.50000e+00
2.40000e-04	1.19961e+00	8.50000e+00
3.80000e-04	1.08897e+00	8.50000e+00
5.20000e-04	1.01875e+00	8.50000e+00
6.60000e-04	9.68113e-01	8.50000e+00
1.60000e-03	9.42654e-01	1.50000e+01
3.84000e-03	7.70375e-01	1.50000e+01
6.08000e-03	6.92319e-01	1.50000e+01
8.32000e-03	6.43422e-01	1.50000e+01
1.05600e-02	6.08475e-01	1.50000e+01
1.00000e-04	1.43791e+00	8.50000e+00
2.40000e-04	1.19961e+00	8.50000e+00
3.80000e-04	1.08897e+00	8.50000e+00
5.20000e-04	1.01875e+00	8.50000e+00
6.60000e-04	9.68113e-01	8.50000e+00
2.50000e-03	8.50742e-01	1.50000e+01
6.00000e-03	6.94460e-01	1.50000e+01
9.50000e-03	6.23751e-01	1.50000e+01
1.30000e-02	5.79490e-01	1.50000e+01
1.65000e-02	5.47873e-01	1.50000e+01
1.60000e-04	1.30531e+00	8.50000e+00
3.84000e-04	1.08656e+00	8.50000e+00
6.08000e-04	9.85283e-01	8.50000e+00
8.32000e-04	9.21100e-01	8.50000e+00
1.05600e-03	8.74862e-01	8.50000e+00
4.00000e-03	7.63117e-01	1.50000e+01
9.60000e-03	6.22223e-01	1.50000e+01
1.52000e-02	5.58565e-01	1.50000e+01
2.08000e-02	5.18746e-01	1.50000e+01
2.64000e-02	4.90315e-01	1.50000e+01
2.50000e-04	1.18939e+00	8.50000e+00
6.00000e-04	9.88080e-01	8.50000e+00
9.50000e-04	8.95112e-01	8.50000e+00
1.30000e-03	8.36274e-01	8.50000e+00
1.65000e-03	7.93926e-01	8.50000e+00
4.00000e-04	1.07720e+00	8.50000e+00
9.60000e-04	8.93089e-01	8.50000e+00
1.52000e-03	8.08277e-01	8.50000e+00
2.08000e-03	7.54671e-01	8.50000e+00
2.64000e-03	7.16125e-01	8.50000e+00
1.04500e-04	1.83980e+00	1.80000e+01
2.50800e-04	1.51222e+00	1.80000e+01
3.97100e-04	1.36264e+00	1.80000e+01
5.43400e-04	1.26856e+00	1.80000e+01
6.89700e-04	1.20114e+00	1.80000e+01
6.50000e-04	9.71287e-01	8.50000e+00
1.56000e-03	8.03709e-01	8.50000e+00
2.47000e-03	7.26700e-01	8.50000e+00
3.38000e-03	6.78090e-01	8.50000e+00
4.29000e-03	6.43166e-01	8.50000e+00
1.18500e-04	1.78907e+00	1.80000e+01
2.84400e-04	1.46986e+00	1.80000e+01
4.50300e-04	1.32417e+00	1.80000e+01
6.16200e-04	1.23258e+00	1.80000e+01
7.82100e-04	1.16695e+00	1.80000e+01
1.00000e-03	8.85241e-01	8.50000e+00
2.40000e-03	7.31313e-01	8.50000e+00
3.80000e-03	6.60719e-01	8.50000e+00
5.20000e-03	6.16206e-01	8.50000e+00
6.60000e-03	5.84249e-01	8.50000e+00
1.34000e-04	1.74072e+00	1.80000e+01
3.21600e-04	1.42950e+00	1.80000e+01
5.09200e-04	1.28754e+00	1.80000e+01
6.96800e-04	1.19832e+00	1.80000e+01
8.84400e-04	1.13440e+00	1.80000e+01
1.60000e-03	7.99279e-01	8.50000e+00
3.84000e-03	6.59187e-01	8.50000e+00
6.08000e-03	5.95071e-01	8.50000e+00
8.32000e-03	5.54687e-01	8.50000e+00
1.05600e-02	5.25716e-01	8.50000e+00
1.34000e-04	1.74072e+00	1.80000e+01
3.21600e-04	1.42950e+00	1.80000e+01
5.09200e-04	1.28754e+00	1.80000e+01
6.96800e-04	1.19832e+00	1.80000e+01
8.84400e-04	1.13440e+00	1.80000e+01
2.50000e-03	7.24772e-01	8.50000e+00
6.00000e-03	5.96835e-01	8.50000e+00
9.50000e-03	5.38392e-01	8.50000e+00
1.30000e-02	5.01616e-01	8.50000e+00
1.65000e-02	4.75250e-01	8.50000e+00
1.64000e-04	1.66383e+00	1.80000e+01
3.93600e-04	1.36539e+00	1.80000e+01
6.23200e-04	1.22939e+00	1.80000e+01
8.52800e-04	1.14395e+00	1.80000e+01
1.08240e-03	1.08276e+00	1.80000e+01
1.64000e-04	1.66383e+00	1.80000e+01
3.93600e-04	1.36539e+00	1.80000e+01
6.23200e-04	1.22939e+00	1.80000e+01
8.52800e-04	1.14395e+00	1.80000e+01
1.08240e-03	1.08276e+00	1.80000e+01
6.50000e-05	1.66960e+00	1.00000e+01
1.56000e-04	1.39082e+00	1.00000e+01
2.47000e-04	1.26156e+00	1.00000e+01
3.38000e-04	1.17959e+00	1.00000e+01
4.29000e-04	1.12051e+00	1.00000e+01
2.50000e-04	1.51331e+00	1.80000e+01
6.00000e-04	1.24012e+00	1.80000e+01
9.50000e-04	1.11585e+00	1.80000e+01
1.30000e-03	1.03785e+00	1.80000e+01
1.65000e-03	9.82035e-01	1.80000e+01
1.00000e-04	1.52687e+00	1.00000e+01
2.40000e-04	1.26933e+00	1.00000e+01
3.80000e-04	1.15023e+00	1.00000e+01
5.20000e-04	1.07480e+00	1.00000e+01
6.60000e-04	1.02049e+00	1.00000e+01
2.50000e-04	1.51331e+00	1.80000e+01
6.00000e-04	1.24012e+00	1.80000e+01
9.50000e-04	1.11585e+00	1.80000e+01
1.30000e-03	1.03785e+00	1.80000e+01
1.65000e-03	9.82035e-01	1.80000e+01
1.60000e-04	1.38340e+00	1.00000e+01
3.84000e-04	1.14763e+00	1.00000e+01
6.08000e-04	1.03889e+00	1.00000e+01
8.32000e-04	9.70126e-01	1.00000e+01
1.05600e-03	9.20658e-01	1.00000e+01
4.00000e-04	1.36039e+00	1.80000e+01
9.60000e-04	1.11316e+00	1.80000e+01
1.52000e-03	1.00092e+00	1.80000e+01
2.08000e-03	9.30538e-01	1.80000e+01
2.64000e-03	8.80203e-01	1.80000e+01
2.50000e-04	1.25832e+00	1.00000e+01
6.00000e-04	1.04189e+00	1.00000e+01
9.50000e-04	9.42315e-01	1.00000e+01
1.30000e-03	8.79420e-01	1.00000e+01
1.65000e-03	8.34216e-01	1.00000e+01
6.50000e-04	1.21758e+00	1.80000e+01
1.56000e-03	9.94906e-01	1.80000e+01
2.47000e-03	8.93990e-01	1.80000e+01
3.38000e-03	8.30768e-01	1.80000e+01
4.29000e-03	7.85583e-01	1.80000e+01
4.00000e-04	1.13757e+00	1.00000e+01
9.60000e-04	9.40150e-01	1.00000e+01
1.52000e-03	8.49529e-01	1.00000e+01
2.08000e-03	7.92363e-01	1.00000e+01
2.64000e-03	7.51312e-01	1.00000e+01
1.00000e-03	1.10273e+00	1.80000e+01
2.40000e-03	9.00008e-01	1.80000e+01
3.80000e-03	8.08269e-01	1.80000e+01
5.20000e-03	7.50840e-01	1.80000e+01
6.60000e-03	7.09817e-01	1.80000e+01
6.50000e-04	1.02389e+00	1.00000e+01
1.56000e-03	8.44655e-01	1.00000e+01
2.47000e-03	7.62570e-01	1.00000e+01
3.38000e-03	7.10851e-01	1.00000e+01
4.29000e-03	6.73742e-01	1.00000e+01
1.60000e-03	9.89077e-01	1.80000e+01
3.84000e-03	8.06286e-01	1.80000e+01
6.08000e-03	7.23690e-01	1.80000e+01
8.32000e-03	6.72025e-01	1.80000e+01
1.05600e-02	6.35138e-01	1.80000e+01
1.00000e-03	9.31756e-01	1.00000e+01
2.40000e-03	7.67481e-01	1.00000e+01
3.80000e-03	6.92389e-01	1.00000e+01
5.20000e-03	6.45124e-01	1.00000e+01
6.60000e-03	6.11233e-01	1.00000e+01
2.50000e-03	8.91474e-01	1.80000e+01
6.00000e-03	7.25953e-01	1.80000e+01
9.50000e-03	6.51259e-01	1.80000e+01
1.30000e-02	6.04568e-01	1.80000e+01
1.65000e-02	5.71248e-01	1.80000e+01
2.50000e-03	7.60516e-01	1.00000e+01
6.00000e-03	6.24577e-01	1.00000e+01
9.50000e-03	5.62664e-01	1.00000e+01
1.30000e-02	5.23769e-01	1.00000e+01
1.65000e-02	4.95916e-01	1.00000e+01
4.00000e-03	7.98599e-01	1.80000e+01
9.60000e-03	6.49646e-01	1.80000e+01
1.52000e-02	5.82513e-01	1.80000e+01
2.08000e-02	5.40577e-01	1.80000e+01
2.64000e-02	5.10662e-01	1.80000e+01
1.45000e-04	1.81313e+00	2.20000e+01
3.48000e-04	1.48386e+00	2.20000e+01
5.51000e-04	1.33425e+00	2.20000e+01
7.54000e-04	1.24040e+00	2.20000e+01
9.57000e-04	1.17327e+00	2.20000e+01
1.60000e-04	1.77299e+00	2.20000e+01
3.84000e-04	1.45054e+00	2.20000e+01
6.08000e-04	1.30409e+00	2.20000e+01
8.32000e-04	1.21225e+00	2.20000e+01
1.05600e-03	1.14657e+00	2.20000e+01
1.72500e-04	1.74286e+00	2.20000e+01
4.14000e-04	1.42556e+00	2.20000e+01
6.55500e-04	1.28149e+00	2.20000e+01
8.97000e-04	1.19115e+00	2.20000e+01
1.13850e-03	1.12655e+00	2.20000e+01
1.94000e-04	1.69677e+00	2.20000e+01
4.65600e-04	1.38735e+00	2.20000e+01
7.37200e-04	1.24693e+00	2.20000e+01
1.00880e-03	1.15890e+00	2.20000e+01
1.28040e-03	1.09595e+00	2.20000e+01
2.50000e-04	1.60110e+00	2.20000e+01
6.00000e-04	1.30811e+00	2.20000e+01
9.50000e-04	1.17528e+00	2.20000e+01
1.30000e-03	1.09206e+00	2.20000e+01
1.65000e-03	1.03257e+00	2.20000e+01
2.50000e-04	1.60110e+00	2.20000e+01
6.00000e-04	1.30811e+00	2.20000e+01
9.50000e-04	1.17528e+00	2.20000e+01
1.30000e-03	1.09206e+00	2.20000e+01
1.65000e-03	1.03257e+00	2.20000e+01
2.96000e-04	1.54019e+00	2.20000e+01
7.10400e-04	1.25773e+00	2.20000e+01
1.12480e-03	1.12975e+00	2.20000e+01
1.53920e-03	1.04959e+00	2.20000e+01
1.95360e-03	9.92305e-01	2.20000e+01
4.00000e-04	1.43693e+00	2.20000e+01
9.60000e-04	1.17241e+00	2.20000e+01
1.52000e-03	1.05269e+00	2.20000e+01
2.08000e-03	9.77744e-01	2.20000e+01
2.64000e-03	9.24209e-01	2.20000e+01
6.50000e-04	1.28400e+00	2.20000e+01
1.56000e-03	1.04628e+00	2.20000e+01
2.47000e-03	9.38866e-01	2.20000e+01
3.38000e-03	8.71683e-01	2.20000e+01
4.29000e-03	8.23719e-01	2.20000e+01
1.00000e-03	1.16127e+00	2.20000e+01
2.40000e-03	9.45266e-01	2.20000e+01
3.80000e-03	8.47795e-01	2.20000e+01
5.20000e-03	7.86872e-01	2.20000e+01
6.60000e-03	7.43400e-01	2.20000e+01
1.60000e-03	1.04007e+00	2.20000e+01
3.84000e-03	8.45690e-01	2.20000e+01
6.08000e-03	7.58096e-01	2.20000e+01
8.32000e-03	7.03387e-01	2.20000e+01
1.05600e-02	6.64366e-01	2.20000e+01
2.50000e-03	9.36191e-01	2.20000e+01
6.00000e-03	7.60495e-01	2.20000e+01
9.50000e-03	6.81414e-01	2.20000e+01
1.30000e-02	6.32052e-01	2.20000e+01
1.65000e-02	5.96860e-01	2.20000e+01
4.00000e-03	8.37532e-01	2.20000e+01
9.60000e-03	6.79708e-01	2.20000e+01
1.52000e-02	6.08755e-01	2.20000e+01
2.08000e-02	5.64492e-01	2.20000e+01
2.64000e-02	5.32947e-01	2.20000e+01
