3.10500e-07	7.28676e-02	4.50000e-02
7.45200e-07	6.84131e-02	4.50000e-02
1.17990e-06	6.61153e-02	4.50000e-02
1.61460e-06	6.45621e-02	4.50000e-02
2.04930e-06	6.33895e-02	4.50000e-02
3.31000e-05	2.96394e-01	3.50000e-01
7.94400e-05	2.67259e-01	3.50000e-01
1.25780e-04	2.52537e-01	3.50000e-01
1.72120e-04	2.42721e-01	3.50000e-01
2.18460e-04	2.35389e-01	3.50000e-01
4.48500e-07	1.01437e-01	6.50000e-02
1.07640e-06	9.50106e-02	6.50000e-02
1.70430e-06	9.16980e-02	6.50000e-02
2.33220e-06	8.94601e-02	6.50000e-02
2.96010e-06	8.77713e-02	6.50000e-02
6.50000e-05	2.73810e-01	3.50000e-01
1.56000e-04	2.45778e-01	3.50000e-01
2.47000e-04	2.31657e-01	3.50000e-01
3.38000e-04	2.22260e-01	3.50000e-01
4.29000e-04	2.15251e-01	3.50000e-01
5.10000e-07	1.00484e-01	6.50000e-02
1.22400e-06	9.40801e-02	6.50000e-02
1.93800e-06	9.07789e-02	6.50000e-02
2.65200e-06	8.85485e-02	6.50000e-02
3.36600e-06	8.68654e-02	6.50000e-02
1.10000e-04	2.56790e-01	3.50000e-01
2.64000e-04	2.29646e-01	3.50000e-01
4.18000e-04	2.16009e-01	3.50000e-01
5.72000e-04	2.06949e-01	3.50000e-01
7.26000e-04	2.00201e-01	3.50000e-01
5.85000e-07	1.28288e-01	8.50000e-02
1.40400e-06	1.19897e-01	8.50000e-02
2.22300e-06	1.15575e-01	8.50000e-02
3.04200e-06	1.12657e-01	8.50000e-02
3.86100e-06	1.10456e-01	8.50000e-02
2.50000e-04	2.31291e-01	3.50000e-01
6.00000e-04	2.05587e-01	3.50000e-01
9.50000e-04	1.92734e-01	3.50000e-01
1.30000e-03	1.84221e-01	3.50000e-01
1.65000e-03	1.77894e-01	3.50000e-01
6.70000e-07	1.26974e-01	8.50000e-02
1.60800e-06	1.18615e-01	8.50000e-02
2.54600e-06	1.14310e-01	8.50000e-02
3.48400e-06	1.11403e-01	8.50000e-02
4.42200e-06	1.09210e-01	8.50000e-02
1.25500e-03	1.85166e-01	3.50000e-01
3.01200e-03	1.62482e-01	3.50000e-01
4.76900e-03	1.51265e-01	3.50000e-01
6.52600e-03	1.43886e-01	3.50000e-01
8.28300e-03	1.38429e-01	3.50000e-01
7.80000e-07	1.25507e-01	8.50000e-02
1.87200e-06	1.17185e-01	8.50000e-02
2.96400e-06	1.12898e-01	8.50000e-02
4.05600e-06	1.10003e-01	8.50000e-02
5.14800e-06	1.07820e-01	8.50000e-02
4.41500e-06	4.09266e-01	4.00000e-01
1.05960e-05	3.72612e-01	4.00000e-01
1.67770e-05	3.54005e-01	4.00000e-01
2.29580e-05	3.41559e-01	4.00000e-01
2.91390e-05	3.32238e-01	4.00000e-01
7.55000e-07	1.59808e-01	1.10000e-01
1.81200e-06	1.48975e-01	1.10000e-01
2.86900e-06	1.43402e-01	1.10000e-01
3.92600e-06	1.39642e-01	1.10000e-01
4.98300e-06	1.36807e-01	1.10000e-01
5.50000e-06	3.99919e-01	4.00000e-01
1.32000e-05	3.63660e-01	4.00000e-01
2.09000e-05	3.45264e-01	4.00000e-01
2.86000e-05	3.32964e-01	4.00000e-01
3.63000e-05	3.23756e-01	4.00000e-01
8.65000e-07	1.58106e-01	1.10000e-01
2.07600e-06	1.47318e-01	1.10000e-01
3.28700e-06	1.41767e-01	1.10000e-01
4.49800e-06	1.38022e-01	1.10000e-01
5.70900e-06	1.35199e-01	1.10000e-01
6.65000e-06	3.91922e-01	4.00000e-01
1.59600e-05	3.56005e-01	4.00000e-01
2.52700e-05	3.37793e-01	4.00000e-01
3.45800e-05	3.25621e-01	4.00000e-01
4.38900e-05	3.16511e-01	4.00000e-01
1.01000e-06	1.56176e-01	1.10000e-01
2.42400e-06	1.45437e-01	1.10000e-01
3.83800e-06	1.39913e-01	1.10000e-01
5.25200e-06	1.36185e-01	1.10000e-01
6.66600e-06	1.33375e-01	1.10000e-01
8.50000e-06	3.81693e-01	4.00000e-01
2.04000e-05	3.46222e-01	4.00000e-01
3.23000e-05	3.28250e-01	4.00000e-01
4.42000e-05	3.16244e-01	4.00000e-01
5.61000e-05	3.07262e-01	4.00000e-01
1.21500e-06	1.53885e-01	1.10000e-01
2.91600e-06	1.43207e-01	1.10000e-01
4.61700e-06	1.37712e-01	1.10000e-01
6.31800e-06	1.34005e-01	1.10000e-01
8.01900e-06	1.31210e-01	1.10000e-01
1.10000e-05	3.71081e-01	4.00000e-01
2.64000e-05	3.36083e-01	4.00000e-01
4.18000e-05	3.18365e-01	4.00000e-01
5.72000e-05	3.06536e-01	4.00000e-01
7.26000e-05	2.97690e-01	4.00000e-01
1.03500e-06	2.06203e-01	1.50000e-01
2.48400e-06	1.91507e-01	1.50000e-01
3.93300e-06	1.83960e-01	1.50000e-01
5.38200e-06	1.78873e-01	1.50000e-01
6.83100e-06	1.75042e-01	1.50000e-01
1.84000e-05	3.50319e-01	4.00000e-01
4.41600e-05	3.16278e-01	4.00000e-01
6.99200e-05	2.99077e-01	4.00000e-01
9.56800e-05	2.87606e-01	4.00000e-01
1.21440e-04	2.79037e-01	4.00000e-01
1.18000e-06	2.03975e-01	1.50000e-01
2.83200e-06	1.89342e-01	1.50000e-01
4.48400e-06	1.81827e-01	1.50000e-01
6.13600e-06	1.76763e-01	1.50000e-01
7.78800e-06	1.72948e-01	1.50000e-01
4.41500e-05	3.16286e-01	4.00000e-01
1.05960e-04	2.83922e-01	4.00000e-01
1.67770e-04	2.67630e-01	4.00000e-01
2.29580e-04	2.56792e-01	4.00000e-01
2.91390e-04	2.48710e-01	4.00000e-01
1.38000e-06	2.01327e-01	1.50000e-01
3.31200e-06	1.86769e-01	1.50000e-01
5.24400e-06	1.79293e-01	1.50000e-01
7.17600e-06	1.74254e-01	1.50000e-01
9.10800e-06	1.70460e-01	1.50000e-01
8.80000e-05	2.90645e-01	4.00000e-01
2.11200e-04	2.59653e-01	4.00000e-01
3.34400e-04	2.44104e-01	4.00000e-01
4.57600e-04	2.33784e-01	4.00000e-01
5.80800e-04	2.26101e-01	4.00000e-01
1.65500e-06	1.98271e-01	1.50000e-01
3.97200e-06	1.83799e-01	1.50000e-01
6.28900e-06	1.76367e-01	1.50000e-01
8.60600e-06	1.71359e-01	1.50000e-01
1.09230e-05	1.67588e-01	1.50000e-01
1.47000e-04	2.72266e-01	4.00000e-01
3.52800e-04	2.42325e-01	4.00000e-01
5.58600e-04	2.27348e-01	4.00000e-01
7.64400e-04	2.17425e-01	4.00000e-01
9.70200e-04	2.10047e-01	4.00000e-01
2.07000e-06	1.94533e-01	1.50000e-01
4.96800e-06	1.80167e-01	1.50000e-01
7.86600e-06	1.72789e-01	1.50000e-01
1.07640e-05	1.67819e-01	1.50000e-01
1.36620e-05	1.64076e-01	1.50000e-01
3.15500e-04	2.46045e-01	4.00000e-01
7.57200e-04	2.17720e-01	4.00000e-01
1.19890e-03	2.03618e-01	4.00000e-01
1.64060e-03	1.94302e-01	4.00000e-01
2.08230e-03	1.87392e-01	4.00000e-01
2.51000e-06	1.91335e-01	1.50000e-01
6.02400e-06	1.77059e-01	1.50000e-01
9.53800e-06	1.69729e-01	1.50000e-01
1.30520e-05	1.64791e-01	1.50000e-01
1.65660e-05	1.61072e-01	1.50000e-01
3.66000e-06	4.95552e-01	5.00000e-01
8.78400e-06	4.49777e-01	5.00000e-01
1.39080e-05	4.26605e-01	5.00000e-01
1.90320e-05	4.11132e-01	5.00000e-01
2.41560e-05	3.99561e-01	5.00000e-01
1.57500e-06	2.55896e-01	2.00000e-01
3.78000e-06	2.36540e-01	2.00000e-01
5.98500e-06	2.26621e-01	2.00000e-01
8.19000e-06	2.19946e-01	2.00000e-01
1.03950e-05	2.14924e-01	2.00000e-01
4.30000e-06	4.86967e-01	5.00000e-01
1.03200e-05	4.41583e-01	5.00000e-01
1.63400e-05	4.18620e-01	5.00000e-01
2.23600e-05	4.03293e-01	5.00000e-01
2.83800e-05	3.91832e-01	5.00000e-01
1.84000e-06	2.52414e-01	2.00000e-01
4.41600e-06	2.33164e-01	2.00000e-01
6.99200e-06	2.23302e-01	2.00000e-01
9.56800e-06	2.16665e-01	2.00000e-01
1.21440e-05	2.11673e-01	2.00000e-01
7.90000e-06	4.55209e-01	5.00000e-01
1.89600e-05	4.11318e-01	5.00000e-01
3.00200e-05	3.89156e-01	5.00000e-01
4.10800e-05	3.74383e-01	5.00000e-01
5.21400e-05	3.63348e-01	5.00000e-01
2.20500e-06	2.48385e-01	2.00000e-01
5.29200e-06	2.29261e-01	2.00000e-01
8.37900e-06	2.19463e-01	2.00000e-01
1.14660e-05	2.12872e-01	2.00000e-01
1.45530e-05	2.07913e-01	2.00000e-01
1.06000e-05	4.40229e-01	5.00000e-01
2.54400e-05	3.97069e-01	5.00000e-01
4.02800e-05	3.75300e-01	5.00000e-01
5.51200e-05	3.60800e-01	5.00000e-01
6.99600e-05	3.49975e-01	5.00000e-01
2.76000e-06	2.43424e-01	2.00000e-01
6.62400e-06	2.24453e-01	2.00000e-01
1.04880e-05	2.14737e-01	2.00000e-01
1.43520e-05	2.08201e-01	2.00000e-01
1.82160e-05	2.03286e-01	2.00000e-01
1.38000e-05	4.26993e-01	5.00000e-01
3.31200e-05	3.84496e-01	5.00000e-01
5.24400e-05	3.63084e-01	5.00000e-01
7.17600e-05	3.48831e-01	5.00000e-01
9.10800e-05	3.38196e-01	5.00000e-01
3.34500e-06	2.39207e-01	2.00000e-01
8.02800e-06	2.20369e-01	2.00000e-01
1.27110e-05	2.10722e-01	2.00000e-01
1.73940e-05	2.04235e-01	2.00000e-01
2.20770e-05	1.99356e-01	2.00000e-01
1.99000e-05	4.08955e-01	5.00000e-01
4.77600e-05	3.67389e-01	5.00000e-01
7.56200e-05	3.46479e-01	5.00000e-01
1.03480e-04	3.32574e-01	5.00000e-01
1.31340e-04	3.22206e-01	5.00000e-01
4.24500e-06	2.34020e-01	2.00000e-01
1.01880e-05	2.15346e-01	2.00000e-01
1.61310e-05	2.05787e-01	2.00000e-01
2.20740e-05	1.99359e-01	2.00000e-01
2.80170e-05	1.94526e-01	2.00000e-01
5.00000e-05	3.65275e-01	5.00000e-01
1.20000e-04	3.26112e-01	5.00000e-01
1.90000e-04	3.06497e-01	5.00000e-01
2.60000e-04	2.93489e-01	5.00000e-01
3.30000e-04	2.83812e-01	5.00000e-01
5.50000e-06	2.28432e-01	2.00000e-01
1.32000e-05	2.09937e-01	2.00000e-01
2.09000e-05	2.00473e-01	2.00000e-01
2.86000e-05	1.94111e-01	2.00000e-01
3.63000e-05	1.89329e-01	2.00000e-01
1.25500e-04	3.24170e-01	5.00000e-01
3.01200e-04	2.87497e-01	5.00000e-01
4.76900e-04	2.69224e-01	5.00000e-01
6.52600e-04	2.57145e-01	5.00000e-01
8.28300e-04	2.48181e-01	5.00000e-01
1.99000e-05	2.01475e-01	2.00000e-01
4.77600e-05	1.83884e-01	2.00000e-01
7.56200e-05	1.74908e-01	2.00000e-01
1.03480e-04	1.68885e-01	2.00000e-01
1.31340e-04	1.64366e-01	2.00000e-01
1.84000e-04	3.07845e-01	5.00000e-01
4.41600e-04	2.72234e-01	5.00000e-01
6.99200e-04	2.54533e-01	5.00000e-01
9.56800e-04	2.42849e-01	5.00000e-01
1.21440e-03	2.34187e-01	5.00000e-01
1.25500e-04	1.65224e-01	2.00000e-01
3.01200e-04	1.49039e-01	2.00000e-01
4.76900e-04	1.40835e-01	2.00000e-01
6.52600e-04	1.35357e-01	2.00000e-01
8.28300e-04	1.31260e-01	2.00000e-01
4.00000e-04	2.76136e-01	5.00000e-01
9.60000e-04	2.42726e-01	5.00000e-01
1.52000e-03	2.26205e-01	5.00000e-01
2.08000e-03	2.15335e-01	5.00000e-01
2.64000e-03	2.07295e-01	5.00000e-01
1.97000e-06	3.03055e-01	2.50000e-01
4.72800e-06	2.79072e-01	2.50000e-01
7.48600e-06	2.66809e-01	2.50000e-01
1.02440e-05	2.58569e-01	2.50000e-01
1.30020e-05	2.52376e-01	2.50000e-01
1.60000e-03	2.24405e-01	5.00000e-01
3.84000e-03	1.95048e-01	5.00000e-01
6.08000e-03	1.80681e-01	5.00000e-01
8.32000e-03	1.71287e-01	5.00000e-01
1.05600e-02	1.64371e-01	5.00000e-01
2.30000e-06	2.98753e-01	2.50000e-01
5.52000e-06	2.74914e-01	2.50000e-01
8.74000e-06	2.62727e-01	2.50000e-01
1.19600e-05	2.54539e-01	2.50000e-01
1.51800e-05	2.48386e-01	2.50000e-01
4.76000e-06	5.84804e-01	6.50000e-01
1.14240e-05	5.27158e-01	6.50000e-01
1.80880e-05	4.98134e-01	6.50000e-01
2.47520e-05	4.78819e-01	6.50000e-01
3.14160e-05	4.64410e-01	6.50000e-01
2.76000e-06	2.93721e-01	2.50000e-01
6.62400e-06	2.70052e-01	2.50000e-01
1.04880e-05	2.57954e-01	2.50000e-01
1.43520e-05	2.49828e-01	2.50000e-01
1.82160e-05	2.43723e-01	2.50000e-01
5.60000e-06	5.73872e-01	6.50000e-01
1.34400e-05	5.16795e-01	6.50000e-01
2.12800e-05	4.88076e-01	6.50000e-01
2.91200e-05	4.68971e-01	6.50000e-01
3.69600e-05	4.54723e-01	6.50000e-01
3.45000e-06	2.87611e-01	2.50000e-01
8.28000e-06	2.64149e-01	2.50000e-01
1.31100e-05	2.52162e-01	2.50000e-01
1.79400e-05	2.44112e-01	2.50000e-01
2.27700e-05	2.38065e-01	2.50000e-01
7.90000e-06	5.51073e-01	6.50000e-01
1.89600e-05	4.95209e-01	6.50000e-01
3.00200e-05	4.67139e-01	6.50000e-01
4.10800e-05	4.48483e-01	6.50000e-01
5.21400e-05	4.34580e-01	6.50000e-01
4.18000e-06	2.82397e-01	2.50000e-01
1.00320e-05	2.59115e-01	2.50000e-01
1.58840e-05	2.47223e-01	2.50000e-01
2.17360e-05	2.39239e-01	2.50000e-01
2.75880e-05	2.33242e-01	2.50000e-01
8.20000e-06	5.48632e-01	6.50000e-01
1.96800e-05	4.92900e-01	6.50000e-01
3.11600e-05	4.64901e-01	6.50000e-01
4.26400e-05	4.46294e-01	6.50000e-01
5.41200e-05	4.32428e-01	6.50000e-01
5.30000e-06	2.76003e-01	2.50000e-01
1.27200e-05	2.52943e-01	2.50000e-01
2.01400e-05	2.41170e-01	2.50000e-01
2.75600e-05	2.33268e-01	2.50000e-01
3.49800e-05	2.27334e-01	2.50000e-01
1.99000e-05	4.92212e-01	6.50000e-01
4.77600e-05	4.39669e-01	6.50000e-01
7.56200e-05	4.13379e-01	6.50000e-01
1.03480e-04	3.95953e-01	6.50000e-01
1.31340e-04	3.82992e-01	6.50000e-01
6.90000e-06	2.68968e-01	2.50000e-01
1.65600e-05	2.46156e-01	2.50000e-01
2.62200e-05	2.34516e-01	2.50000e-01
3.58800e-05	2.26706e-01	2.50000e-01
4.55400e-05	2.20843e-01	2.50000e-01
2.99000e-05	4.67380e-01	6.50000e-01
7.17600e-05	4.16331e-01	6.50000e-01
1.13620e-04	3.90842e-01	6.50000e-01
1.55480e-04	3.73968e-01	6.50000e-01
1.97340e-04	3.61430e-01	6.50000e-01
1.15000e-05	2.55557e-01	2.50000e-01
2.76000e-05	2.33231e-01	2.50000e-01
4.37000e-05	2.21853e-01	2.50000e-01
5.98000e-05	2.14225e-01	2.50000e-01
7.59000e-05	2.08503e-01	2.50000e-01
5.00000e-05	4.37007e-01	6.50000e-01
1.20000e-04	3.87872e-01	6.50000e-01
1.90000e-04	3.63407e-01	6.50000e-01
2.60000e-04	3.47240e-01	6.50000e-01
3.30000e-04	3.35243e-01	6.50000e-01
1.99000e-05	2.41474e-01	2.50000e-01
4.77600e-05	2.19681e-01	2.50000e-01
7.56200e-05	2.08591e-01	2.50000e-01
1.03480e-04	2.01164e-01	2.50000e-01
1.31340e-04	1.95598e-01	2.50000e-01
1.25500e-04	3.85446e-01	6.50000e-01
3.01200e-04	3.39809e-01	6.50000e-01
4.76900e-04	3.17211e-01	6.50000e-01
6.52600e-04	3.02329e-01	6.50000e-01
8.28300e-04	2.91314e-01	6.50000e-01
5.50000e-05	2.16249e-01	2.50000e-01
1.32000e-04	1.95481e-01	2.50000e-01
2.09000e-04	1.84952e-01	2.50000e-01
2.86000e-04	1.77918e-01	2.50000e-01
3.63000e-04	1.72657e-01	2.50000e-01
2.39000e-04	3.51539e-01	6.50000e-01
5.73600e-04	3.08398e-01	6.50000e-01
9.08200e-04	2.87127e-01	6.50000e-01
1.24280e-03	2.73156e-01	6.50000e-01
1.57740e-03	2.62835e-01	6.50000e-01
1.25500e-04	1.96654e-01	2.50000e-01
3.01200e-04	1.76769e-01	2.50000e-01
4.76900e-04	1.66725e-01	2.50000e-01
6.52600e-04	1.60032e-01	2.50000e-01
8.28300e-04	1.55034e-01	2.50000e-01
4.00000e-04	3.25747e-01	6.50000e-01
9.60000e-04	2.84624e-01	6.50000e-01
1.52000e-03	2.64423e-01	6.50000e-01
2.08000e-03	2.51182e-01	6.50000e-01
2.64000e-03	2.41417e-01	6.50000e-01
1.97000e-04	1.86293e-01	2.50000e-01
4.72800e-04	1.66911e-01	2.50000e-01
7.48600e-04	1.57145e-01	2.50000e-01
1.02440e-03	1.50646e-01	2.50000e-01
1.30020e-03	1.45800e-01	2.50000e-01
1.60000e-03	2.62227e-01	6.50000e-01
3.84000e-03	2.26587e-01	6.50000e-01
6.08000e-03	2.09263e-01	6.50000e-01
8.32000e-03	1.97980e-01	6.50000e-01
1.05600e-02	1.89696e-01	6.50000e-01
7.90000e-04	1.56020e-01	2.50000e-01
1.89600e-03	1.38299e-01	2.50000e-01
3.00200e-03	1.29445e-01	2.50000e-01
4.10800e-03	1.23585e-01	2.50000e-01
5.21400e-03	1.19233e-01	2.50000e-01
6.20000e-06	6.85476e-01	8.50000e-01
1.48800e-05	6.13208e-01	8.50000e-01
2.35600e-05	5.77055e-01	8.50000e-01
3.22400e-05	5.53092e-01	8.50000e-01
4.09200e-05	5.35267e-01	8.50000e-01
2.56000e-06	3.89313e-01	3.50000e-01
6.14400e-06	3.56271e-01	3.50000e-01
9.72800e-06	3.39445e-01	3.50000e-01
1.33120e-05	3.28168e-01	3.50000e-01
1.68960e-05	3.19711e-01	3.50000e-01
6.90000e-06	6.76410e-01	8.50000e-01
1.65600e-05	6.04682e-01	8.50000e-01
2.62200e-05	5.68817e-01	8.50000e-01
3.58800e-05	5.45052e-01	8.50000e-01
4.55400e-05	5.27380e-01	8.50000e-01
2.56000e-06	3.89313e-01	3.50000e-01
6.14400e-06	3.56271e-01	3.50000e-01
9.72800e-06	3.39445e-01	3.50000e-01
1.33120e-05	3.28168e-01	3.50000e-01
1.68960e-05	3.19711e-01	3.50000e-01
1.00000e-05	6.45468e-01	8.50000e-01
2.40000e-05	5.75625e-01	8.50000e-01
3.80000e-05	5.40766e-01	8.50000e-01
5.20000e-05	5.17694e-01	8.50000e-01
6.60000e-05	5.00550e-01	8.50000e-01
3.05000e-06	3.82600e-01	3.50000e-01
7.32000e-06	3.49816e-01	3.50000e-01
1.15900e-05	3.33128e-01	3.50000e-01
1.58600e-05	3.21946e-01	3.50000e-01
2.01300e-05	3.13561e-01	3.50000e-01
1.00000e-05	6.45468e-01	8.50000e-01
2.40000e-05	5.75625e-01	8.50000e-01
3.80000e-05	5.40766e-01	8.50000e-01
5.20000e-05	5.17694e-01	8.50000e-01
6.60000e-05	5.00550e-01	8.50000e-01
3.31000e-06	3.79482e-01	3.50000e-01
7.94400e-06	3.46818e-01	3.50000e-01
1.25780e-05	3.30195e-01	3.50000e-01
1.72120e-05	3.19058e-01	3.50000e-01
2.18460e-05	3.10707e-01	3.50000e-01
1.99000e-05	5.90194e-01	8.50000e-01
4.77600e-05	5.23892e-01	8.50000e-01
7.56200e-05	4.90920e-01	8.50000e-01
1.03480e-04	4.69145e-01	8.50000e-01
1.31340e-04	4.52992e-01	8.50000e-01
4.14000e-06	3.71011e-01	3.50000e-01
9.93600e-06	3.38679e-01	3.50000e-01
1.57320e-05	3.22233e-01	3.50000e-01
2.15280e-05	3.11218e-01	3.50000e-01
2.73240e-05	3.02961e-01	3.50000e-01
2.50000e-05	5.72478e-01	8.50000e-01
6.00000e-05	5.07363e-01	8.50000e-01
9.50000e-05	4.75021e-01	8.50000e-01
1.30000e-04	4.53680e-01	8.50000e-01
1.65000e-04	4.37858e-01	8.50000e-01
5.00000e-06	3.63931e-01	3.50000e-01
1.20000e-05	3.31880e-01	3.50000e-01
1.90000e-05	3.15584e-01	3.50000e-01
2.60000e-05	3.04673e-01	3.50000e-01
3.30000e-05	2.96497e-01	3.50000e-01
5.00000e-05	5.20547e-01	8.50000e-01
1.20000e-04	4.59069e-01	8.50000e-01
1.90000e-04	4.28659e-01	8.50000e-01
2.60000e-04	4.08642e-01	8.50000e-01
3.30000e-04	3.93829e-01	8.50000e-01
6.35000e-06	3.55051e-01	3.50000e-01
1.52400e-05	3.23358e-01	3.50000e-01
2.41300e-05	3.07254e-01	3.50000e-01
3.30200e-05	2.96476e-01	3.50000e-01
4.19100e-05	2.88402e-01	3.50000e-01
1.25500e-04	4.56047e-01	8.50000e-01
3.01200e-04	3.99462e-01	8.50000e-01
4.76900e-04	3.71636e-01	8.50000e-01
6.52600e-04	3.53386e-01	8.50000e-01
8.28300e-04	3.39917e-01	8.50000e-01
8.25000e-06	3.45437e-01	3.50000e-01
1.98000e-05	3.14139e-01	3.50000e-01
3.13500e-05	2.98247e-01	3.50000e-01
4.29000e-05	2.87617e-01	3.50000e-01
5.44500e-05	2.79656e-01	3.50000e-01
4.00000e-04	3.82131e-01	8.50000e-01
9.60000e-04	3.31755e-01	8.50000e-01
1.52000e-03	3.07185e-01	8.50000e-01
2.08000e-03	2.91149e-01	8.50000e-01
2.64000e-03	2.79356e-01	8.50000e-01
1.60000e-05	3.21635e-01	3.50000e-01
3.84000e-05	2.91352e-01	3.50000e-01
6.08000e-05	2.76008e-01	3.50000e-01
8.32000e-05	2.65759e-01	3.50000e-01
1.05600e-04	2.58092e-01	3.50000e-01
1.60000e-03	3.04522e-01	8.50000e-01
3.84000e-03	2.61509e-01	8.50000e-01
6.08000e-03	2.40752e-01	8.50000e-01
8.32000e-03	2.27289e-01	8.50000e-01
1.05600e-02	2.17434e-01	8.50000e-01
8.80000e-06	8.25368e-01	1.20000e+00
2.11200e-05	7.30497e-01	1.20000e+00
3.34400e-05	6.83493e-01	1.20000e+00
4.57600e-05	6.52521e-01	1.20000e+00
5.80800e-05	6.29582e-01	1.20000e+00
4.00000e-05	1.04898e+00	2.70000e+00
9.60000e-05	8.99327e-01	2.70000e+00
1.52000e-04	8.27524e-01	2.70000e+00
2.08000e-04	7.81097e-01	2.70000e+00
2.64000e-04	7.47180e-01	2.70000e+00
1.00000e-05	8.11083e-01	1.20000e+00
2.40000e-05	7.17228e-01	1.20000e+00
3.80000e-05	6.70761e-01	1.20000e+00
5.20000e-05	6.40156e-01	1.20000e+00
6.60000e-05	6.17498e-01	1.20000e+00
4.00000e-05	1.04898e+00	2.70000e+00
9.60000e-05	8.99327e-01	2.70000e+00
1.52000e-04	8.27524e-01	2.70000e+00
2.08000e-04	7.81097e-01	2.70000e+00
2.64000e-04	7.47180e-01	2.70000e+00
1.00000e-05	8.11083e-01	1.20000e+00
2.40000e-05	7.17228e-01	1.20000e+00
3.80000e-05	6.70761e-01	1.20000e+00
5.20000e-05	6.40156e-01	1.20000e+00
6.60000e-05	6.17498e-01	1.20000e+00
6.50000e-05	9.63874e-01	2.70000e+00
1.56000e-04	8.23600e-01	2.70000e+00
2.47000e-04	7.56532e-01	2.70000e+00
3.38000e-04	7.13253e-01	2.70000e+00
4.29000e-04	6.81681e-01	2.70000e+00
1.60000e-05	7.59829e-01	1.20000e+00
3.84000e-05	6.69725e-01	1.20000e+00
6.08000e-05	6.25238e-01	1.20000e+00
8.32000e-05	5.95987e-01	1.20000e+00
1.05600e-04	5.74357e-01	1.20000e+00
1.00000e-04	8.92764e-01	2.70000e+00
2.40000e-04	7.60599e-01	2.70000e+00
3.80000e-04	6.97601e-01	2.70000e+00
5.20000e-04	6.57022e-01	2.70000e+00
6.60000e-04	6.27454e-01	2.70000e+00
1.60000e-05	7.59829e-01	1.20000e+00
3.84000e-05	6.69725e-01	1.20000e+00
6.08000e-05	6.25238e-01	1.20000e+00
8.32000e-05	5.95987e-01	1.20000e+00
1.05600e-04	5.74357e-01	1.20000e+00
1.60000e-04	8.19790e-01	2.70000e+00
3.84000e-04	6.96215e-01	2.70000e+00
6.08000e-04	6.37509e-01	2.70000e+00
8.32000e-04	5.99765e-01	2.70000e+00
1.05600e-03	5.72300e-01	2.70000e+00
3.15500e-05	6.89337e-01	1.20000e+00
7.57200e-05	6.04678e-01	1.20000e+00
1.19890e-04	5.63055e-01	1.20000e+00
1.64060e-04	5.35757e-01	1.20000e+00
2.08230e-04	5.15608e-01	1.20000e+00
2.50000e-04	7.54829e-01	2.70000e+00
6.00000e-04	6.39144e-01	2.70000e+00
9.50000e-04	5.84358e-01	2.70000e+00
1.30000e-03	5.49196e-01	2.70000e+00
1.65000e-03	5.23643e-01	2.70000e+00
4.00000e-05	6.65694e-01	1.20000e+00
9.60000e-05	5.82942e-01	1.20000e+00
1.52000e-04	5.42319e-01	1.20000e+00
2.08000e-04	5.15700e-01	1.20000e+00
2.64000e-04	4.96067e-01	1.20000e+00
4.00000e-04	6.90833e-01	2.70000e+00
9.60000e-04	5.83155e-01	2.70000e+00
1.52000e-03	5.32327e-01	2.70000e+00
2.08000e-03	4.99766e-01	2.70000e+00
2.64000e-03	4.76134e-01	2.70000e+00
6.50000e-05	6.18933e-01	1.20000e+00
1.56000e-04	5.40080e-01	1.20000e+00
2.47000e-04	5.01496e-01	1.20000e+00
3.38000e-04	4.76262e-01	1.20000e+00
4.29000e-04	4.57676e-01	1.20000e+00
6.50000e-04	6.29315e-01	2.70000e+00
1.56000e-03	5.29565e-01	2.70000e+00
2.47000e-03	4.82636e-01	2.70000e+00
3.38000e-03	4.52629e-01	2.70000e+00
4.29000e-03	4.30879e-01	2.70000e+00
7.90000e-05	6.00756e-01	1.20000e+00
1.89600e-04	5.23467e-01	1.20000e+00
3.00200e-04	4.85699e-01	1.20000e+00
4.10800e-04	4.61018e-01	1.20000e+00
5.21400e-04	4.42849e-01	1.20000e+00
1.00000e-03	5.78486e-01	2.70000e+00
2.40000e-03	4.85467e-01	2.70000e+00
3.80000e-03	4.41831e-01	2.70000e+00
5.20000e-03	4.13976e-01	2.70000e+00
6.60000e-03	3.93808e-01	2.70000e+00
1.99000e-04	5.19400e-01	1.20000e+00
4.77600e-04	4.49477e-01	1.20000e+00
7.56200e-04	4.15529e-01	1.20000e+00
1.03480e-03	3.93429e-01	1.20000e+00
1.31340e-03	3.77207e-01	1.20000e+00
2.50000e-03	4.81451e-01	2.70000e+00
6.00000e-03	4.01768e-01	2.70000e+00
9.50000e-03	3.64611e-01	2.70000e+00
1.30000e-02	3.40971e-01	2.70000e+00
1.65000e-02	3.23895e-01	2.70000e+00
6.50000e-04	4.26501e-01	1.20000e+00
1.56000e-03	3.65805e-01	1.20000e+00
2.47000e-03	3.36593e-01	1.20000e+00
3.38000e-03	3.17675e-01	1.20000e+00
4.29000e-03	3.03839e-01	1.20000e+00
2.50000e-03	3.35850e-01	1.20000e+00
6.00000e-03	2.85152e-01	1.20000e+00
9.50000e-03	2.61003e-01	1.20000e+00
1.30000e-02	2.45457e-01	1.20000e+00
1.65000e-02	2.34135e-01	1.20000e+00
2.03000e-05	1.34864e+00	3.50000e+00
4.87200e-05	1.15367e+00	3.50000e+00
7.71400e-05	1.06037e+00	3.50000e+00
1.05560e-04	1.00014e+00	3.50000e+00
1.33980e-04	9.56188e-01	3.50000e+00
9.25000e-06	9.44541e-01	1.50000e+00
2.22000e-05	8.30926e-01	1.50000e+00
3.51500e-05	7.74965e-01	1.50000e+00
4.81000e-05	7.38221e-01	1.50000e+00
6.10500e-05	7.11078e-01	1.50000e+00
2.16000e-05	1.33405e+00	3.50000e+00
5.18400e-05	1.14071e+00	3.50000e+00
8.20800e-05	1.04823e+00	3.50000e+00
1.12320e-04	9.88548e-01	3.50000e+00
1.42560e-04	9.45000e-01	3.50000e+00
1.10000e-05	9.21326e-01	1.50000e+00
2.64000e-05	8.09528e-01	1.50000e+00
4.18000e-05	7.54521e-01	1.50000e+00
5.72000e-05	7.18427e-01	1.50000e+00
7.26000e-05	6.91776e-01	1.50000e+00
2.30000e-05	1.31942e+00	3.50000e+00
5.52000e-05	1.12772e+00	3.50000e+00
8.74000e-05	1.03606e+00	3.50000e+00
1.19600e-04	9.76926e-01	3.50000e+00
1.51800e-04	9.33785e-01	3.50000e+00
1.60000e-05	8.72353e-01	1.50000e+00
3.84000e-05	7.64486e-01	1.50000e+00
6.08000e-05	7.11539e-01	1.50000e+00
8.32000e-05	6.76846e-01	1.50000e+00
1.05600e-04	6.51257e-01	1.50000e+00
2.56000e-05	1.29473e+00	3.50000e+00
6.14400e-05	1.10582e+00	3.50000e+00
9.72800e-05	1.01556e+00	3.50000e+00
1.33120e-04	9.57355e-01	3.50000e+00
1.68960e-04	9.14906e-01	3.50000e+00
1.60000e-05	8.72353e-01	1.50000e+00
3.84000e-05	7.64486e-01	1.50000e+00
6.08000e-05	7.11539e-01	1.50000e+00
8.32000e-05	6.76846e-01	1.50000e+00
1.05600e-04	6.51257e-01	1.50000e+00
2.65500e-05	1.28641e+00	3.50000e+00
6.37200e-05	1.09844e+00	3.50000e+00
1.00890e-04	1.00866e+00	3.50000e+00
1.38060e-04	9.50768e-01	3.50000e+00
1.75230e-04	9.08553e-01	3.50000e+00
2.50000e-05	8.16218e-01	1.50000e+00
6.00000e-05	7.13030e-01	1.50000e+00
9.50000e-05	6.62527e-01	1.50000e+00
1.30000e-04	6.29493e-01	1.50000e+00
1.65000e-04	6.05157e-01	1.50000e+00
2.86500e-05	1.26917e+00	3.50000e+00
6.87600e-05	1.08315e+00	3.50000e+00
1.08870e-04	9.94362e-01	3.50000e+00
1.48980e-04	9.37123e-01	3.50000e+00
1.89090e-04	8.95394e-01	3.50000e+00
4.00000e-05	7.59680e-01	1.50000e+00
9.60000e-05	6.61406e-01	1.50000e+00
1.52000e-04	6.13459e-01	1.50000e+00
2.08000e-04	5.82154e-01	1.50000e+00
2.64000e-04	5.59124e-01	1.50000e+00
4.00000e-05	1.19560e+00	3.50000e+00
9.60000e-05	1.01808e+00	3.50000e+00
1.52000e-04	9.33551e-01	3.50000e+00
2.08000e-04	8.79133e-01	3.50000e+00
2.64000e-04	8.39499e-01	3.50000e+00
6.50000e-05	7.04053e-01	1.50000e+00
1.56000e-04	6.10823e-01	1.50000e+00
2.47000e-04	5.65488e-01	1.50000e+00
3.38000e-04	5.35947e-01	1.50000e+00
4.29000e-04	5.14246e-01	1.50000e+00
4.00000e-05	1.19560e+00	3.50000e+00
9.60000e-05	1.01808e+00	3.50000e+00
1.52000e-04	9.33551e-01	3.50000e+00
2.08000e-04	8.79133e-01	3.50000e+00
2.64000e-04	8.39499e-01	3.50000e+00
1.00000e-04	6.57046e-01	1.50000e+00
2.40000e-04	5.68252e-01	1.50000e+00
3.80000e-04	5.25205e-01	1.50000e+00
5.20000e-04	4.97205e-01	1.50000e+00
6.60000e-04	4.76662e-01	1.50000e+00
6.50000e-05	1.09443e+00	3.50000e+00
1.56000e-04	9.28945e-01	3.50000e+00
2.47000e-04	8.50416e-01	3.50000e+00
3.38000e-04	7.99960e-01	3.50000e+00
4.29000e-04	7.63261e-01	3.50000e+00
1.60000e-04	6.08261e-01	1.50000e+00
3.84000e-04	5.24252e-01	1.50000e+00
6.08000e-04	4.83661e-01	1.50000e+00
8.32000e-04	4.57311e-01	1.50000e+00
1.05600e-03	4.38006e-01	1.50000e+00
1.00000e-04	1.01034e+00	3.50000e+00
2.40000e-04	8.55167e-01	3.50000e+00
3.80000e-04	7.81755e-01	3.50000e+00
5.20000e-04	7.34666e-01	3.50000e+00
6.60000e-04	7.00459e-01	3.50000e+00
2.50000e-04	5.64330e-01	1.50000e+00
6.00000e-04	4.84798e-01	1.50000e+00
9.50000e-04	4.46495e-01	1.50000e+00
1.30000e-03	4.21676e-01	1.50000e+00
1.65000e-03	4.03518e-01	1.50000e+00
1.60000e-04	9.24473e-01	3.50000e+00
3.84000e-04	7.80144e-01	3.50000e+00
6.08000e-04	7.12082e-01	3.50000e+00
8.32000e-04	6.68505e-01	3.50000e+00
1.05600e-03	6.36888e-01	3.50000e+00
4.00000e-04	5.20550e-01	1.50000e+00
9.60000e-04	4.45649e-01	1.50000e+00
1.52000e-03	4.09700e-01	1.50000e+00
2.08000e-03	3.86455e-01	1.50000e+00
2.64000e-03	3.69472e-01	1.50000e+00
2.50000e-04	8.48427e-01	3.50000e+00
6.00000e-04	7.13973e-01	3.50000e+00
9.50000e-04	6.50758e-01	3.50000e+00
1.30000e-03	6.10353e-01	3.50000e+00
1.65000e-03	5.81073e-01	3.50000e+00
5.00000e-04	5.00645e-01	1.50000e+00
1.20000e-03	4.27909e-01	1.50000e+00
1.90000e-03	3.93057e-01	1.50000e+00
2.60000e-03	3.70542e-01	1.50000e+00
3.30000e-03	3.54104e-01	1.50000e+00
4.00000e-04	7.73889e-01	3.50000e+00
9.60000e-04	6.49374e-01	3.50000e+00
1.52000e-03	5.91014e-01	3.50000e+00
2.08000e-03	5.53777e-01	3.50000e+00
2.64000e-03	5.26825e-01	3.50000e+00
1.60000e-03	4.05828e-01	1.50000e+00
3.84000e-03	3.43953e-01	1.50000e+00
6.08000e-03	3.14561e-01	1.50000e+00
8.32000e-03	2.95668e-01	1.50000e+00
1.05600e-02	2.81923e-01	1.50000e+00
6.50000e-04	7.02609e-01	3.50000e+00
1.56000e-03	5.87852e-01	3.50000e+00
2.47000e-03	5.34234e-01	3.50000e+00
3.38000e-03	5.00082e-01	3.50000e+00
4.29000e-03	4.75393e-01	3.50000e+00
6.50000e-04	4.77958e-01	1.50000e+00
1.56000e-03	4.07736e-01	1.50000e+00
2.47000e-03	3.74154e-01	1.50000e+00
3.38000e-03	3.52484e-01	1.50000e+00
4.29000e-03	3.36676e-01	1.50000e+00
1.00000e-03	6.44001e-01	3.50000e+00
2.40000e-03	5.37462e-01	3.50000e+00
3.80000e-03	4.87818e-01	3.50000e+00
5.20000e-03	4.56245e-01	3.50000e+00
6.60000e-03	4.33444e-01	3.50000e+00
1.23500e-05	1.07665e+00	2.00000e+00
2.96400e-05	9.38124e-01	2.00000e+00
4.69300e-05	8.70539e-01	2.00000e+00
6.42200e-05	8.26412e-01	2.00000e+00
8.15100e-05	7.93949e-01	2.00000e+00
4.00000e-03	4.82530e-01	3.50000e+00
9.60000e-03	3.99612e-01	3.50000e+00
1.52000e-02	3.61292e-01	3.50000e+00
2.08000e-02	3.37032e-01	3.50000e+00
2.64000e-02	3.19568e-01	3.50000e+00
1.46500e-05	1.04862e+00	2.00000e+00
3.51600e-05	9.12597e-01	2.00000e+00
5.56700e-05	8.46312e-01	2.00000e+00
7.61800e-05	8.03063e-01	2.00000e+00
9.66900e-05	7.71262e-01	2.00000e+00
2.61000e-05	1.45901e+00	4.50000e+00
6.26400e-05	1.23784e+00	4.50000e+00
9.91800e-05	1.13295e+00	4.50000e+00
1.35720e-04	1.06559e+00	4.50000e+00
1.72260e-04	1.01661e+00	4.50000e+00
1.63500e-05	1.03085e+00	2.00000e+00
3.92400e-05	8.96443e-01	2.00000e+00
6.21300e-05	8.30991e-01	2.00000e+00
8.50200e-05	7.88305e-01	2.00000e+00
1.07910e-04	7.56927e-01	2.00000e+00
2.96000e-05	1.42544e+00	4.50000e+00
7.10400e-05	1.20837e+00	4.50000e+00
1.12480e-04	1.10552e+00	4.50000e+00
1.53920e-04	1.03950e+00	4.50000e+00
1.95360e-04	9.91521e-01	4.50000e+00
2.50000e-05	9.64056e-01	2.00000e+00
6.00000e-05	8.35837e-01	2.00000e+00
9.50000e-05	7.73583e-01	2.00000e+00
1.30000e-04	7.33052e-01	2.00000e+00
1.65000e-04	7.03295e-01	2.00000e+00
3.09000e-05	1.41411e+00	4.50000e+00
7.41600e-05	1.19843e+00	4.50000e+00
1.17420e-04	1.09628e+00	4.50000e+00
1.60680e-04	1.03071e+00	4.50000e+00
2.03940e-04	9.83068e-01	4.50000e+00
2.50000e-05	9.64056e-01	2.00000e+00
6.00000e-05	8.35837e-01	2.00000e+00
9.50000e-05	7.73583e-01	2.00000e+00
1.30000e-04	7.33052e-01	2.00000e+00
1.65000e-04	7.03295e-01	2.00000e+00
3.41500e-05	1.38803e+00	4.50000e+00
8.19600e-05	1.17557e+00	4.50000e+00
1.29770e-04	1.07501e+00	4.50000e+00
1.77580e-04	1.01050e+00	4.50000e+00
2.25390e-04	9.63632e-01	4.50000e+00
4.00000e-05	8.93641e-01	2.00000e+00
9.60000e-05	7.72204e-01	2.00000e+00
1.52000e-04	7.13436e-01	2.00000e+00
2.08000e-04	6.75248e-01	2.00000e+00
2.64000e-04	6.47250e-01	2.00000e+00
3.66000e-05	1.37018e+00	4.50000e+00
8.78400e-05	1.15994e+00	4.50000e+00
1.39080e-04	1.06048e+00	4.50000e+00
1.90320e-04	9.96690e-01	4.50000e+00
2.41560e-04	9.50354e-01	4.50000e+00
6.50000e-05	8.24746e-01	2.00000e+00
1.56000e-04	7.10214e-01	2.00000e+00
2.47000e-04	6.54978e-01	2.00000e+00
3.38000e-04	6.19156e-01	2.00000e+00
4.29000e-04	5.92930e-01	2.00000e+00
4.09000e-05	1.34195e+00	4.50000e+00
9.81600e-05	1.13523e+00	4.50000e+00
1.55420e-04	1.03752e+00	4.50000e+00
2.12680e-04	9.74873e-01	4.50000e+00
2.69940e-04	9.29384e-01	4.50000e+00
1.00000e-04	7.66847e-01	2.00000e+00
2.40000e-04	6.58337e-01	2.00000e+00
3.80000e-04	6.06165e-01	2.00000e+00
5.20000e-04	5.72391e-01	2.00000e+00
6.60000e-04	5.47696e-01	2.00000e+00
4.09000e-05	1.34195e+00	4.50000e+00
9.81600e-05	1.13523e+00	4.50000e+00
1.55420e-04	1.03752e+00	4.50000e+00
2.12680e-04	9.74873e-01	4.50000e+00
2.69940e-04	9.29384e-01	4.50000e+00
1.60000e-04	7.07085e-01	2.00000e+00
3.84000e-04	6.05013e-01	2.00000e+00
6.08000e-04	5.56102e-01	2.00000e+00
8.32000e-04	5.24501e-01	2.00000e+00
1.05600e-03	5.01427e-01	2.00000e+00
6.50000e-05	1.22912e+00	4.50000e+00
1.56000e-04	1.03675e+00	4.50000e+00
2.47000e-04	9.46119e-01	4.50000e+00
3.38000e-04	8.88119e-01	4.50000e+00
4.29000e-04	8.46055e-01	4.50000e+00
2.50000e-04	6.53571e-01	2.00000e+00
6.00000e-04	5.57468e-01	2.00000e+00
9.50000e-04	5.11565e-01	2.00000e+00
1.30000e-03	4.81963e-01	2.00000e+00
1.65000e-03	4.60376e-01	2.00000e+00
6.50000e-05	1.22912e+00	4.50000e+00
1.56000e-04	1.03675e+00	4.50000e+00
2.47000e-04	9.46119e-01	4.50000e+00
3.38000e-04	8.88119e-01	4.50000e+00
4.29000e-04	8.46055e-01	4.50000e+00
5.00000e-04	5.76534e-01	2.00000e+00
1.20000e-03	4.89386e-01	2.00000e+00
1.90000e-03	4.47968e-01	2.00000e+00
2.60000e-03	4.21333e-01	2.00000e+00
3.30000e-03	4.01951e-01	2.00000e+00
1.00000e-04	1.13114e+00	4.50000e+00
2.40000e-04	9.51589e-01	4.50000e+00
3.80000e-04	8.67239e-01	4.50000e+00
5.20000e-04	8.13349e-01	4.50000e+00
6.60000e-04	7.74309e-01	4.50000e+00
1.60000e-03	4.63119e-01	2.00000e+00
3.84000e-03	3.90009e-01	2.00000e+00
6.08000e-03	3.55550e-01	2.00000e+00
8.32000e-03	3.33495e-01	2.00000e+00
1.05600e-02	3.17499e-01	2.00000e+00
1.60000e-04	1.03158e+00	4.50000e+00
3.84000e-04	8.65393e-01	4.50000e+00
6.08000e-04	7.87564e-01	4.50000e+00
8.32000e-04	7.37925e-01	4.50000e+00
1.05600e-03	7.02008e-01	4.50000e+00
6.50000e-04	5.49253e-01	2.00000e+00
1.56000e-03	4.65385e-01	2.00000e+00
2.47000e-03	4.25600e-01	2.00000e+00
3.38000e-03	4.00044e-01	2.00000e+00
4.29000e-03	3.81460e-01	2.00000e+00
2.50000e-04	9.43829e-01	4.50000e+00
6.00000e-04	7.89721e-01	4.50000e+00
9.50000e-04	7.17754e-01	4.50000e+00
1.30000e-03	6.71928e-01	4.50000e+00
1.65000e-03	6.38805e-01	4.50000e+00
1.54500e-05	1.23142e+00	2.70000e+00
3.70800e-05	1.06275e+00	2.70000e+00
5.87100e-05	9.81275e-01	2.70000e+00
8.03400e-05	9.28387e-01	2.70000e+00
1.01970e-04	8.89640e-01	2.70000e+00
4.00000e-04	8.58226e-01	4.50000e+00
9.60000e-04	7.16182e-01	4.50000e+00
1.52000e-03	6.50043e-01	4.50000e+00
2.08000e-03	6.07995e-01	4.50000e+00
2.64000e-03	5.77638e-01	4.50000e+00
1.83000e-05	1.19741e+00	2.70000e+00
4.39200e-05	1.03218e+00	2.70000e+00
6.95400e-05	9.52458e-01	2.70000e+00
9.51600e-05	9.00745e-01	2.70000e+00
1.20780e-04	8.62879e-01	2.70000e+00
6.50000e-04	7.76761e-01	4.50000e+00
1.56000e-03	6.46468e-01	4.50000e+00
2.47000e-03	5.85977e-01	4.50000e+00
3.38000e-03	5.47581e-01	4.50000e+00
4.29000e-03	5.19892e-01	4.50000e+00
2.04500e-05	1.17546e+00	2.70000e+00
4.90800e-05	1.01247e+00	2.70000e+00
7.77100e-05	9.33895e-01	2.70000e+00
1.06340e-04	8.82949e-01	2.70000e+00
1.34970e-04	8.45656e-01	2.70000e+00
1.00000e-03	7.10081e-01	4.50000e+00
2.40000e-03	5.89611e-01	4.50000e+00
3.80000e-03	5.33820e-01	4.50000e+00
5.20000e-03	4.98456e-01	4.50000e+00
6.60000e-03	4.72978e-01	4.50000e+00
2.04500e-05	1.17546e+00	2.70000e+00
4.90800e-05	1.01247e+00	2.70000e+00
7.77100e-05	9.33895e-01	2.70000e+00
1.06340e-04	8.82949e-01	2.70000e+00
1.34970e-04	8.45656e-01	2.70000e+00
1.60000e-03	6.42999e-01	4.50000e+00
3.84000e-03	5.32605e-01	4.50000e+00
6.08000e-03	4.81615e-01	4.50000e+00
8.32000e-03	4.49341e-01	4.50000e+00
1.05600e-02	4.26112e-01	4.50000e+00
2.50000e-05	1.13649e+00	2.70000e+00
6.00000e-05	9.77540e-01	2.70000e+00
9.50000e-05	9.01017e-01	2.70000e+00
1.30000e-04	8.51443e-01	2.70000e+00
1.65000e-04	8.15177e-01	2.70000e+00
2.50000e-05	1.13649e+00	2.70000e+00
6.00000e-05	9.77540e-01	2.70000e+00
9.50000e-05	9.01017e-01	2.70000e+00
1.30000e-04	8.51443e-01	2.70000e+00
1.65000e-04	8.15177e-01	2.70000e+00
3.77000e-05	1.60421e+00	6.50000e+00
9.04800e-05	1.34576e+00	6.50000e+00
1.43260e-04	1.22475e+00	6.50000e+00
1.96040e-04	1.14759e+00	6.50000e+00
2.48820e-04	1.09177e+00	6.50000e+00
6.96000e-05	1.78731e+00	1.20000e+01
1.67040e-04	1.47575e+00	1.20000e+01
2.64480e-04	1.33252e+00	1.20000e+01
3.61920e-04	1.24210e+00	1.20000e+01
4.59360e-04	1.17714e+00	1.20000e+01
4.01500e-05	1.58435e+00	6.50000e+00
9.63600e-05	1.32860e+00	6.50000e+00
1.52570e-04	1.20891e+00	6.50000e+00
2.08780e-04	1.13261e+00	6.50000e+00
2.64990e-04	1.07742e+00	6.50000e+00
8.05000e-05	1.73180e+00	1.20000e+01
1.93200e-04	1.42897e+00	1.20000e+01
3.05900e-04	1.28986e+00	1.20000e+01
4.18600e-04	1.20208e+00	1.20000e+01
5.31300e-04	1.13904e+00	1.20000e+01
4.27500e-05	1.56475e+00	6.50000e+00
1.02600e-04	1.31169e+00	6.50000e+00
1.62450e-04	1.19331e+00	6.50000e+00
2.22300e-04	1.11786e+00	6.50000e+00
2.82150e-04	1.06329e+00	6.50000e+00
8.05000e-05	1.73180e+00	1.20000e+01
1.93200e-04	1.42897e+00	1.20000e+01
3.05900e-04	1.28986e+00	1.20000e+01
4.18600e-04	1.20208e+00	1.20000e+01
5.31300e-04	1.13904e+00	1.20000e+01
4.76000e-05	1.53165e+00	6.50000e+00
1.14240e-04	1.28315e+00	6.50000e+00
1.80880e-04	1.16698e+00	6.50000e+00
2.47520e-04	1.09297e+00	6.50000e+00
3.14160e-04	1.03945e+00	6.50000e+00
9.10000e-05	1.68621e+00	1.20000e+01
2.18400e-04	1.39059e+00	1.20000e+01
3.45800e-04	1.25488e+00	1.20000e+01
4.73200e-04	1.16928e+00	1.20000e+01
6.00600e-04	1.10781e+00	1.20000e+01
4.93000e-05	1.52097e+00	6.50000e+00
1.18320e-04	1.27394e+00	6.50000e+00
1.87340e-04	1.15849e+00	6.50000e+00
2.56360e-04	1.08494e+00	6.50000e+00
3.25380e-04	1.03177e+00	6.50000e+00
1.00000e-04	1.65187e+00	1.20000e+01
2.40000e-04	1.36170e+00	1.20000e+01
3.80000e-04	1.22856e+00	1.20000e+01
5.20000e-04	1.14460e+00	1.20000e+01
6.60000e-04	1.08432e+00	1.20000e+01
4.93000e-05	1.52097e+00	6.50000e+00
1.18320e-04	1.27394e+00	6.50000e+00
1.87340e-04	1.15849e+00	6.50000e+00
2.56360e-04	1.08494e+00	6.50000e+00
3.25380e-04	1.03177e+00	6.50000e+00
1.00000e-04	1.65187e+00	1.20000e+01
2.40000e-04	1.36170e+00	1.20000e+01
3.80000e-04	1.22856e+00	1.20000e+01
5.20000e-04	1.14460e+00	1.20000e+01
6.60000e-04	1.08432e+00	1.20000e+01
6.50000e-05	1.43897e+00	6.50000e+00
1.56000e-04	1.20336e+00	6.50000e+00
2.47000e-04	1.09345e+00	6.50000e+00
3.38000e-04	1.02350e+00	6.50000e+00
4.29000e-04	9.72963e-01	6.50000e+00
1.60000e-04	1.48985e+00	1.20000e+01
3.84000e-04	1.22567e+00	1.20000e+01
6.08000e-04	1.10473e+00	1.20000e+01
8.32000e-04	1.02856e+00	1.20000e+01
1.05600e-03	9.73924e-01	1.20000e+01
6.50000e-05	1.43897e+00	6.50000e+00
1.56000e-04	1.20336e+00	6.50000e+00
2.47000e-04	1.09345e+00	6.50000e+00
3.38000e-04	1.02350e+00	6.50000e+00
4.29000e-04	9.72963e-01	6.50000e+00
1.60000e-04	1.48985e+00	1.20000e+01
3.84000e-04	1.22567e+00	1.20000e+01
6.08000e-04	1.10473e+00	1.20000e+01
8.32000e-04	1.02856e+00	1.20000e+01
1.05600e-03	9.73924e-01	1.20000e+01
1.00000e-04	1.31859e+00	6.50000e+00
2.40000e-04	1.10006e+00	6.50000e+00
3.80000e-04	9.98394e-01	6.50000e+00
5.20000e-04	9.33787e-01	6.50000e+00
6.60000e-04	8.87159e-01	6.50000e+00
2.50000e-04	1.34936e+00	1.20000e+01
6.00000e-04	1.10806e+00	1.20000e+01
9.50000e-04	9.97829e-01	1.20000e+01
1.30000e-03	9.28477e-01	1.20000e+01
1.65000e-03	8.78768e-01	1.20000e+01
1.00000e-04	1.31859e+00	6.50000e+00
2.40000e-04	1.10006e+00	6.50000e+00
3.80000e-04	9.98394e-01	6.50000e+00
5.20000e-04	9.33787e-01	6.50000e+00
6.60000e-04	8.87159e-01	6.50000e+00
4.00000e-04	1.21446e+00	1.20000e+01
9.60000e-04	9.95439e-01	1.20000e+01
1.52000e-03	8.95594e-01	1.20000e+01
2.08000e-03	8.32848e-01	1.20000e+01
2.64000e-03	7.87906e-01	1.20000e+01
1.60000e-04	1.19707e+00	6.50000e+00
3.84000e-04	9.96175e-01	6.50000e+00
6.08000e-04	9.02973e-01	6.50000e+00
8.32000e-04	8.43839e-01	6.50000e+00
1.05600e-03	8.01206e-01	6.50000e+00
6.50000e-04	1.08809e+00	1.20000e+01
1.56000e-03	8.90237e-01	1.20000e+01
2.47000e-03	8.00221e-01	1.20000e+01
3.38000e-03	7.43713e-01	1.20000e+01
4.29000e-03	7.03269e-01	1.20000e+01
2.50000e-04	1.09068e+00	6.50000e+00
6.00000e-04	9.05548e-01	6.50000e+00
9.50000e-04	8.19880e-01	6.50000e+00
1.30000e-03	7.65603e-01	6.50000e+00
1.65000e-03	7.26510e-01	6.50000e+00
1.00000e-03	9.86171e-01	1.20000e+01
2.40000e-03	8.05596e-01	1.20000e+01
3.80000e-03	7.23581e-01	1.20000e+01
5.20000e-03	6.72141e-01	1.20000e+01
6.60000e-03	6.35348e-01	1.20000e+01
4.00000e-04	9.87569e-01	6.50000e+00
9.60000e-04	8.18015e-01	6.50000e+00
1.52000e-03	7.39761e-01	6.50000e+00
2.08000e-03	6.90251e-01	6.50000e+00
2.64000e-03	6.54626e-01	6.50000e+00
1.60000e-03	8.85043e-01	1.20000e+01
3.84000e-03	7.21806e-01	1.20000e+01
6.08000e-03	6.47795e-01	1.20000e+01
8.32000e-03	6.01419e-01	1.20000e+01
1.05600e-02	5.68269e-01	1.20000e+01
6.50000e-04	8.90083e-01	6.50000e+00
1.56000e-03	7.35543e-01	6.50000e+00
2.47000e-03	6.64402e-01	6.50000e+00
3.38000e-03	6.19456e-01	6.50000e+00
4.29000e-03	5.87146e-01	6.50000e+00
2.50000e-03	7.97975e-01	1.20000e+01
6.00000e-03	6.49825e-01	1.20000e+01
9.50000e-03	5.82760e-01	1.20000e+01
1.30000e-02	5.40772e-01	1.20000e+01
1.65000e-02	5.10776e-01	1.20000e+01
1.00000e-03	8.10778e-01	6.50000e+00
2.40000e-03	6.68665e-01	6.50000e+00
3.80000e-03	6.03388e-01	6.50000e+00
5.20000e-03	5.62195e-01	6.50000e+00
6.60000e-03	5.32607e-01	6.50000e+00
1.60000e-03	7.31453e-01	6.50000e+00
3.84000e-03	6.01970e-01	6.50000e+00
6.08000e-03	5.42628e-01	6.50000e+00
8.32000e-03	5.05228e-01	6.50000e+00
1.05600e-02	4.78387e-01	6.50000e+00
8.70000e-05	1.83293e+00	1.50000e+01
2.08800e-04	1.50618e+00	1.50000e+01
3.30600e-04	1.35680e+00	1.50000e+01
4.52400e-04	1.26278e+00	1.50000e+01
5.74200e-04	1.19538e+00	1.50000e+01
2.50000e-03	6.62620e-01	6.50000e+00
6.00000e-03	5.44261e-01	6.50000e+00
9.50000e-03	4.90131e-01	6.50000e+00
1.30000e-02	4.56054e-01	6.50000e+00
1.65000e-02	4.31617e-01	6.50000e+00
1.00000e-04	1.77700e+00	1.50000e+01
2.40000e-04	1.45940e+00	1.50000e+01
3.80000e-04	1.31429e+00	1.50000e+01
5.20000e-04	1.22300e+00	1.50000e+01
6.60000e-04	1.15756e+00	1.50000e+01
1.00000e-04	1.77700e+00	1.50000e+01
2.40000e-04	1.45940e+00	1.50000e+01
3.80000e-04	1.31429e+00	1.50000e+01
5.20000e-04	1.22300e+00	1.50000e+01
6.60000e-04	1.15756e+00	1.50000e+01
1.14000e-04	1.72579e+00	1.50000e+01
2.73600e-04	1.41659e+00	1.50000e+01
4.33200e-04	1.27542e+00	1.50000e+01
5.92800e-04	1.18662e+00	1.50000e+01
7.52400e-04	1.12299e+00	1.50000e+01
4.93000e-05	1.69433e+00	8.50000e+00
1.18320e-04	1.41083e+00	8.50000e+00
1.87340e-04	1.27923e+00	8.50000e+00
2.56360e-04	1.19571e+00	8.50000e+00
3.25380e-04	1.13548e+00	8.50000e+00
1.23000e-04	1.69671e+00	1.50000e+01
2.95200e-04	1.39230e+00	1.50000e+01
4.67400e-04	1.25336e+00	1.50000e+01
6.39600e-04	1.16599e+00	1.50000e+01
8.11800e-04	1.10339e+00	1.50000e+01
5.25000e-05	1.67246e+00	8.50000e+00
1.26000e-04	1.39215e+00	8.50000e+00
1.99500e-04	1.26208e+00	8.50000e+00
2.73000e-04	1.17955e+00	8.50000e+00
3.46500e-04	1.12005e+00	8.50000e+00
1.60000e-04	1.59944e+00	1.50000e+01
3.84000e-04	1.31114e+00	1.50000e+01
6.08000e-04	1.17971e+00	1.50000e+01
8.32000e-04	1.09711e+00	1.50000e+01
1.05600e-03	1.03796e+00	1.50000e+01
5.60000e-05	1.65025e+00	8.50000e+00
1.34400e-04	1.37321e+00	8.50000e+00
2.12800e-04	1.24470e+00	8.50000e+00
2.91200e-04	1.16317e+00	8.50000e+00
3.69600e-04	1.10441e+00	8.50000e+00
1.60000e-04	1.59944e+00	1.50000e+01
3.84000e-04	1.31114e+00	1.50000e+01
6.08000e-04	1.17971e+00	1.50000e+01
8.32000e-04	1.09711e+00	1.50000e+01
1.05600e-03	1.03796e+00	1.50000e+01
6.20000e-05	1.61575e+00	8.50000e+00
1.48800e-04	1.34378e+00	8.50000e+00
2.35600e-04	1.21771e+00	8.50000e+00
3.22400e-04	1.13775e+00	8.50000e+00
4.09200e-04	1.08013e+00	8.50000e+00
2.50000e-04	1.44593e+00	1.50000e+01
6.00000e-04	1.18332e+00	1.50000e+01
9.50000e-04	1.06383e+00	1.50000e+01
1.30000e-03	9.88810e-01	1.50000e+01
1.65000e-03	9.35117e-01	1.50000e+01
6.45000e-05	1.60252e+00	8.50000e+00
1.54800e-04	1.33250e+00	8.50000e+00
2.45100e-04	1.20736e+00	8.50000e+00
3.35400e-04	1.12801e+00	8.50000e+00
4.25700e-04	1.07083e+00	8.50000e+00
4.00000e-04	1.29894e+00	1.50000e+01
9.60000e-04	1.06124e+00	1.50000e+01
1.52000e-03	9.53284e-01	1.50000e+01
2.08000e-03	8.85577e-01	1.50000e+01
2.64000e-03	8.37151e-01	1.50000e+01
6.95000e-05	1.57778e+00	8.50000e+00
1.66800e-04	1.31143e+00	8.50000e+00
2.64100e-04	1.18804e+00	8.50000e+00
3.61400e-04	1.10982e+00	8.50000e+00
4.58700e-04	1.05346e+00	8.50000e+00
6.50000e-04	1.16165e+00	1.50000e+01
1.56000e-03	9.47499e-01	1.50000e+01
2.47000e-03	8.50415e-01	1.50000e+01
3.38000e-03	7.89587e-01	1.50000e+01
4.29000e-03	7.46109e-01	1.50000e+01
6.95000e-05	1.57778e+00	8.50000e+00
1.66800e-04	1.31143e+00	8.50000e+00
2.64100e-04	1.18804e+00	8.50000e+00
3.61400e-04	1.10982e+00	8.50000e+00
4.58700e-04	1.05346e+00	8.50000e+00
1.00000e-03	1.05121e+00	1.50000e+01
2.40000e-03	8.56205e-01	1.50000e+01
3.80000e-03	7.67938e-01	1.50000e+01
5.20000e-03	7.12679e-01	1.50000e+01
6.60000e-03	6.73204e-01	1.50000e+01
1.00000e-04	1.46188e+00	8.50000e+00
2.40000e-04	1.21285e+00	8.50000e+00
3.80000e-04	1.09774e+00	8.50000e+00
5.20000e-04	1.02485e+00	8.50000e+00
6.60000e-04	9.72370e-01	8.50000e+00
1.60000e-03	9.41891e-01	1.50000e+01
3.84000e-03	7.66030e-01	1.50000e+01
6.08000e-03	6.86554e-01	1.50000e+01
8.32000e-03	6.36840e-01	1.50000e+01
1.05600e-02	6.01347e-01	1.50000e+01
1.00000e-04	1.46188e+00	8.50000e+00
2.40000e-04	1.21285e+00	8.50000e+00
3.80000e-04	1.09774e+00	8.50000e+00
5.20000e-04	1.02485e+00	8.50000e+00
6.60000e-04	9.72370e-01	8.50000e+00
2.50000e-03	8.47995e-01	1.50000e+01
6.00000e-03	6.88732e-01	1.50000e+01
9.50000e-03	6.16858e-01	1.50000e+01
1.30000e-02	5.71933e-01	1.50000e+01
1.65000e-02	5.39877e-01	1.50000e+01
1.60000e-04	1.32314e+00	8.50000e+00
3.84000e-04	1.09523e+00	8.50000e+00
6.08000e-04	9.90155e-01	8.50000e+00
8.32000e-04	9.23714e-01	8.50000e+00
1.05600e-03	8.75926e-01	8.50000e+00
4.00000e-03	7.58634e-01	1.50000e+01
9.60000e-03	6.15305e-01	1.50000e+01
1.52000e-02	5.50714e-01	1.50000e+01
2.08000e-02	5.10372e-01	1.50000e+01
2.64000e-02	4.81601e-01	1.50000e+01
2.50000e-04	1.20221e+00	8.50000e+00
6.00000e-04	9.93053e-01	8.50000e+00
9.50000e-04	8.96847e-01	8.50000e+00
1.30000e-03	8.36093e-01	8.50000e+00
1.65000e-03	7.92434e-01	8.50000e+00
4.00000e-04	1.08551e+00	8.50000e+00
9.60000e-04	8.94756e-01	8.50000e+00
1.52000e-03	8.07223e-01	8.50000e+00
2.08000e-03	7.52017e-01	8.50000e+00
2.64000e-03	7.12380e-01	8.50000e+00
1.04500e-04	1.86124e+00	1.80000e+01
2.50800e-04	1.52403e+00	1.80000e+01
3.97100e-04	1.37050e+00	1.80000e+01
5.43400e-04	1.27408e+00	1.80000e+01
6.89700e-04	1.20506e+00	1.80000e+01
6.50000e-04	9.75657e-01	8.50000e+00
1.56000e-03	8.02515e-01	8.50000e+00
2.47000e-03	7.23250e-01	8.50000e+00
3.38000e-03	6.73320e-01	8.50000e+00
4.29000e-03	6.37503e-01	8.50000e+00
1.18500e-04	1.80894e+00	1.80000e+01
2.84400e-04	1.48051e+00	1.80000e+01
4.50300e-04	1.33106e+00	1.80000e+01
6.16200e-04	1.23723e+00	1.80000e+01
7.82100e-04	1.17008e+00	1.80000e+01
1.00000e-03	8.86647e-01	8.50000e+00
2.40000e-03	7.27991e-01	8.50000e+00
3.80000e-03	6.55500e-01	8.50000e+00
5.20000e-03	6.09886e-01	8.50000e+00
6.60000e-03	5.77187e-01	8.50000e+00
1.34000e-04	1.75911e+00	1.80000e+01
3.21600e-04	1.43908e+00	1.80000e+01
5.09200e-04	1.29353e+00	1.80000e+01
6.96800e-04	1.20217e+00	1.80000e+01
8.84400e-04	1.13680e+00	1.80000e+01
1.60000e-03	7.97951e-01	8.50000e+00
3.84000e-03	6.53928e-01	8.50000e+00
6.08000e-03	5.88256e-01	8.50000e+00
8.32000e-03	5.46978e-01	8.50000e+00
1.05600e-02	5.17410e-01	8.50000e+00
1.34000e-04	1.75911e+00	1.80000e+01
3.21600e-04	1.43908e+00	1.80000e+01
5.09200e-04	1.29353e+00	1.80000e+01
6.96800e-04	1.20217e+00	1.80000e+01
8.84400e-04	1.13680e+00	1.80000e+01
2.50000e-03	7.21267e-01	8.50000e+00
6.00000e-03	5.90060e-01	8.50000e+00
9.50000e-03	5.30342e-01	8.50000e+00
1.30000e-02	4.92844e-01	8.50000e+00
1.65000e-02	4.66002e-01	8.50000e+00
1.64000e-04	1.67993e+00	1.80000e+01
3.93600e-04	1.37331e+00	1.80000e+01
6.23200e-04	1.23397e+00	1.80000e+01
8.52800e-04	1.14656e+00	1.80000e+01
1.08240e-03	1.08402e+00	1.80000e+01
1.64000e-04	1.67993e+00	1.80000e+01
3.93600e-04	1.37331e+00	1.80000e+01
6.23200e-04	1.23397e+00	1.80000e+01
8.52800e-04	1.14656e+00	1.80000e+01
1.08240e-03	1.08402e+00	1.80000e+01
6.50000e-05	1.69999e+00	1.00000e+01
1.56000e-04	1.40891e+00	1.00000e+01
2.47000e-04	1.27451e+00	1.00000e+01
3.38000e-04	1.18948e+00	1.00000e+01
4.29000e-04	1.12828e+00	1.00000e+01
2.50000e-04	1.52515e+00	1.80000e+01
6.00000e-04	1.24496e+00	1.80000e+01
9.50000e-04	1.11784e+00	1.80000e+01
1.30000e-03	1.03816e+00	1.80000e+01
1.65000e-03	9.81192e-01	1.80000e+01
1.00000e-04	1.55076e+00	1.00000e+01
2.40000e-04	1.28257e+00	1.00000e+01
3.80000e-04	1.15905e+00	1.00000e+01
5.20000e-04	1.08099e+00	1.00000e+01
6.60000e-04	1.02487e+00	1.00000e+01
2.50000e-04	1.52515e+00	1.80000e+01
6.00000e-04	1.24496e+00	1.80000e+01
9.50000e-04	1.11784e+00	1.80000e+01
1.30000e-03	1.03816e+00	1.80000e+01
1.65000e-03	9.81192e-01	1.80000e+01
1.60000e-04	1.40119e+00	1.00000e+01
3.84000e-04	1.15637e+00	1.00000e+01
6.08000e-04	1.04388e+00	1.00000e+01
8.32000e-04	9.72894e-01	1.00000e+01
1.05600e-03	9.21903e-01	1.00000e+01
4.00000e-04	1.36818e+00	1.80000e+01
9.60000e-04	1.11509e+00	1.80000e+01
1.52000e-03	1.00046e+00	1.80000e+01
2.08000e-03	9.28679e-01	1.80000e+01
2.64000e-03	8.77392e-01	1.80000e+01
2.50000e-04	1.27114e+00	1.00000e+01
6.00000e-04	1.04698e+00	1.00000e+01
9.50000e-04	9.44220e-01	1.00000e+01
1.30000e-03	8.79445e-01	1.00000e+01
1.65000e-03	8.32955e-01	1.00000e+01
6.50000e-04	1.22189e+00	1.80000e+01
1.56000e-03	9.94323e-01	1.80000e+01
2.47000e-03	8.91435e-01	1.80000e+01
3.38000e-03	8.27063e-01	1.80000e+01
4.29000e-03	7.81097e-01	1.80000e+01
4.00000e-04	1.14595e+00	1.00000e+01
9.60000e-04	9.41989e-01	1.00000e+01
1.52000e-03	8.48697e-01	1.00000e+01
2.08000e-03	7.89962e-01	1.00000e+01
2.64000e-03	7.47841e-01	1.00000e+01
1.00000e-03	1.10443e+00	1.80000e+01
2.40000e-03	8.97566e-01	1.80000e+01
3.80000e-03	8.04170e-01	1.80000e+01
5.20000e-03	7.45780e-01	1.80000e+01
6.60000e-03	7.04108e-01	1.80000e+01
6.50000e-04	1.02838e+00	1.00000e+01
1.56000e-03	8.43685e-01	1.00000e+01
2.47000e-03	7.59388e-01	1.00000e+01
3.38000e-03	7.06377e-01	1.00000e+01
4.29000e-03	6.68392e-01	1.00000e+01
1.60000e-03	9.88376e-01	1.80000e+01
3.84000e-03	8.02153e-01	1.80000e+01
6.08000e-03	7.18196e-01	1.80000e+01
8.32000e-03	6.65748e-01	1.80000e+01
1.05600e-02	6.28336e-01	1.80000e+01
1.00000e-03	9.33338e-01	1.00000e+01
2.40000e-03	7.64426e-01	1.00000e+01
3.80000e-03	6.87473e-01	1.00000e+01
5.20000e-03	6.39129e-01	1.00000e+01
6.60000e-03	6.04512e-01	1.00000e+01
2.50000e-03	8.88873e-01	1.80000e+01
6.00000e-03	7.20495e-01	1.80000e+01
9.50000e-03	6.44682e-01	1.80000e+01
1.30000e-02	5.97355e-01	1.80000e+01
1.65000e-02	5.63611e-01	1.80000e+01
2.50000e-03	7.57281e-01	1.00000e+01
6.00000e-03	6.18137e-01	1.00000e+01
9.50000e-03	5.54974e-01	1.00000e+01
1.30000e-02	5.15370e-01	1.00000e+01
1.65000e-02	4.87048e-01	1.00000e+01
4.00000e-03	7.94335e-01	1.80000e+01
9.60000e-03	6.43046e-01	1.80000e+01
1.52000e-02	5.75016e-01	1.80000e+01
2.08000e-02	5.32577e-01	1.80000e+01
2.64000e-02	5.02333e-01	1.80000e+01
1.45000e-04	1.82970e+00	2.20000e+01
3.48000e-04	1.49229e+00	2.20000e+01
5.51000e-04	1.33936e+00	2.20000e+01
7.54000e-04	1.24355e+00	2.20000e+01
9.57000e-04	1.17508e+00	2.20000e+01
1.00000e-03	1.29641e+00	3.50000e+01
2.40000e-03	1.04648e+00	3.50000e+01
3.80000e-03	9.34498e-01	3.50000e+01
5.20000e-03	8.64775e-01	3.50000e+01
6.60000e-03	8.15155e-01	3.50000e+01
1.60000e-04	1.78851e+00	2.20000e+01
3.84000e-04	1.45822e+00	2.20000e+01
6.08000e-04	1.30857e+00	2.20000e+01
8.32000e-04	1.21484e+00	2.20000e+01
1.05600e-03	1.14786e+00	2.20000e+01
1.60000e-03	1.15589e+00	3.50000e+01
3.84000e-03	9.32086e-01	3.50000e+01
6.08000e-03	8.31917e-01	3.50000e+01
8.32000e-03	7.69586e-01	3.50000e+01
1.05600e-02	7.25243e-01	3.50000e+01
1.72500e-04	1.75760e+00	2.20000e+01
4.14000e-04	1.43267e+00	2.20000e+01
6.55500e-04	1.28549e+00	2.20000e+01
8.97000e-04	1.19332e+00	2.20000e+01
1.13850e-03	1.12746e+00	2.20000e+01
2.50000e-03	1.03604e+00	3.50000e+01
6.00000e-03	8.34654e-01	3.50000e+01
9.50000e-03	7.44605e-01	3.50000e+01
1.30000e-02	6.88600e-01	3.50000e+01
1.65000e-02	6.48772e-01	3.50000e+01
1.94000e-04	1.71034e+00	2.20000e+01
4.65600e-04	1.39361e+00	2.20000e+01
7.37200e-04	1.25021e+00	2.20000e+01
1.00880e-03	1.16043e+00	2.20000e+01
1.28040e-03	1.09629e+00	2.20000e+01
4.00000e-03	9.22738e-01	3.50000e+01
9.60000e-03	7.42666e-01	3.50000e+01
1.52000e-02	6.62223e-01	3.50000e+01
2.08000e-02	6.12218e-01	3.50000e+01
2.64000e-02	5.76669e-01	3.50000e+01
2.50000e-04	1.61230e+00	2.20000e+01
6.00000e-04	1.31267e+00	2.20000e+01
9.50000e-04	1.17714e+00	2.20000e+01
1.30000e-03	1.09232e+00	2.20000e+01
1.65000e-03	1.03175e+00	2.20000e+01
2.50000e-04	1.61230e+00	2.20000e+01
6.00000e-04	1.31267e+00	2.20000e+01
9.50000e-04	1.17714e+00	2.20000e+01
1.30000e-03	1.09232e+00	2.20000e+01
1.65000e-03	1.03175e+00	2.20000e+01
2.96000e-04	1.54993e+00	2.20000e+01
7.10400e-04	1.26123e+00	2.20000e+01
1.12480e-03	1.13072e+00	2.20000e+01
1.53920e-03	1.04907e+00	2.20000e+01
1.95360e-03	9.90774e-01	2.20000e+01
4.00000e-04	1.44430e+00	2.20000e+01
9.60000e-04	1.17421e+00	2.20000e+01
1.52000e-03	1.05223e+00	2.20000e+01
2.08000e-03	9.75961e-01	2.20000e+01
2.64000e-03	9.21524e-01	2.20000e+01
6.50000e-04	1.28805e+00	2.20000e+01
1.56000e-03	1.04571e+00	2.20000e+01
2.47000e-03	9.36425e-01	2.20000e+01
3.38000e-03	8.68152e-01	2.20000e+01
4.29000e-03	8.19450e-01	2.20000e+01
2.95000e-04	1.84281e+00	4.50000e+01
7.08000e-04	1.48828e+00	4.50000e+01
1.12100e-03	1.32936e+00	4.50000e+01
1.53400e-03	1.23039e+00	4.50000e+01
1.94700e-03	1.15994e+00	4.50000e+01
1.00000e-03	1.16285e+00	2.20000e+01
2.40000e-03	9.42932e-01	2.20000e+01
3.80000e-03	8.43892e-01	2.20000e+01
5.20000e-03	7.82058e-01	2.20000e+01
6.60000e-03	7.37970e-01	2.20000e+01
3.17000e-04	1.81088e+00	4.50000e+01
7.60800e-04	1.46226e+00	4.50000e+01
1.20460e-03	1.30601e+00	4.50000e+01
1.64840e-03	1.20871e+00	4.50000e+01
2.09220e-03	1.13946e+00	4.50000e+01
1.60000e-03	1.03938e+00	2.20000e+01
3.84000e-03	8.41754e-01	2.20000e+01
6.08000e-03	7.52871e-01	2.20000e+01
8.32000e-03	6.97419e-01	2.20000e+01
1.05600e-02	6.57899e-01	2.20000e+01
3.50000e-04	1.76778e+00	4.50000e+01
8.40000e-04	1.42714e+00	4.50000e+01
1.33000e-03	1.27450e+00	4.50000e+01
1.82000e-03	1.17947e+00	4.50000e+01
2.31000e-03	1.11184e+00	4.50000e+01
2.50000e-03	9.33706e-01	2.20000e+01
6.00000e-03	7.55303e-01	2.20000e+01
9.50000e-03	6.75162e-01	2.20000e+01
1.30000e-02	6.25195e-01	2.20000e+01
1.65000e-02	5.89600e-01	2.20000e+01
4.00000e-04	1.71122e+00	4.50000e+01
9.60000e-04	1.38106e+00	4.50000e+01
1.52000e-03	1.23318e+00	4.50000e+01
2.08000e-03	1.14111e+00	4.50000e+01
2.64000e-03	1.07560e+00	4.50000e+01
4.00000e-03	8.33471e-01	2.20000e+01
9.60000e-03	6.73434e-01	2.20000e+01
1.52000e-02	6.01628e-01	2.20000e+01
2.08000e-02	5.56885e-01	2.20000e+01
2.64000e-02	5.25027e-01	2.20000e+01
4.00000e-04	1.71122e+00	4.50000e+01
9.60000e-04	1.38106e+00	4.50000e+01
1.52000e-03	1.23318e+00	4.50000e+01
2.08000e-03	1.14111e+00	4.50000e+01
2.64000e-03	1.07560e+00	4.50000e+01
4.60000e-04	1.65387e+00	4.50000e+01
1.10400e-03	1.33437e+00	4.50000e+01
1.74800e-03	1.19130e+00	4.50000e+01
2.39200e-03	1.10226e+00	4.50000e+01
3.03600e-03	1.03890e+00	4.50000e+01
5.50000e-04	1.58322e+00	4.50000e+01
1.32000e-03	1.27688e+00	4.50000e+01
2.09000e-03	1.13976e+00	4.50000e+01
2.86000e-03	1.05444e+00	4.50000e+01
3.63000e-03	9.93736e-01	4.50000e+01
1.57000e-04	1.89767e+00	2.70000e+01
3.76800e-04	1.54335e+00	2.70000e+01
5.96600e-04	1.38328e+00	2.70000e+01
8.16400e-04	1.28317e+00	2.70000e+01
1.03620e-03	1.21170e+00	2.70000e+01
6.50000e-04	1.51979e+00	4.50000e+01
1.56000e-03	1.22529e+00	4.50000e+01
2.47000e-03	1.09352e+00	4.50000e+01
3.38000e-03	1.01154e+00	4.50000e+01
4.29000e-03	9.53229e-01	4.50000e+01
1.67500e-04	1.86906e+00	2.70000e+01
4.02000e-04	1.51979e+00	2.70000e+01
6.36500e-04	1.36203e+00	2.70000e+01
8.71000e-04	1.26338e+00	2.70000e+01
1.10550e-03	1.19296e+00	2.70000e+01
6.50000e-04	1.51979e+00	4.50000e+01
1.56000e-03	1.22529e+00	4.50000e+01
2.47000e-03	1.09352e+00	4.50000e+01
3.38000e-03	1.01154e+00	4.50000e+01
4.29000e-03	9.53229e-01	4.50000e+01
1.77500e-04	1.84378e+00	2.70000e+01
4.26000e-04	1.49897e+00	2.70000e+01
6.74500e-04	1.34326e+00	2.70000e+01
9.23000e-04	1.24590e+00	2.70000e+01
1.17150e-03	1.17641e+00	2.70000e+01
1.00000e-03	1.36727e+00	4.50000e+01
2.40000e-03	1.10135e+00	4.50000e+01
3.80000e-03	9.82476e-01	4.50000e+01
5.20000e-03	9.08558e-01	4.50000e+01
6.60000e-03	8.55998e-01	4.50000e+01
2.05000e-04	1.78235e+00	2.70000e+01
4.92000e-04	1.44842e+00	2.70000e+01
7.79000e-04	1.29768e+00	2.70000e+01
1.06600e-03	1.20346e+00	2.70000e+01
1.35300e-03	1.13623e+00	2.70000e+01
1.60000e-03	1.21765e+00	4.50000e+01
3.84000e-03	9.79917e-01	4.50000e+01
6.08000e-03	8.73749e-01	4.50000e+01
8.32000e-03	8.07763e-01	4.50000e+01
1.05600e-02	7.60860e-01	4.50000e+01
2.05000e-04	1.78235e+00	2.70000e+01
4.92000e-04	1.44842e+00	2.70000e+01
7.79000e-04	1.29768e+00	2.70000e+01
1.06600e-03	1.20346e+00	2.70000e+01
1.35300e-03	1.13623e+00	2.70000e+01
2.50000e-03	1.09025e+00	4.50000e+01
6.00000e-03	8.76647e-01	4.50000e+01
9.50000e-03	7.81336e-01	4.50000e+01
1.30000e-02	7.22125e-01	4.50000e+01
1.65000e-02	6.80051e-01	4.50000e+01
2.50000e-04	1.70086e+00	2.70000e+01
6.00000e-04	1.38140e+00	2.70000e+01
9.50000e-04	1.23729e+00	2.70000e+01
1.30000e-03	1.14724e+00	2.70000e+01
1.65000e-03	1.08300e+00	2.70000e+01
4.00000e-03	9.70003e-01	4.50000e+01
9.60000e-03	7.79285e-01	4.50000e+01
1.52000e-02	6.94258e-01	4.50000e+01
2.08000e-02	6.41460e-01	4.50000e+01
2.64000e-02	6.03954e-01	4.50000e+01
2.50000e-04	1.70086e+00	2.70000e+01
6.00000e-04	1.38140e+00	2.70000e+01
9.50000e-04	1.23729e+00	2.70000e+01
1.30000e-03	1.14724e+00	2.70000e+01
1.65000e-03	1.08300e+00	2.70000e+01
4.00000e-04	1.52159e+00	2.70000e+01
9.60000e-04	1.23418e+00	2.70000e+01
1.52000e-03	1.10472e+00	2.70000e+01
2.08000e-03	1.02388e+00	2.70000e+01
2.64000e-03	9.66243e-01	2.70000e+01
4.00000e-04	1.52159e+00	2.70000e+01
9.60000e-04	1.23418e+00	2.70000e+01
1.52000e-03	1.10472e+00	2.70000e+01
2.08000e-03	1.02388e+00	2.70000e+01
2.64000e-03	9.66243e-01	2.70000e+01
6.50000e-04	1.35520e+00	2.70000e+01
1.56000e-03	1.09780e+00	2.70000e+01
2.47000e-03	9.82016e-01	2.70000e+01
3.38000e-03	9.09778e-01	2.70000e+01
4.29000e-03	8.58294e-01	2.70000e+01
1.00000e-03	1.22212e+00	2.70000e+01
2.40000e-03	9.88904e-01	2.70000e+01
3.80000e-03	8.84127e-01	2.70000e+01
5.20000e-03	8.18796e-01	2.70000e+01
6.60000e-03	7.72254e-01	2.70000e+01
1.60000e-03	1.09109e+00	2.70000e+01
3.84000e-03	8.81868e-01	2.70000e+01
6.08000e-03	7.87981e-01	2.70000e+01
8.32000e-03	7.29478e-01	2.70000e+01
1.05600e-02	6.87819e-01	2.70000e+01
2.50000e-03	9.79137e-01	2.70000e+01
6.00000e-03	7.90548e-01	2.70000e+01
9.50000e-03	7.06013e-01	2.70000e+01
1.30000e-02	6.53367e-01	2.70000e+01
1.65000e-02	6.15894e-01	2.70000e+01
4.00000e-03	8.73113e-01	2.70000e+01
9.60000e-03	7.04191e-01	2.70000e+01
1.52000e-02	6.28553e-01	2.70000e+01
2.08000e-02	5.81475e-01	2.70000e+01
2.64000e-02	5.47979e-01	2.70000e+01
2.30000e-04	1.84862e+00	3.50000e+01
5.52000e-04	1.49752e+00	3.50000e+01
8.74000e-04	1.33960e+00	3.50000e+01
1.19600e-03	1.24107e+00	3.50000e+01
1.51800e-03	1.17086e+00	3.50000e+01
2.50000e-04	1.81208e+00	3.50000e+01
6.00000e-04	1.46761e+00	3.50000e+01
9.50000e-04	1.31270e+00	3.50000e+01
1.30000e-03	1.21607e+00	3.50000e+01
1.65000e-03	1.14721e+00	3.50000e+01
2.65500e-04	1.78615e+00	3.50000e+01
6.37200e-04	1.44638e+00	3.50000e+01
1.00890e-03	1.29362e+00	3.50000e+01
1.38060e-03	1.19833e+00	3.50000e+01
1.75230e-03	1.13044e+00	3.50000e+01
2.87000e-04	1.75310e+00	3.50000e+01
6.88800e-04	1.41934e+00	3.50000e+01
1.09060e-03	1.26931e+00	3.50000e+01
1.49240e-03	1.17574e+00	3.50000e+01
1.89420e-03	1.10907e+00	3.50000e+01
3.08000e-04	1.72364e+00	3.50000e+01
7.39200e-04	1.39523e+00	3.50000e+01
1.17040e-03	1.24764e+00	3.50000e+01
1.60160e-03	1.15560e+00	3.50000e+01
2.03280e-03	1.09003e+00	3.50000e+01
3.28500e-04	1.69716e+00	3.50000e+01
7.88400e-04	1.37358e+00	3.50000e+01
1.24830e-03	1.22818e+00	3.50000e+01
1.70820e-03	1.13752e+00	3.50000e+01
2.16810e-03	1.07293e+00	3.50000e+01
4.00000e-04	1.61860e+00	3.50000e+01
9.60000e-04	1.30936e+00	3.50000e+01
1.52000e-03	1.17048e+00	3.50000e+01
2.08000e-03	1.08391e+00	3.50000e+01
2.64000e-03	1.02225e+00	3.50000e+01
4.00000e-04	1.61860e+00	3.50000e+01
9.60000e-04	1.30936e+00	3.50000e+01
1.52000e-03	1.17048e+00	3.50000e+01
2.08000e-03	1.08391e+00	3.50000e+01
2.64000e-03	1.02225e+00	3.50000e+01
5.00000e-04	1.53377e+00	3.50000e+01
1.20000e-03	1.24006e+00	3.50000e+01
1.90000e-03	1.10824e+00	3.50000e+01
2.60000e-03	1.02609e+00	3.50000e+01
3.30000e-03	9.67592e-01	3.50000e+01
6.50000e-04	1.43943e+00	3.50000e+01
1.56000e-03	1.16307e+00	3.50000e+01
2.47000e-03	1.03911e+00	3.50000e+01
3.38000e-03	9.61895e-01	3.50000e+01
4.29000e-03	9.06920e-01	3.50000e+01
